w_real w_imag 
3.55271367880050e-15 1.20706246059399e+02 
3.55271367880050e-15 -1.20706246059399e+02 
-1.14575016141316e-13 1.19781704780797e+02 
-1.14575016141316e-13 -1.19781704780797e+02 
-2.84217094304040e-14 1.15260261269054e+02 
-2.84217094304040e-14 -1.15260261269054e+02 
-1.24344978758018e-14 1.16633753248013e+02 
-1.24344978758018e-14 -1.16633753248013e+02 
-2.04281036531029e-14 5.46321310427294e+01 
-2.04281036531029e-14 -5.46321310427294e+01 
-5.32907051820075e-15 5.45721591353839e+01 
-5.32907051820075e-15 -5.45721591353839e+01 
-5.32907051820075e-15 4.98892265037538e+01 
-5.32907051820075e-15 -4.98892265037538e+01 
-1.42108547152020e-14 4.40417820585890e+01 
-1.42108547152020e-14 -4.40417820585890e+01 
-2.13162820728030e-14 3.84666732613827e+01 
-2.13162820728030e-14 -3.84666732613827e+01 
-7.77156117237610e-16 3.76851734473526e+01 
-7.77156117237610e-16 -3.76851734473526e+01 
4.88498130835069e-15 3.14173936641827e+01 
4.88498130835069e-15 -3.14173936641827e+01 
-3.55271367880050e-15 2.51345999602173e+01 
-3.55271367880050e-15 -2.51345999602173e+01 
1.77635683940025e-15 1.88493768349753e+01 
1.77635683940025e-15 -1.88493768349753e+01 
0.00000000000000e+00 1.25663705312822e+01 
0.00000000000000e+00 -1.25663705312822e+01 
6.66133814775094e-16 6.28318532364839e+00 
6.66133814775094e-16 -6.28318532364839e+00 
-9.17565506265400e-14 0.00000000000000e+00 
5.19370430172800e-14 0.00000000000000e+00 
