w_real w_imag 
1.63424829224823e-13 1.43375802139281e+02 
1.63424829224823e-13 -1.43375802139281e+02 
1.49213974509621e-13 1.40297740761136e+02 
1.49213974509621e-13 -1.40297740761136e+02 
1.81188397618826e-13 1.33839540135645e+02 
1.81188397618826e-13 -1.33839540135645e+02 
1.52766688188422e-13 1.31805445684901e+02 
1.52766688188422e-13 -1.31805445684901e+02 
5.32907051820075e-15 5.95446239473322e+01 
5.32907051820075e-15 -5.95446239473322e+01 
3.55271367880050e-15 5.66635946671152e+01 
3.55271367880050e-15 -5.66635946671152e+01 
-1.59872115546023e-14 5.08305019796081e+01 
-1.59872115546023e-14 -5.08305019796081e+01 
5.86197757002083e-14 4.84607090554837e+01 
5.86197757002083e-14 -4.84607090554837e+01 
3.55271367880050e-15 4.25654454913934e+01 
3.55271367880050e-15 -4.25654454913934e+01 
-3.06421554796543e-14 3.76691643387727e+01 
-3.06421554796543e-14 -3.76691643387727e+01 
-1.24344978758018e-14 3.14146248478962e+01 
-1.24344978758018e-14 -3.14146248478962e+01 
-2.66453525910038e-15 2.51330542134277e+01 
-2.66453525910038e-15 -2.51330542134277e+01 
-1.19904086659517e-14 1.88495332234514e+01 
-1.19904086659517e-14 -1.88495332234514e+01 
3.77475828372553e-15 1.25663704705050e+01 
3.77475828372553e-15 -1.25663704705050e+01 
-1.77635683940025e-15 6.28318530712262e+00 
-1.77635683940025e-15 -6.28318530712262e+00 
-1.05070354443921e-13 0.00000000000000e+00 
2.14033857422258e-13 0.00000000000000e+00 
