w_real w_imag 
4.08562073062058e-14 9.60027524201344e+01 
4.08562073062058e-14 -9.60027524201344e+01 
3.55271367880050e-14 9.57455158931492e+01 
3.55271367880050e-14 -9.57455158931492e+01 
2.48689957516035e-14 9.41506519523848e+01 
2.48689957516035e-14 -9.41506519523848e+01 
-1.59872115546023e-14 9.43266834181120e+01 
-1.59872115546023e-14 -9.43266834181120e+01 
-7.10542735760100e-15 5.14366310111832e+01 
-7.10542735760100e-15 -5.14366310111832e+01 
-3.55271367880050e-15 4.87254932374722e+01 
-3.55271367880050e-15 -4.87254932374722e+01 
4.21884749357559e-15 4.71736580682620e+01 
4.21884749357559e-15 -4.71736580682620e+01 
0.00000000000000e+00 4.36319389429266e+01 
0.00000000000000e+00 -4.36319389429266e+01 
8.88178419700125e-16 3.75030765155572e+01 
8.88178419700125e-16 -3.75030765155572e+01 
0.00000000000000e+00 3.13797136387619e+01 
0.00000000000000e+00 -3.13797136387619e+01 
5.32907051820075e-15 2.91685032168810e+01 
5.32907051820075e-15 -2.91685032168810e+01 
4.44089209850063e-15 2.51280639794660e+01 
4.44089209850063e-15 -2.51280639794660e+01 
3.33066907387547e-15 1.88477891210122e+01 
3.33066907387547e-15 -1.88477891210122e+01 
-2.22044604925031e-16 1.25663077242013e+01 
-2.22044604925031e-16 -1.25663077242013e+01 
1.55431223447522e-15 6.28318486468238e+00 
1.55431223447522e-15 -6.28318486468238e+00 
2.11864500657538e-15 1.92267660878379e-14 
2.11864500657538e-15 -1.92267660878379e-14 
