w_real w_imag 
-3.06953320261972e+01 9.72173731031510e+01 
-3.06953320261972e+01 -9.72173731031510e+01 
-3.26401997908791e+01 9.43667087149259e+01 
-3.26401997908791e+01 -9.43667087149259e+01 
-2.81993946259206e+01 9.56996453474692e+01 
-2.81993946259206e+01 -9.56996453474692e+01 
-2.95024309094360e+01 9.24624093838390e+01 
-2.95024309094360e+01 -9.24624093838390e+01 
-2.14068534112793e+00 5.12657812888889e+01 
-2.14068534112793e+00 -5.12657812888889e+01 
-7.21352241549870e+00 4.87025225435020e+01 
-7.21352241549870e+00 -4.87025225435020e+01 
-6.21077723008684e-01 4.83794614252342e+01 
-6.21077723008684e-01 -4.83794614252342e+01 
-1.74163282394528e-01 4.33101421326440e+01 
-1.74163282394528e-01 -4.33101421326440e+01 
-1.75749701228032e+01 3.22888804487272e+01 
-1.75749701228032e+01 -3.22888804487272e+01 
-5.24938195160196e-04 3.75226314610516e+01 
-5.24938195160196e-04 -3.75226314610516e+01 
-2.28314531352956e+01 0.00000000000000e+00 
-4.12717905181159e-03 3.13772602799135e+01 
-4.12717905181159e-03 -3.13772602799135e+01 
-1.26270061778966e-03 2.51251379823742e+01 
-1.26270061778966e-03 -2.51251379823742e+01 
-3.69548227041605e-06 1.88485888405939e+01 
-3.69548227041605e-06 -1.88485888405939e+01 
-1.91690536696286e-15 0.00000000000000e+00 
-7.28469408128873e-08 6.28318492375135e+00 
-7.28469408128873e-08 -6.28318492375135e+00 
-3.86757207393451e-06 1.25663229076782e+01 
-3.86757207393451e-06 -1.25663229076782e+01 
