w_real w_imag 
-5.20156967291846e+01 1.46639858816244e+02 
-5.20156967291846e+01 -1.46639858816244e+02 
-4.00464752595059e+01 1.42992947172005e+02 
-4.00464752595059e+01 -1.42992947172005e+02 
-5.63495948667115e+01 1.28377199712747e+02 
-5.63495948667115e+01 -1.28377199712747e+02 
-3.84905071636791e+01 1.28420069893118e+02 
-3.84905071636791e+01 -1.28420069893118e+02 
-4.42651866451604e+01 0.00000000000000e+00 
-1.98909647453874e+01 5.70477322650293e+01 
-1.98909647453874e+01 -5.70477322650293e+01 
-5.05634489491908e+00 6.25058951864126e+01 
-5.05634489491908e+00 -6.25058951864126e+01 
-1.81565395260648e+00 5.80177245943787e+01 
-1.81565395260648e+00 -5.80177245943787e+01 
-1.19300108608381e+00 5.14456942731008e+01 
-1.19300108608381e+00 -5.14456942731008e+01 
-8.34718576400659e-01 4.38132796647636e+01 
-8.34718576400659e-01 -4.38132796647636e+01 
-5.35842395355175e-02 3.76330915029505e+01 
-5.35842395355175e-02 -3.76330915029505e+01 
-5.10688853217367e-03 3.14113180927528e+01 
-5.10688853217367e-03 -3.14113180927528e+01 
-8.01816770608532e-04 2.51324512233237e+01 
-8.01816770608532e-04 -2.51324512233237e+01 
-1.49982013031291e-05 1.88495185054174e+01 
-1.49982013031291e-05 -1.88495185054174e+01 
-3.46012094532000e-08 1.25663703336471e+01 
-3.46012094532000e-08 -1.25663703336471e+01 
-2.77132712638453e-15 0.00000000000000e+00 
-8.37507840856233e-12 6.28318530707380e+00 
-8.37507840856233e-12 -6.28318530707380e+00 
