w_real w_imag 
-4.50386870377433e+01 1.24839778090959e+02 
-4.50386870377433e+01 -1.24839778090959e+02 
-3.80566153787764e+01 1.25826125196439e+02 
-3.80566153787764e+01 -1.25826125196439e+02 
-3.56418567556640e+01 1.18343880723985e+02 
-3.56418567556640e+01 -1.18343880723985e+02 
-4.36515895131927e+01 1.14927427014574e+02 
-4.36515895131927e+01 -1.14927427014574e+02 
-6.20909326548734e+00 5.72044518005786e+01 
-6.20909326548734e+00 -5.72044518005786e+01 
-2.08049712335800e+00 5.56065106443267e+01 
-2.08049712335800e+00 -5.56065106443267e+01 
-1.99042577673625e+01 4.54318149362586e+01 
-1.99042577673625e+01 -4.54318149362586e+01 
-1.04495414002387e+00 5.04283798965365e+01 
-1.04495414002387e+00 -5.04283798965365e+01 
-3.30838086701369e+01 0.00000000000000e+00 
-8.26964860142487e-01 4.37785797025807e+01 
-8.26964860142487e-01 -4.37785797025807e+01 
-4.49723338791648e-02 3.75615558769478e+01 
-4.49723338791648e-02 -3.75615558769478e+01 
-1.55417661298518e-03 3.13995172745571e+01 
-1.55417661298518e-03 -3.13995172745571e+01 
-1.52205202041955e-05 2.51312315448433e+01 
-1.52205202041955e-05 -2.51312315448433e+01 
-4.36720285890146e-06 1.88494721971894e+01 
-4.36720285890146e-06 -1.88494721971894e+01 
-9.84863137709624e-08 1.25663687389771e+01 
-9.84863137709624e-08 -1.25663687389771e+01 
4.51438900374996e-15 0.00000000000000e+00 
-2.24895879696874e-10 6.28318530391953e+00 
-2.24895879696874e-10 -6.28318530391953e+00 
