w_real w_imag 
-1.35225164399344e-13 1.37968405851525e+02 
-1.35225164399344e-13 -1.37968405851525e+02 
-4.28546087505310e-14 1.37758160306165e+02 
-4.28546087505310e-14 -1.37758160306165e+02 
-2.13162820728030e-13 1.32879979449174e+02 
-2.13162820728030e-13 -1.32879979449174e+02 
-7.63833440942108e-14 1.33488792312383e+02 
-7.63833440942108e-14 -1.33488792312383e+02 
-8.88178419700125e-15 5.55183491153985e+01 
-8.88178419700125e-15 -5.55183491153985e+01 
-1.77635683940025e-14 5.54659940738623e+01 
-1.77635683940025e-14 -5.54659940738623e+01 
8.88178419700125e-16 5.07634671463853e+01 
8.88178419700125e-16 -5.07634671463853e+01 
-2.13162820728030e-14 4.60085401693637e+01 
-2.13162820728030e-14 -4.60085401693637e+01 
2.66453525910038e-15 3.75400789139135e+01 
2.66453525910038e-15 -3.75400789139135e+01 
-3.64153152077051e-14 3.73035591003578e+01 
-3.64153152077051e-14 -3.73035591003578e+01 
7.99360577730113e-15 3.13996505601113e+01 
7.99360577730113e-15 -3.13996505601113e+01 
4.44089209850063e-15 2.51312463623291e+01 
4.44089209850063e-15 -2.51312463623291e+01 
-1.33226762955019e-15 1.88494675435097e+01 
-1.33226762955019e-15 -1.88494675435097e+01 
-1.33226762955019e-15 1.25663687275898e+01 
-1.33226762955019e-15 -1.25663687275898e+01 
6.43929354282591e-15 6.28318530400914e+00 
6.43929354282591e-15 -6.28318530400914e+00 
-6.27036569398892e-14 0.00000000000000e+00 
-1.52750301755677e-14 0.00000000000000e+00 
