w_real w_imag 
-1.77635683940025e-13 1.59577344118228e+02 
-1.77635683940025e-13 -1.59577344118228e+02 
-2.48689957516035e-14 1.55891637934551e+02 
-2.48689957516035e-14 -1.55891637934551e+02 
-2.84217094304040e-14 1.49828571029446e+02 
-2.84217094304040e-14 -1.49828571029446e+02 
4.44089209850063e-14 1.47005231540002e+02 
4.44089209850063e-14 -1.47005231540002e+02 
1.77635683940025e-14 6.11727990987078e+01 
1.77635683940025e-14 -6.11727990987078e+01 
1.60982338570648e-15 5.80763807869201e+01 
1.60982338570648e-15 -5.80763807869201e+01 
8.88178419700125e-15 5.20364949043089e+01 
8.88178419700125e-15 -5.20364949043089e+01 
-2.13162820728030e-14 5.10238047425191e+01 
-2.13162820728030e-14 -5.10238047425191e+01 
1.47104550762833e-14 4.13440127983642e+01 
1.47104550762833e-14 -4.13440127983642e+01 
8.65973959207622e-15 3.76153780360285e+01 
8.65973959207622e-15 -3.76153780360285e+01 
8.88178419700125e-15 3.14121348473332e+01 
8.88178419700125e-15 -3.14121348473332e+01 
1.19904086659517e-14 2.51334902859261e+01 
1.19904086659517e-14 -2.51334902859261e+01 
3.10862446895044e-15 1.88495052872988e+01 
3.10862446895044e-15 -1.88495052872988e+01 
1.73194791841524e-14 1.25663703305585e+01 
1.73194791841524e-14 -1.25663703305585e+01 
9.76996261670138e-15 6.28318530707733e+00 
9.76996261670138e-15 -6.28318530707733e+00 
-1.45784540657760e-14 3.92059192617970e-14 
-1.45784540657760e-14 -3.92059192617970e-14 
