w_real w_imag 
-4.97379915032070e-14 1.07107906634728e+02 
-4.97379915032070e-14 -1.07107906634728e+02 
-5.86197757002083e-14 1.06461720605926e+02 
-5.86197757002083e-14 -1.06461720605926e+02 
-4.97379915032070e-14 1.05076865580233e+02 
-4.97379915032070e-14 -1.05076865580233e+02 
-4.26325641456060e-14 1.05703676179984e+02 
-4.26325641456060e-14 -1.05703676179984e+02 
-1.59872115546023e-14 5.08939958897770e+01 
-1.59872115546023e-14 -5.08939958897770e+01 
-7.99360577730113e-15 4.84430937074878e+01 
-7.99360577730113e-15 -4.84430937074878e+01 
-1.42108547152020e-14 4.65090037543292e+01 
-1.42108547152020e-14 -4.65090037543292e+01 
-5.32907051820075e-15 4.34569259237186e+01 
-5.32907051820075e-15 -4.34569259237186e+01 
-4.44089209850063e-15 3.75221243342229e+01 
-4.44089209850063e-15 -3.75221243342229e+01 
1.77635683940025e-15 3.13771036758082e+01 
1.77635683940025e-15 -3.13771036758082e+01 
-2.39808173319034e-14 2.90462379934457e+01 
-2.39808173319034e-14 -2.90462379934457e+01 
-1.88737914186277e-15 2.51259446785325e+01 
-1.88737914186277e-15 -2.51259446785325e+01 
-1.06581410364015e-14 1.88485828632022e+01 
-1.06581410364015e-14 -1.88485828632022e+01 
1.66533453693773e-16 1.25663222706218e+01 
1.66533453693773e-16 -1.25663222706218e+01 
3.83026943495679e-15 6.28318495018684e+00 
3.83026943495679e-15 -6.28318495018684e+00 
-2.05579653028858e-14 2.90130548167924e-14 
-2.05579653028858e-14 -2.90130548167924e-14 
