w_real w_imag 
-9.36272476089590e+01 0.00000000000000e+00 
-8.68693736298332e+01 2.84761217905239e+01 
-8.68693736298332e+01 -2.84761217905239e+01 
-7.00172141205688e+01 4.91773678502531e+01 
-7.00172141205688e+01 -4.91773678502531e+01 
-5.00911398169628e+01 5.95765185048051e+01 
-5.00911398169628e+01 -5.95765185048051e+01 
-3.24194292888009e+01 6.19981411131271e+01 
-3.24194292888009e+01 -6.19981411131271e+01 
-1.89453298816787e+01 6.01070902092714e+01 
-1.89453298816787e+01 -6.01070902092714e+01 
-9.69085193812352e+00 5.66331275502894e+01 
-9.69085193812352e+00 -5.66331275502894e+01 
-4.11787978594542e+00 5.26234139973781e+01 
-4.11787978594542e+00 -5.26234139973781e+01 
-1.24051944258150e+00 4.81696066812450e+01 
-1.24051944258150e+00 -4.81696066812450e+01 
-1.51479107849394e-01 4.31954639719637e+01 
-1.51479107849394e-01 -4.31954639719637e+01 
-4.28798419075171e-04 3.75229528868919e+01 
-4.28798419075171e-04 -3.75229528868919e+01 
-8.22059718722556e-03 3.13777277923358e+01 
-8.22059718722556e-03 -3.13777277923358e+01 
-1.35069852756331e-03 2.51242186541727e+01 
-1.35069852756331e-03 -2.51242186541727e+01 
-2.33122913773087e-06 1.88485904046665e+01 
-2.33122913773087e-06 -1.88485904046665e+01 
1.01233031858291e-14 0.00000000000000e+00 
-1.07993611386803e-07 6.28318487180700e+00 
-1.07993611386803e-07 -6.28318487180700e+00 
-7.16717885995699e-06 1.25663246317408e+01 
-7.16717885995699e-06 -1.25663246317408e+01 
