w_real w_imag 
-1.39599333995324e+02 0.00000000000000e+00 
-1.25344998447072e+02 4.72511535034616e+01 
-1.25344998447072e+02 -4.72511535034616e+01 
-9.27150092782248e+01 7.56727192331258e+01 
-9.27150092782248e+01 -7.56727192331258e+01 
-5.95682666486281e+01 8.32418493583394e+01 
-5.95682666486281e+01 -8.32418493583394e+01 
-3.50425824849130e+01 7.89976263374138e+01 
-3.50425824849130e+01 -7.89976263374138e+01 
-1.93046457949694e+01 7.09962006713232e+01 
-1.93046457949694e+01 -7.09962006713232e+01 
-9.81283133948428e+00 6.29926116929879e+01 
-9.81283133948428e+00 -6.29926116929879e+01 
-4.40865497593148e+00 5.59404207417568e+01 
-4.40865497593148e+00 -5.59404207417568e+01 
-1.61519904435040e+00 4.96362773726017e+01 
-1.61519904435040e+00 -4.96362773726017e+01 
-4.13355258968896e-01 4.36397107041157e+01 
-4.13355258968896e-01 -4.36397107041157e+01 
-5.76646640087821e-02 3.75953621245435e+01 
-5.76646640087821e-02 -3.75953621245435e+01 
-3.04188222570101e-03 3.13991287600158e+01 
-3.04188222570101e-03 -3.13991287600158e+01 
-1.23756272026321e-05 2.51312222664565e+01 
-1.23756272026321e-05 -2.51312222664565e+01 
-3.36563135938661e-06 1.88494747163271e+01 
-3.36563135938661e-06 -1.88494747163271e+01 
1.69678040788352e-15 0.00000000000000e+00 
-3.18765014384326e-10 6.28318530375513e+00 
-3.18765014384326e-10 -6.28318530375513e+00 
-1.89473859935063e-07 1.25663687714048e+01 
-1.89473859935063e-07 -1.25663687714048e+01 
