w_real w_imag 
-1.78182389918777e+02 0.00000000000000e+00 
-1.55085158030632e+02 6.61574185296606e+01 
-1.55085158030632e+02 -6.61574185296606e+01 
-1.05729858647876e+02 9.95616500484032e+01 
-1.05729858647876e+02 -9.95616500484032e+01 
-6.14389114750420e+01 1.01599405322299e+02 
-6.14389114750420e+01 -1.01599405322299e+02 
-3.31000535275165e+01 9.03862548027531e+01 
-3.31000535275165e+01 -9.03862548027531e+01 
-1.71486338851902e+01 7.75181276936315e+01 
-1.71486338851902e+01 -7.75181276936315e+01 
-8.43870186524024e+00 6.65861307053602e+01 
-8.43870186524024e+00 -6.65861307053602e+01 
-3.78093035225170e+00 5.78065716535322e+01 
-3.78093035225170e+00 -5.78065716535322e+01 
-1.44200156187667e+00 5.05002076285978e+01 
-1.44200156187667e+00 -5.05002076285978e+01 
-4.21908237404833e-01 4.39557370026013e+01 
-4.21908237404833e-01 -4.39557370026013e+01 
-8.26912157646928e-02 3.76702305514323e+01 
-8.26912157646928e-02 -3.76702305514323e+01 
-9.50361709503156e-03 3.14090941223160e+01 
-9.50361709503156e-03 -3.14090941223160e+01 
-5.56729445361670e-04 2.51320473137236e+01 
-5.56729445361670e-04 -2.51320473137236e+01 
-1.29770802521634e-05 1.88495281610686e+01 
-1.29770802521634e-05 -1.88495281610686e+01 
-6.75993370169437e-08 1.25663703426266e+01 
-6.75993370169437e-08 -1.25663703426266e+01 
1.07225768435210e-15 0.00000000000000e+00 
-1.15257803301461e-11 6.28318530706762e+00 
-1.15257803301461e-11 -6.28318530706762e+00 
