Data Format: k_val_normalized w_real_normalized w_imag 
num_pts 435 
0.00000000000000e+00 3.12450891764514e-17 2.35623750167403e-14 
7.15931533903884e-03 7.15931533903882e-03 1.94369091000995e-14 
1.43186306780777e-02 1.43186306780778e-02 3.31382974862976e-15 
2.14779460171165e-02 2.14779460171165e-02 -9.47527995912325e-16 
2.86372613561554e-02 2.86372613561554e-02 1.79603029117863e-14 
3.57965766951942e-02 3.57965766951940e-02 1.44402693874717e-14 
4.29558920342330e-02 4.29558920342325e-02 -3.46415970225048e-15 
5.01152073732719e-02 5.01152073732689e-02 -7.50165223062440e-15 
5.72745227123107e-02 5.72745227123009e-02 -4.52678561213335e-14 
6.44338380513496e-02 6.44338380513208e-02 -1.48120029020506e-13 
7.15931533903884e-02 7.15931533903140e-02 -4.20575916948249e-13 
7.87524687294272e-02 7.87524687292528e-02 -1.08095322097044e-12 
8.59117840684661e-02 8.59117840680866e-02 -2.60469892437369e-12 
9.30710994075049e-02 9.30710994067308e-02 -5.75872893004206e-12 
1.00230414746544e-01 1.00230414745047e-01 -1.20745572540759e-11 
1.07389730085583e-01 1.07389730082821e-01 -2.39836243920502e-11 
1.14549045424621e-01 1.14549045419729e-01 -4.55596377348867e-11 
1.21708360763660e-01 1.21708360755297e-01 -8.31077875278207e-11 
1.28867676102699e-01 1.28867676088852e-01 -1.46448108420110e-10 
1.36026991441738e-01 1.36026991419452e-01 -2.50089583704464e-10 
1.43186306780777e-01 1.43186306745816e-01 -4.15247641291151e-10 
1.50345622119816e-01 1.50345622066228e-01 -6.72228000623440e-10 
1.57504937458854e-01 1.57504937378428e-01 -1.06351875256198e-09 
1.64664252797893e-01 1.64664252679492e-01 -1.64755863621430e-09 
1.71823568136932e-01 1.71823567965682e-01 -2.50374363869938e-09 
1.78982883475971e-01 1.78982883232290e-01 -3.73811530863065e-09 
1.86142198815010e-01 1.86142198473460e-01 -5.49069957510873e-09 
1.93301514154049e-01 1.93301513681988e-01 -7.94386837058209e-09 
2.00460829493088e-01 2.00460828849120e-01 -1.13328095018391e-08 
2.07620144832126e-01 2.07620143964313e-01 -1.59573297632732e-08 
2.14779460171165e-01 2.14779459015010e-01 -2.21959946630345e-08 
2.21938775510204e-01 2.21938773986394e-01 -3.05224408205438e-08 
2.29098090849243e-01 2.29098088861139e-01 -4.15240551295421e-08 
2.36257406188282e-01 2.36257403619165e-01 -5.59233878467852e-08 
2.43416721527321e-01 2.43416718237410e-01 -7.46024598716229e-08 
2.50576036866359e-01 2.50576032689601e-01 -9.86299214025581e-08 
2.57735352205398e-01 2.57735346946071e-01 -1.29291774204409e-07 
2.64894667544437e-01 2.64894660973594e-01 -1.68125282155293e-07 
2.72053982883476e-01 2.72053974735275e-01 -2.16956543966027e-07 
2.79213298222515e-01 2.79213288190497e-01 -2.77941651949255e-07 
2.86372613561554e-01 2.86372601294935e-01 -3.53611836922462e-07 
2.93531928900592e-01 2.93531914000657e-01 -4.46922216853712e-07 
3.00691244239631e-01 3.00691226256330e-01 -5.61304555384387e-07 
3.07850559578670e-01 3.07850538007536e-01 -7.00723793325903e-07 
3.15009874917709e-01 3.15009849197221e-01 -8.69738255454437e-07 
3.22169190256748e-01 3.22169159766298e-01 -1.07356347242550e-06 
3.29328505595787e-01 3.29328469654417e-01 -1.31813949610476e-06 
3.36487820934826e-01 3.36487778800916e-01 -1.61020091545785e-06 
3.43647136273864e-01 3.43647087145982e-01 -1.95735021562421e-06 
3.50806451612903e-01 3.50806394632032e-01 -2.36813283943334e-06 
3.57965766951942e-01 3.57965701205326e-01 -2.85211433861725e-06 
3.65125082290981e-01 3.65125006817848e-01 -3.41995865125562e-06 
3.72284397630020e-01 3.72284311429444e-01 -4.08350672044572e-06 
3.79443712969059e-01 3.79443615010250e-01 -4.85585494842799e-06 
3.86603028308097e-01 3.86602917543422e-01 -5.75143231813547e-06 
3.93762343647136e-01 3.93762219028156e-01 -6.78607519406490e-06 
4.00921658986175e-01 4.00921519483035e-01 -7.97709904354013e-06 
4.08080974325214e-01 4.08080818949680e-01 -9.34336546332063e-06 
4.15240289664253e-01 4.15240117496729e-01 -1.09053433968708e-05 
4.22399605003292e-01 4.22399415224110e-01 -1.26851633112236e-05 
4.29558920342330e-01 4.29558712267634e-01 -1.47066625787966e-05 
4.36718235681369e-01 4.36718008803859e-01 -1.69954207040812e-05 
4.43877551020408e-01 4.43877305055234e-01 -1.95787826850306e-05 
4.51036866359447e-01 4.51036601295482e-01 -2.24858687287821e-05 
4.58196181698486e-01 4.58195897855178e-01 -2.57475688843876e-05 
4.65355497037525e-01 4.65355195127516e-01 -2.93965201046352e-05 
4.72514812376564e-01 4.72514493574176e-01 -3.34670646433247e-05 
4.79674127715602e-01 4.79673793731270e-01 -3.79951873779185e-05 
4.86833443054641e-01 4.86833096215264e-01 -4.30184303448268e-05 
4.93992758393680e-01 4.93992401728848e-01 -4.85757827301907e-05 
5.01152073732719e-01 5.01151711066614e-01 -5.47075440919025e-05 
5.08311389071758e-01 5.08311025120505e-01 -6.14551594961976e-05 
5.15470704410797e-01 5.15470344884873e-01 -6.88610244333579e-05 
5.22630019749835e-01 5.22629671461075e-01 -7.69682581077449e-05 
5.29789335088874e-01 5.29789006061456e-01 -8.58204436718024e-05 
5.36948650427913e-01 5.36948350012576e-01 -9.54613336308095e-05 
5.44107965766952e-01 5.44107704757551e-01 -1.05934519806777e-04 
5.51267281105991e-01 5.51267071857322e-01 -1.17283066525654e-04 
5.58426596445030e-01 5.58426452990695e-01 -1.29549106297782e-04 
5.65585911784068e-01 5.65585849952954e-01 -1.42773397931603e-04 
5.72745227123107e-01 5.72745264652854e-01 -1.56994846564394e-04 
5.79904542462146e-01 5.79904699107789e-01 -1.72249985790298e-04 
5.87063857801185e-01 5.87064155436908e-01 -1.88572422961983e-04 
5.94223173140224e-01 5.94223635851945e-01 -2.05992248233169e-04 
6.01382488479263e-01 6.01383142645538e-01 -2.24535408921074e-04 
6.08541803818301e-01 6.08542678176768e-01 -2.44223051379916e-04 
6.15701119157340e-01 6.15702244853666e-01 -2.65070832645352e-04 
6.22860434496379e-01 6.22861845112429e-01 -2.87088205211571e-04 
6.30019749835418e-01 6.30021481393053e-01 -3.10277678302788e-04 
6.37179065174457e-01 6.37181156111118e-01 -3.34634060302987e-04 
6.44338380513496e-01 6.44340871625443e-01 -3.60143687427312e-04 
6.51497695852535e-01 6.51500630201298e-01 -3.86783644150838e-04 
6.58657011191573e-01 6.58660433968922e-01 -4.14520982052148e-04 
6.65816326530612e-01 6.65820284877025e-01 -4.43311944555832e-04 
6.72975641869651e-01 6.72980184641004e-01 -4.73101205845976e-04 
6.80134957208690e-01 6.80140134685583e-01 -5.03821132397690e-04 
6.87294272547729e-01 6.87300136081608e-01 -5.35391077901094e-04 
6.94453587886768e-01 6.94460189476711e-01 -5.67716721895558e-04 
7.01612903225806e-01 7.01620295019606e-01 -6.00689463969013e-04 
7.08772218564845e-01 7.08780452277754e-01 -6.34185886734939e-04 
7.15931533903884e-01 7.15940660148182e-01 -6.68067300735311e-04 
7.23090849242923e-01 7.23100916761230e-01 -7.02179386496353e-04 
7.30250164581962e-01 7.30261219377057e-01 -7.36351949288425e-04 
7.37409479921001e-01 7.37421564274732e-01 -7.70398803631270e-04 
7.44568795260039e-01 7.44581946633774e-01 -8.04117804756338e-04 
7.51728110599078e-01 7.51742360408053e-01 -8.37291046669060e-04 
7.58887425938117e-01 7.58902798191974e-01 -8.69685245743988e-04 
7.66046741277156e-01 7.66063251078928e-01 -9.01052331206938e-04 
7.73206056616195e-01 7.73223708512027e-01 -9.31130263696680e-04 
7.80365371955234e-01 7.80384158127187e-01 -9.59644104811461e-04 
7.87524687294272e-01 7.87544585588690e-01 -9.86307360901491e-04 
7.94684002633311e-01 7.94704974417392e-01 -1.01082362505700e-03 
8.01843317972350e-01 8.01865305811823e-01 -1.03288854251501e-03 
8.09002633311389e-01 8.09025558462484e-01 -1.05219212465139e-03 
8.16161948650428e-01 8.16185708359715e-01 -1.06842143773806e-03 
8.23321263989467e-01 8.23345728595588e-01 -1.08126369265817e-03 
8.30480579328506e-01 8.30505589160358e-01 -1.09040976251256e-03 
8.37639894667544e-01 8.37665256734089e-01 -1.09555815441409e-03 
8.44799210006583e-01 8.44824694474149e-01 -1.09641946288185e-03 
8.51958525345622e-01 8.51983861799400e-01 -1.09272133059736e-03 
8.59117840684661e-01 8.59142714171930e-01 -1.08421394308295e-03 
8.66277156023700e-01 8.66301202877384e-01 -1.07067608255395e-03 
8.73436471362739e-01 8.73459274804926e-01 -1.05192176545078e-03 
8.80595786701777e-01 8.80616872228098e-01 -1.02780748674773e-03 
8.87755102040816e-01 8.87773932587832e-01 -9.98240093584839e-04 
8.94914417379855e-01 8.94930388279077e-01 -9.63185307590504e-04 
9.02073732718894e-01 9.02086166442542e-01 -9.22676914293408e-04 
9.09233048057933e-01 9.09241188763209e-01 -8.76826635468324e-04 
9.16392363396972e-01 9.16395371277350e-01 -8.25834696620723e-04 
9.23551678736011e-01 9.23548624189899e-01 -7.70001100051586e-04 
9.30710994075049e-01 9.30700851704108e-01 -7.09737608664371e-04 
9.37870309414088e-01 9.37851951865555e-01 -6.45580443521726e-04 
9.45029624753127e-01 9.45001816422590e-01 -5.78203692433067e-04 
9.52188940092166e-01 9.52150330705441e-01 -5.08433422402493e-04 
9.59348255431205e-01 9.59297373526206e-01 -4.37262484211204e-04 
9.66507570770244e-01 9.66442817102102e-01 -3.65865990857132e-04 
9.73666886109282e-01 9.73586527004222e-01 -2.95617446633356e-04 
9.80826201448321e-01 9.80728362134240e-01 -2.28105496107020e-04 
9.87985516787360e-01 9.87868174731370e-01 -1.65151257102031e-04 
9.95144832126399e-01 9.95005810411933e-01 -1.08826193619060e-04 
1.00230414746544e+00 1.00214110824377e+00 -6.14704783783201e-05 
1.00946346280448e+00 1.00927390085775e+00 -2.57117868384101e-05 
1.01662277814352e+00 1.01640401459843e+00 -4.48445746517712e-06 
1.02378209348255e+00 1.02353126971579e+00 -1.04894606380498e-06 
1.03094140882159e+00 1.03065548060002e+00 -1.90114934773129e-05 
1.03810072416063e+00 1.03777645606057e+00 -6.23439206653493e-05 
1.04526003949967e+00 1.04489399965132e+00 -1.35403456830778e-04 
1.05241935483871e+00 1.05200791004253e+00 -2.42952500706513e-04 
1.05957867017775e+00 1.05911798144060e+00 -3.90178209088955e-04 
1.06673798551679e+00 1.06622400405609e+00 -5.82711802237560e-04 
1.07389730085583e+00 1.07332576462001e+00 -8.26647469629452e-04 
1.08105661619486e+00 1.08042304694825e+00 -1.12856075884397e-03 
1.08821593153390e+00 1.08751563255333e+00 -1.49552632516011e-03 
1.09537524687294e+00 1.09460330130243e+00 -1.93513492065793e-03 
1.10253456221198e+00 1.10168583212015e+00 -2.45550950001865e-03 
1.10969387755102e+00 1.10876300373394e+00 -3.06532032284395e-03 
1.11685319289006e+00 1.11583459545970e+00 -3.77379893412324e-03 
1.12401250822910e+00 1.12290038802465e+00 -4.59075091034731e-03 
1.13117182356814e+00 1.12996016442414e+00 -5.52656726283715e-03 
1.13833113890718e+00 1.13701371080830e+00 -6.59223439911146e-03 
1.14549045424621e+00 1.14406081739458e+00 -7.79934255133816e-03 
1.15264976958525e+00 1.15110127940140e+00 -9.16009259069154e-03 
1.15980908492429e+00 1.15813489799780e+00 -1.06873011602118e-02 
1.16696840026333e+00 1.16516148126401e+00 -1.23944040694652e-02 
1.17412771560237e+00 1.17218084515720e+00 -1.42954579110860e-02 
1.18128703094141e+00 1.17919281447673e+00 -1.64051398724472e-02 
1.18844634628045e+00 1.18619722382291e+00 -1.87387457330629e-02 
1.19560566161949e+00 1.19319391854347e+00 -2.13121860541980e-02 
1.20276497695853e+00 1.20018275566145e+00 -2.41419805848621e-02 
1.20992429229756e+00 1.20716360477894e+00 -2.72452509242140e-02 
1.21708360763660e+00 1.21413634895054e+00 -3.06397114981115e-02 
1.22424292297564e+00 1.22110088552122e+00 -3.43436589241638e-02 
1.23140223831468e+00 1.22805712692303e+00 -3.83759598538618e-02 
1.23856155365372e+00 1.23500500142589e+00 -4.27560373967909e-02 
1.24572086899276e+00 1.24194445383762e+00 -4.75038562444767e-02 
1.25288018433180e+00 1.24887544614935e+00 -5.26399066244644e-02 
1.26003949967084e+00 1.25579795812227e+00 -5.81851872240388e-02 
1.26719881500987e+00 1.26271198781306e+00 -6.41611872350710e-02 
1.27435813034891e+00 1.26961755203494e+00 -7.05898676754854e-02 
1.28151744568795e+00 1.27651468675270e+00 -7.74936421497729e-02 
1.28867676102699e+00 1.28340344741020e+00 -8.48953572145717e-02 
1.29583607636603e+00 1.29028390918951e+00 -9.28182725149986e-02 
1.30299539170507e+00 1.29715616720147e+00 -1.01286040858907e-01 
1.31015470704411e+00 1.30402033660813e+00 -1.10322688392162e-01 
1.31731402238315e+00 1.31087655267791e+00 -1.19952595035456e-01 
1.32447333772219e+00 1.31772497077492e+00 -1.30200475334959e-01 
1.33163265306122e+00 1.32456576628442e+00 -1.41091359875614e-01 
1.33879196840026e+00 1.33139913447679e+00 -1.52650577392742e-01 
1.34595128373930e+00 1.33822529031268e+00 -1.64903737712163e-01 
1.35311059907834e+00 1.34504446819274e+00 -1.77876715635392e-01 
1.36026991441738e+00 1.35185692165492e+00 -1.91595635876088e-01 
1.36742922975642e+00 1.35866292302356e+00 -2.06086859143388e-01 
1.37458854509546e+00 1.36546276301361e+00 -2.21376969452323e-01 
1.38174786043450e+00 1.37225675029438e+00 -2.37492762732843e-01 
1.38890717577354e+00 1.37904521101674e+00 -2.54461236793246e-01 
1.39606649111257e+00 1.38582848830790e+00 -2.72309582683923e-01 
1.40322580645161e+00 1.39260694173798e+00 -2.91065177494849e-01 
1.41038512179065e+00 1.39938094676246e+00 -3.10755578607523e-01 
1.41754443712969e+00 1.40615089414443e+00 -3.31408519413333e-01 
1.42470375246873e+00 1.41291718936061e+00 -3.53051906498876e-01 
1.43186306780777e+00 1.41968025199485e+00 -3.75713818289222e-01 
1.43902238314681e+00 1.42644051512259e+00 -3.99422505131863e-01 
1.44618169848585e+00 1.43319842468982e+00 -4.24206390796816e-01 
1.45334101382488e+00 1.43995443888948e+00 -4.50094075359488e-01 
1.46050032916392e+00 1.44670902753835e+00 -4.77114339429227e-01 
1.46765964450296e+00 1.45346267145708e+00 -5.05296149679035e-01 
1.47481895984200e+00 1.46021586185571e+00 -5.34668665628324e-01 
1.48197827518104e+00 1.46696909972706e+00 -5.65261247627653e-01 
1.48913759052008e+00 1.47372289524970e+00 -5.97103465989314e-01 
1.49629690585912e+00 1.48047776720240e+00 -6.30225111207391e-01 
1.50345622119816e+00 1.48723424239135e+00 -6.64656205208545e-01 
1.51061553653720e+00 1.49399285509157e+00 -7.00427013572945e-01 
1.51777485187623e+00 1.50075414650332e+00 -7.37568058665438e-01 
1.52493416721527e+00 1.50751866422446e+00 -7.76110133616198e-01 
1.53209348255431e+00 1.51428696173922e+00 -8.16084317090934e-01 
1.53925279789335e+00 1.52105959792395e+00 -8.57521988790808e-01 
1.54641211323239e+00 1.52783713656991e+00 -9.00454845623590e-01 
1.55357142857143e+00 1.53462014592320e+00 -9.44914918489362e-01 
1.56073074391047e+00 1.54140919824181e+00 -9.90934589624164e-01 
1.56789005924951e+00 1.54820486936945e+00 -1.03854661044746e+00 
1.57504937458854e+00 1.55500773832580e+00 -1.08778411986182e+00 
1.58220868992758e+00 1.56181838691269e+00 -1.13868066295236e+00 
1.58936800526662e+00 1.56863739933559e+00 -1.19127021003856e+00 
1.59652732060566e+00 1.57546536183975e+00 -1.24558717602963e+00 
1.60368663594470e+00 1.58230286236002e+00 -1.30166644003977e+00 
1.61084595128374e+00 1.58915049018357e+00 -1.35954336521751e+00 
1.61800526662278e+00 1.59600883562459e+00 -1.41925381874891e+00 
1.62516458196182e+00 1.60287848970965e+00 -1.48083419199245e+00 
1.63232389730086e+00 1.60976004387290e+00 -1.54432142070747e+00 
1.63948321263989e+00 1.61665408965970e+00 -1.60975300533848e+00 
1.64664252797893e+00 1.62356121843746e+00 -1.67716703131727e+00 
1.65380184331797e+00 1.63048202111245e+00 -1.74660218934996e+00 
1.66096115865701e+00 1.63741708785109e+00 -1.81809779565195e+00 
1.66812047399605e+00 1.64436700780434e+00 -1.89169381209912e+00 
1.67527978933509e+00 1.65133236883367e+00 -1.96743086626134e+00 
1.68243910467413e+00 1.65831375723707e+00 -2.04535027128669e+00 
1.68959842001317e+00 1.66531175747339e+00 -2.12549404560480e+00 
1.69675773535221e+00 1.67232695188345e+00 -2.20790493241806e+00 
1.70391705069124e+00 1.67935992040611e+00 -2.29262641895011e+00 
1.71107636603028e+00 1.68641124028739e+00 -2.37970275542126e+00 
1.71823568136932e+00 1.69348148578093e+00 -2.46917897372047e+00 
1.72539499670836e+00 1.70057122783763e+00 -2.56110090574462e+00 
1.73255431204740e+00 1.70768103378252e+00 -2.65551520137496e+00 
1.73971362738644e+00 1.71481146697668e+00 -2.75246934606179e+00 
1.74687294272548e+00 1.72196308646206e+00 -2.85201167798790e+00 
1.75403225806452e+00 1.72913644658674e+00 -2.95419140478236e+00 
1.76119157340355e+00 1.73633209660829e+00 -3.05905861975640e+00 
1.76835088874259e+00 1.74355058027276e+00 -3.16666431763286e+00 
1.77551020408163e+00 1.75079243536653e+00 -3.27706040974292e+00 
1.78266951942067e+00 1.75805819323841e+00 -3.39029973866276e+00 
1.78982883475971e+00 1.76534837828910e+00 -3.50643609226468e+00 
1.79698815009875e+00 1.77266350742497e+00 -3.62552421715891e+00 
1.80414746543779e+00 1.78000408947324e+00 -3.74761983150154e+00 
1.81130678077683e+00 1.78737062455519e+00 -3.87277963714803e+00 
1.81846609611587e+00 1.79476360341429e+00 -4.00106133113162e+00 
1.82562541145490e+00 1.80218350669563e+00 -4.13252361644907e+00 
1.83278472679394e+00 1.80963080417325e+00 -4.26722621213771e+00 
1.83994404213298e+00 1.81710595392183e+00 -4.40522986263103e+00 
1.84710335747202e+00 1.82460940142883e+00 -4.54659634638238e+00 
1.85426267281106e+00 1.83214157864341e+00 -4.69138848374929e+00 
1.86142198815010e+00 1.83970290295832e+00 -4.83967014413532e+00 
1.86858130348914e+00 1.84729377612071e+00 -4.99150625238883e+00 
1.87574061882818e+00 1.85491458306804e+00 -5.14696279446203e+00 
1.88289993416722e+00 1.86256569068497e+00 -5.30610682233926e+00 
1.89005924950625e+00 1.87024744647749e+00 -5.46900645824495e+00 
1.89721856484529e+00 1.87796017716003e+00 -5.63573089814873e+00 
1.90437788018433e+00 1.88570418715197e+00 -5.80635041458819e+00 
1.91153719552337e+00 1.89347975697952e+00 -5.98093635883325e+00 
1.91869651086241e+00 1.90128714157941e+00 -6.15956116242336e+00 
1.92585582620145e+00 1.90912656850073e+00 -6.34229833810858e+00 
1.93301514154049e+00 1.91699823600158e+00 -6.52922248023324e+00 
1.94017445687953e+00 1.92490231103739e+00 -6.72040926460185e+00 
1.94733377221856e+00 1.93283892713792e+00 -6.91593544787008e+00 
1.95449308755760e+00 1.94080818217042e+00 -7.11587886650697e+00 
1.96165240289664e+00 1.94881013598640e+00 -7.32031843537442e+00 
1.96881171823568e+00 1.95684480795036e+00 -7.52933414597107e+00 
1.97597103357472e+00 1.96491217434854e+00 -7.74300706438736e+00 
1.98313034891376e+00 1.97301216567681e+00 -7.96141932901682e+00 
1.99028966425280e+00 1.98114466380682e+00 -8.18465414806481e+00 
1.99744897959184e+00 1.98930949903013e+00 -8.41279579689310e+00 
2.00460829493088e+00 1.99750644698071e+00 -8.64592961523050e+00 
2.01176761026991e+00 2.00573522543625e+00 -8.88414200427422e+00 
2.01892692560895e+00 2.01399549099980e+00 -9.12752042369773e+00 
2.02608624094799e+00 2.02228683566336e+00 -9.37615338856706e+00 
2.03324555628703e+00 2.03060878325560e+00 -9.63013046615912e+00 
2.04040487162607e+00 2.03896078577659e+00 -9.88954227265810e+00 
2.04756418696511e+00 2.04734221962284e+00 -1.01544804696923e+01 
2.05472350230415e+00 2.05575238170609e+00 -1.04250377606545e+01 
2.06188281764319e+00 2.06419048547035e+00 -1.07013078867320e+01 
2.06904213298222e+00 2.07265565681141e+00 -1.09833856225513e+01 
2.07620144832126e+00 2.08114692990392e+00 -1.12713667713194e+01 
2.08336076366030e+00 2.08966324294130e+00 -1.15653481593270e+01 
2.09052007899934e+00 2.09820343379369e+00 -1.18654276296473e+01 
2.09767939433838e+00 2.10676623559002e+00 -1.21717040348483e+01 
2.10483870967742e+00 2.11535027222979e+00 -1.24842772285093e+01 
2.11199802501646e+00 2.12395405383074e+00 -1.28032480553086e+01 
2.11915734035550e+00 2.13257597211828e+00 -1.31287183394253e+01 
2.12631665569454e+00 2.14121429576302e+00 -1.34607908709795e+01 
2.13347597103357e+00 2.14986716567222e+00 -1.37995693902077e+01 
2.14063528637261e+00 2.15853259024120e+00 -1.41451585690527e+01 
2.14779460171165e+00 2.16720844057085e+00 -1.44976639898283e+01 
2.15495391705069e+00 2.17589244565664e+00 -1.48571921205998e+01 
2.16211323238973e+00 2.18458218755505e+00 -1.52238502869049e+01 
2.16927254772877e+00 2.19327509653298e+00 -1.55977466394300e+01 
2.17643186306781e+00 2.20196844620522e+00 -1.59789901172384e+01 
2.18359117840685e+00 2.21065934866560e+00 -1.63676904061438e+01 
2.19075049374589e+00 2.21934474961670e+00 -1.67639578918109e+01 
2.19790980908492e+00 2.22802142350343e+00 -1.71679036071619e+01 
2.20506912442396e+00 2.23668596865528e+00 -1.75796391736670e+01 
2.21222843976300e+00 2.24533480244268e+00 -1.79992767360901e+01 
2.21938775510204e+00 2.25396415645231e+00 -1.84269288902746e+01 
2.22654707044108e+00 2.26257007168691e+00 -1.88627086035455e+01 
2.23370638578012e+00 2.27114839379495e+00 -1.93067291273209e+01 
2.24086570111916e+00 2.27969476833620e+00 -1.97591039015293e+01 
2.24802501645820e+00 2.28820463608921e+00 -2.02199464504412e+01 
2.25518433179723e+00 2.29667322840746e+00 -2.06893702695355e+01 
2.26234364713627e+00 2.30509556263141e+00 -2.11674887030354e+01 
2.26950296247531e+00 2.31346643756405e+00 -2.16544148117653e+01 
2.27666227781435e+00 2.32178042901886e+00 -2.21502612309954e+01 
2.28382159315339e+00 2.33003188544897e+00 -2.26551400179607e+01 
2.29098090849243e+00 2.33821492366803e+00 -2.31691624887613e+01 
2.29814022383147e+00 2.34632342467366e+00 -2.36924390443726e+01 
2.30529953917051e+00 2.35435102958548e+00 -2.42250789855143e+01 
2.31245885450955e+00 2.36229113571090e+00 -2.47671903161537e+01 
2.31961816984858e+00 2.37013689275262e+00 -2.53188795354452e+01 
2.32677748518762e+00 2.37788119917321e+00 -2.58802514179273e+01 
2.33393680052666e+00 2.38551669873318e+00 -2.64514087818373e+01 
2.34109611586570e+00 2.39303577721993e+00 -2.70324522454221e+01 
2.34825543120474e+00 2.40043055938666e+00 -2.76234799711624e+01 
2.35541474654378e+00 2.40769290612082e+00 -2.82245873978547e+01 
2.36257406188282e+00 2.41481441186350e+00 -2.88358669605317e+01 
2.36973337722186e+00 2.42178640230201e+00 -2.94574077982368e+01 
2.37689269256090e+00 2.42859993235899e+00 -3.00892954497038e+01 
2.38405200789993e+00 2.43524578450268e+00 -3.07316115370354e+01 
2.39121132323897e+00 2.44171446740401e+00 -3.13844334375119e+01 
2.39837063857801e+00 2.44799621496698e+00 -3.20478339437036e+01 
2.40552995391705e+00 2.45408098576010e+00 -3.27218809121120e+01 
2.41268926925609e+00 2.45995846287694e+00 -3.34066369006012e+01 
2.41984858459513e+00 2.46561805425543e+00 -3.41021587949412e+01 
2.42700789993417e+00 2.47104889348533e+00 -3.48084974248272e+01 
2.43416721527321e+00 2.47623984113452e+00 -3.55256971697975e+01 
2.44132653061224e+00 2.48117948662492e+00 -3.62537955555274e+01 
2.44848584595128e+00 2.48585615068913e+00 -3.69928228410303e+01 
2.45564516129032e+00 2.49025788843922e+00 -3.77428015973625e+01 
2.46280447662936e+00 2.49437249307908e+00 -3.85037462784843e+01 
2.46996379196840e+00 2.49818750029130e+00 -3.92756627849944e+01 
2.47712310730744e+00 2.50169019333006e+00 -4.00585480215212e+01 
2.48428242264648e+00 2.50486760884995e+00 -4.08523894486148e+01 
2.49144173798552e+00 2.50770654350093e+00 -4.16571646300570e+01 
2.49860105332456e+00 2.51019356131835e+00 -4.24728407765676e+01 
2.50576036866359e+00 2.51231500193590e+00 -4.32993742869550e+01 
2.51291968400263e+00 2.51405698964839e+00 -4.41367102878319e+01 
2.52007899934167e+00 2.51540544334951e+00 -4.49847821730747e+01 
2.52723831468071e+00 2.51634608736833e+00 -4.58435111442800e+01 
2.53439763001975e+00 2.51686446322622e+00 -4.67128057535384e+01 
2.54155694535879e+00 2.51694594233400e+00 -4.75925614499002e+01 
2.54871626069783e+00 2.51657573964662e+00 -4.84826601309822e+01 
2.55587557603687e+00 2.51573892829029e+00 -4.93829697012186e+01 
2.56303489137591e+00 2.51442045517427e+00 -5.02933436383168e+01 
2.57019420671494e+00 2.51260515759638e+00 -5.12136205695300e+01 
2.57735352205398e+00 2.51027778084859e+00 -5.21436238594188e+01 
2.58451283739302e+00 2.50742299682503e+00 -5.30831612108053e+01 
2.59167215273206e+00 2.50402542363197e+00 -5.40320242806717e+01 
2.59883146807110e+00 2.50006964619497e+00 -5.49899883127945e+01 
2.60599078341014e+00 2.49554023785496e+00 -5.59568117889225e+01 
2.61315009874918e+00 2.49042178294066e+00 -5.69322361003406e+01 
2.62030941408822e+00 2.48469890030071e+00 -5.79159852416731e+01 
2.62746872942725e+00 2.47835626777453e+00 -5.89077655287872e+01 
2.63462804476629e+00 2.47137864757642e+00 -5.99072653426592e+01 
2.64178736010533e+00 2.46375091256319e+00 -6.09141549010645e+01 
2.64894667544437e+00 2.45545807335041e+00 -6.19280860599236e+01 
2.65610599078341e+00 2.44648530623842e+00 -6.29486921461238e+01 
2.66326530612245e+00 2.43681798190417e+00 -6.39755878236017e+01 
2.67042462146149e+00 2.42644169481031e+00 -6.50083689944190e+01 
2.67758393680053e+00 2.41534229327847e+00 -6.60466127365221e+01 
2.68474325213957e+00 2.40350591016897e+00 -6.70898772798122e+01 
2.69190256747860e+00 2.39091899410459e+00 -6.81377020220767e+01 
2.69906188281764e+00 2.37756834117201e+00 -6.91896075862587e+01 
2.70622119815668e+00 2.36344112702953e+00 -7.02450959204450e+01 
2.71338051349572e+00 2.34852493934640e+00 -7.13036504418585e+01 
2.72053982883476e+00 2.33280781049445e+00 -7.23647362260310e+01 
2.72769914417380e+00 2.31627825040934e+00 -7.34278002422111e+01 
2.73485845951284e+00 2.29892527953517e+00 -7.44922716359456e+01 
2.74201777485188e+00 2.28073846176293e+00 -7.55575620596269e+01 
2.74917709019092e+00 2.26170793727027e+00 -7.66230660516688e+01 
2.75633640552995e+00 2.24182445516749e+00 -7.76881614648130e+01 
2.76349572086899e+00 2.22107940585238e+00 -7.87522099439296e+01 
2.77065503620803e+00 2.19946485297442e+00 -7.98145574534915e+01 
2.77781435154707e+00 2.17697356490732e+00 -8.08745348547613e+01 
2.78497366688611e+00 2.15359904562774e+00 -8.19314585325381e+01 
2.79213298222515e+00 2.12933556489700e+00 -8.29846310711434e+01 
2.79929229756419e+00 2.10417818764244e+00 -8.40333419791602e+01 
2.80645161290323e+00 2.07812280243486e+00 -8.50768684622317e+01 
2.81361092824226e+00 2.05116614895902e+00 -8.61144762430764e+01 
2.82077024358130e+00 2.02330584437504e+00 -8.71454204276718e+01 
2.82792955892034e+00 1.99454040846980e+00 -8.81689464163821e+01 
2.83508887425938e+00 1.96486928749922e+00 -8.91842908586381e+01 
2.84224818959842e+00 1.93429287662443e+00 -9.01906826495788e+01 
2.84940750493746e+00 1.90281254084742e+00 -9.11873439669022e+01 
2.85656682027650e+00 1.87043063435505e+00 -9.21734913460044e+01 
2.86372613561554e+00 1.83715051818310e+00 -9.31483367913002e+01 
2.87088545095458e+00 1.80297657611681e+00 -9.41110889214841e+01 
2.87804476629361e+00 1.76791422874774e+00 -9.50609541463088e+01 
2.88520408163265e+00 1.73196994561180e+00 -9.59971378723298e+01 
2.89236339697169e+00 1.69515125533850e+00 -9.69188457349147e+01 
2.89952271231073e+00 1.65746675374609e+00 -9.78252848536848e+01 
2.90668202764977e+00 1.61892610982365e+00 -9.87156651084352e+01 
2.91384134298881e+00 1.57954006954668e+00 -9.95892004324676e+01 
2.92100065832785e+00 1.53932045747892e+00 -1.00445110120162e+02 
2.92815997366689e+00 1.49828017612002e+00 -1.01282620145526e+02 
2.93531928900592e+00 1.45643320296460e+00 -1.02100964488381e+02 
2.94247860434496e+00 1.41379458524606e+00 -1.02899386464762e+02 
2.94963791968400e+00 1.37038043234463e+00 -1.03677140058074e+02 
2.95679723502304e+00 1.32620790584694e+00 -1.04433491247475e+02 
2.96395655036208e+00 1.28129520725144e+00 -1.05167719329946e+02 
2.97111586570112e+00 1.23566156332135e+00 -1.05879118232473e+02 
2.97827518104016e+00 1.18932720909437e+00 -1.06566997810767e+02 
2.98543449637920e+00 1.14231336856565e+00 -1.07230685130948e+02 
2.99259381171824e+00 1.09464223306814e+00 -1.07869525730642e+02 
2.99975312705727e+00 1.04633693738169e+00 -1.08482884855967e+02 
3.00691244239631e+00 9.97421533609682e-01 -1.09070148670929e+02 
3.01407175773535e+00 9.47920962869155e-01 -1.09630725435805e+02 
3.02123107307439e+00 8.97861024847591e-01 -1.10164046651164e+02 
3.02839038841343e+00 8.47268345286353e-01 -1.10669568164239e+02 
3.03554970375247e+00 7.96170341457714e-01 -1.11146771234487e+02 
3.04270901909151e+00 7.44595185708875e-01 -1.11595163555243e+02 
3.04986833443055e+00 6.92571767152775e-01 -1.12014280228515e+02 
3.05702764976958e+00 6.40129651591658e-01 -1.12403684690081e+02 
3.06418696510862e+00 5.87299039765029e-01 -1.12762969582181e+02 
3.07134628044766e+00 5.34110724019415e-01 -1.13091757571255e+02 
3.07850559578670e+00 4.80596043502362e-01 -1.13389702108318e+02 
3.08566491112574e+00 4.26786837988072e-01 -1.13656488129743e+02 
3.09282422646478e+00 3.72715400446659e-01 -1.13891832696369e+02 
3.09998354180382e+00 3.18414428473067e-01 -1.14095485569055e+02 
3.10714285714286e+00 2.63916974695623e-01 -1.14267229718976e+02 
