Data Format: k_val_normalized w_real_normalized w_imag 
num_pts 690 
0.00000000000000e+00 1.40982488662693e-16 2.00369123563165e-14 
4.55205172186304e-03 4.55205172186285e-03 1.19011566072508e-14 
9.10410344372608e-03 9.10410344372611e-03 2.67009443998786e-14 
1.36561551655891e-02 1.36561551655890e-02 -4.50205077045105e-15 
1.82082068874522e-02 1.82082068874520e-02 2.20729705797056e-14 
2.27602586093152e-02 2.27602586093150e-02 -4.65491805192610e-15 
2.73123103311783e-02 2.73123103311780e-02 1.22507732700430e-14 
3.18643620530413e-02 3.18643620530412e-02 1.00503490529188e-14 
3.64164137749043e-02 3.64164137749042e-02 -1.82055059175858e-14 
4.09684654967674e-02 4.09684654967673e-02 -9.37520953219991e-15 
4.55205172186304e-02 4.55205172186299e-02 -6.18576031195799e-15 
5.00725689404935e-02 5.00725689404925e-02 -8.35984296135475e-15 
5.46246206623565e-02 5.46246206623545e-02 -6.56412886962847e-15 
5.91766723842196e-02 5.91766723842150e-02 -4.97001289381742e-14 
6.37287241060826e-02 6.37287241060741e-02 -1.31686679913641e-13 
6.82807758279456e-02 6.82807758279297e-02 -2.54153162686428e-13 
7.28328275498087e-02 7.28328275497803e-02 -4.65813712680471e-13 
7.73848792716717e-02 7.73848792716235e-02 -8.82244307873511e-13 
8.19369309935348e-02 8.19369309934553e-02 -1.55096274486068e-12 
8.64889827153978e-02 8.64889827152703e-02 -2.62804828240683e-12 
9.10410344372608e-02 9.10410344370617e-02 -4.37021106914227e-12 
9.55930861591239e-02 9.55930861588195e-02 -7.04711338881540e-12 
1.00145137880987e-01 1.00145137880533e-01 -1.11228953130012e-11 
1.04697189602850e-01 1.04697189602185e-01 -1.71911490290544e-11 
1.09249241324713e-01 1.09249241323756e-01 -2.60510678362710e-11 
1.13801293046576e-01 1.13801293045222e-01 -3.87722281083954e-11 
1.18353344768439e-01 1.18353344766553e-01 -5.67860749915708e-11 
1.22905396490302e-01 1.22905396487713e-01 -8.18974073271322e-11 
1.27457448212165e-01 1.27457448208657e-01 -1.16422693556518e-10 
1.32009499934028e-01 1.32009499929334e-01 -1.63363760812722e-10 
1.36561551655891e-01 1.36561551649685e-01 -2.26367399591647e-10 
1.41113603377754e-01 1.41113603369639e-01 -3.10089019906760e-10 
1.45665655099617e-01 1.45665655089119e-01 -4.20168662241150e-10 
1.50217706821480e-01 1.50217706808034e-01 -5.63550881386889e-10 
1.54769758543343e-01 1.54769758526284e-01 -7.48577384359238e-10 
1.59321810265207e-01 1.59321810243761e-01 -9.85254715833935e-10 
1.63873861987070e-01 1.63873861960343e-01 -1.28564085793411e-09 
1.68425913708933e-01 1.68425913675903e-01 -1.66382918022693e-09 
1.72977965430796e-01 1.72977965390306e-01 -2.13658181293041e-09 
1.77530017152659e-01 1.77530017103408e-01 -2.72328951069436e-09 
1.82082068874522e-01 1.82082068815067e-01 -3.44660383428532e-09 
1.86634120596385e-01 1.86634120525135e-01 -4.33258785194690e-09 
1.91186172318248e-01 1.91186172233476e-01 -5.41117353627379e-09 
1.95738224040111e-01 1.95738223939956e-01 -6.71645250557815e-09 
2.00290275761974e-01 2.00290275644460e-01 -8.28715498197247e-09 
2.04842327483837e-01 2.04842327346889e-01 -1.01668936624060e-08 
2.09394379205700e-01 2.09394379047180e-01 -1.24046650986486e-08 
2.13946430927563e-01 2.13946430745303e-01 -1.50551687653106e-08 
2.18498482649426e-01 2.18498482441279e-01 -1.81790476140540e-08 
2.23050534371289e-01 2.23050534135183e-01 -2.18433554147215e-08 
2.27602586093152e-01 2.27602585827168e-01 -2.61217878303309e-08 
2.32154637815015e-01 2.32154637517463e-01 -3.10948871154523e-08 
2.36706689536878e-01 2.36706689206405e-01 -3.68503058887849e-08 
2.41258741258741e-01 2.41258740894436e-01 -4.34828562054689e-08 
2.45810792980604e-01 2.45810792582135e-01 -5.10946411171453e-08 
2.50362844702467e-01 2.50362844270223e-01 -5.97950017855390e-08 
2.54914896424330e-01 2.54914895959590e-01 -6.97003600427518e-08 
2.59466948146193e-01 2.59466947651305e-01 -8.09340606740946e-08 
2.64018999868056e-01 2.64018999346642e-01 -9.36259518707550e-08 
2.68571051589920e-01 2.68571051047091e-01 -1.07911975427949e-07 
2.73123103311783e-01 2.73123102754381e-01 -1.23933474050121e-07 
2.77675155033646e-01 2.77675154470494e-01 -1.41836462667294e-07 
2.82227206755509e-01 2.82227206197681e-01 -1.61770691115534e-07 
2.86779258477372e-01 2.86779257938478e-01 -1.83888569005836e-07 
2.91331310199235e-01 2.91331309695716e-01 -2.08343756117714e-07 
2.95883361921098e-01 2.95883361472529e-01 -2.35289800364874e-07 
3.00435413642961e-01 3.00435413272367e-01 -2.64878371200289e-07 
3.04987465364824e-01 3.04987465098988e-01 -2.97257483601046e-07 
3.09539517086687e-01 3.09539516956459e-01 -3.32569382972182e-07 
3.14091568808550e-01 3.14091568849155e-01 -3.70948196774786e-07 
3.18643620530413e-01 3.18643620781730e-01 -4.12517575995040e-07 
3.23195672252276e-01 3.23195672759110e-01 -4.57387950786235e-07 
3.27747723974139e-01 3.27747724786455e-01 -5.05653768538702e-07 
3.32299775696002e-01 3.32299776869124e-01 -5.57390409383013e-07 
3.36851827417865e-01 3.36851829012624e-01 -6.12651089809608e-07 
3.41403879139728e-01 3.41403881222556e-01 -6.71463535558870e-07 
3.45955930861591e-01 3.45955933504539e-01 -7.33826561485727e-07 
3.50507982583454e-01 3.50507985864134e-01 -7.99706702402539e-07 
3.55060034305317e-01 3.55060038306740e-01 -8.69034687904348e-07 
3.59612086027180e-01 3.59612090837487e-01 -9.41701792315847e-07 
3.64164137749043e-01 3.64164143461110e-01 -1.01755658731746e-06 
3.68716189470906e-01 3.68716196181804e-01 -1.09640142948011e-06 
3.73268241192769e-01 3.73268249003065e-01 -1.17798933334600e-06 
3.77820292914632e-01 3.77820301927508e-01 -1.26202103182467e-06 
3.82372344636496e-01 3.82372354956678e-01 -1.34814203419965e-06 
3.86924396358359e-01 3.86924408090826e-01 -1.43594061713875e-06 
3.91476448080222e-01 3.91476461328676e-01 -1.52494556635868e-06 
3.96028499802085e-01 3.96028514667167e-01 -1.61462498554561e-06 
4.00580551523948e-01 4.00580568101178e-01 -1.70438551318829e-06 
4.05132603245811e-01 4.05132621623226e-01 -1.79357204562731e-06 
4.09684654967674e-01 4.09684675223149e-01 -1.88146866545622e-06 
4.14236706689537e-01 4.14236728887770e-01 -1.96730010118884e-06 
4.18788758411400e-01 4.18788782600527e-01 -2.05023450327200e-06 
4.23340810133263e-01 4.23340836341100e-01 -2.12938703806740e-06 
4.27892861855126e-01 4.27892890085013e-01 -2.20382504560700e-06 
4.32444913576989e-01 4.32444943803214e-01 -2.27257419995726e-06 
4.36996965298852e-01 4.36996997461641e-01 -2.33462662182838e-06 
4.41549017020715e-01 4.41549051020769e-01 -2.38895011899421e-06 
4.46101068742578e-01 4.46101104435159e-01 -2.43449929271243e-06 
4.50653120464441e-01 4.50653157652970e-01 -2.47022865566990e-06 
4.55205172186304e-01 4.55205210615484e-01 -2.49510752146658e-06 
4.59757223908167e-01 4.59757263256616e-01 -2.50813701248418e-06 
4.64309275630030e-01 4.64309315502416e-01 -2.50836925387184e-06 
4.68861327351893e-01 4.68861367270586e-01 -2.49492873956203e-06 
4.73413379073756e-01 4.73413418469971e-01 -2.46703635265950e-06 
4.77965430795619e-01 4.77965469000102e-01 -2.42403556451340e-06 
4.82517482517482e-01 4.82517518750699e-01 -2.36542138202164e-06 
4.87069534239346e-01 4.87069567601238e-01 -2.29087167044211e-06 
4.91621585961209e-01 4.91621615420506e-01 -2.20028165750237e-06 
4.96173637683072e-01 4.96173662066193e-01 -2.09380045849417e-06 
5.00725689404935e-01 5.00725707384523e-01 -1.97187105179835e-06 
5.05277741126798e-01 5.05277751209908e-01 -1.83527251716174e-06 
5.09829792848661e-01 5.09829793364659e-01 -1.68516532527166e-06 
5.14381844570524e-01 5.14381833658738e-01 -1.52313923734884e-06 
5.18933896292387e-01 5.18933871889567e-01 -1.35126392495684e-06 
5.23485948014250e-01 5.23485907841905e-01 -1.17214216189294e-06 
5.28037999736113e-01 5.28037941287789e-01 -9.88965769281087e-07 
5.32590051457976e-01 5.32589971986556e-01 -8.05573545166936e-07 
5.37142103179839e-01 5.37141999684940e-01 -6.26511926479123e-07 
5.41694154901702e-01 5.41694024117273e-01 -4.57097341199806e-07 
5.46246206623565e-01 5.46246045005767e-01 -3.03480696182863e-07 
5.50798258345428e-01 5.50798062060916e-01 -1.72713387049841e-07 
5.55350310067291e-01 5.55350074982001e-01 -7.28147066038741e-08 
5.59902361789154e-01 5.59902083457711e-01 -1.28403441041361e-08 
5.64454413511017e-01 5.64454087166896e-01 -2.95149706660870e-09 
5.69006465232880e-01 5.69006085779444e-01 -5.44846893477569e-08 
5.73558516954743e-01 5.73558078957295e-01 -1.80020967898491e-07 
5.78110568676606e-01 5.78110066355603e-01 -3.93455382211409e-07 
5.82662620398469e-01 5.82662047624042e-01 -7.10064807100377e-07 
5.87214672120332e-01 5.87214022408250e-01 -1.14657481876992e-06 
5.91766723842196e-01 5.91765990351454e-01 -1.72122429824925e-06 
5.96318775564059e-01 5.96317951096227e-01 -2.45382763142230e-06 
6.00870827285922e-01 6.00869904286427e-01 -3.36583374485698e-06 
6.05422879007785e-01 6.05421849569274e-01 -4.48038118551054e-06 
6.09974930729648e-01 6.09973786597615e-01 -5.82234901406329e-06 
6.14526982451511e-01 6.14525715032325e-01 -7.41840228498807e-06 
6.19079034173374e-01 6.19077634544891e-01 -9.29703183728047e-06 
6.23631085895237e-01 6.23629544820129e-01 -1.14885875343870e-05 
6.28183137617100e-01 6.28181445559075e-01 -1.40253039111177e-05 
6.32735189338963e-01 6.32733336482009e-01 -1.69413180655313e-05 
6.37287241060826e-01 6.37285217331623e-01 -2.02726783057647e-05 
6.41839292782689e-01 6.41837087876320e-01 -2.40573432990546e-05 
6.46391344504552e-01 6.46388947913642e-01 -2.83351707242565e-05 
6.50943396226415e-01 6.50940797273792e-01 -3.31478945435897e-05 
6.55495447948278e-01 6.55492635823272e-01 -3.85390903472182e-05 
6.60047499670141e-01 6.60044463468588e-01 -4.45541276250488e-05 
6.64599551392004e-01 6.64596280160030e-01 -5.12401086440180e-05 
6.69151603113867e-01 6.69148085895498e-01 -5.86457927571442e-05 
6.73703654835730e-01 6.73699880724348e-01 -6.68215057017658e-05 
6.78255706557593e-01 6.78251664751259e-01 -7.58190331713727e-05 
6.82807758279456e-01 6.82803438140059e-01 -8.56914978127325e-05 
6.87359810001319e-01 6.87355201117532e-01 -9.64932192729495e-05 
6.91911861723182e-01 6.91906953977137e-01 -1.08279556690778e-04 
6.96463913445046e-01 6.96458697082629e-01 -1.21106733021055e-04 
7.01015965166909e-01 7.01010430871558e-01 -1.35031640840142e-04 
7.05568016888772e-01 7.05562155858588e-01 -1.50111629528959e-04 
7.10120068610635e-01 7.10113872638638e-01 -1.66404272932867e-04 
7.14672120332498e-01 7.14665581889773e-01 -1.83967118151726e-04 
7.19224172054361e-01 7.19217284375829e-01 -2.02857414673852e-04 
7.23776223776224e-01 7.23768980948731e-01 -2.23131824003583e-04 
7.28328275498087e-01 7.28320672550462e-01 -2.44846110688506e-04 
7.32880327219950e-01 7.32872360214631e-01 -2.68054813412236e-04 
7.37432378941813e-01 7.37424045067620e-01 -2.92810898378039e-04 
7.41984430663676e-01 7.41975728329254e-01 -3.19165393967958e-04 
7.46536482385539e-01 7.46527411312941e-01 -3.47167008142521e-04 
7.51088534107402e-01 7.51079095425256e-01 -3.76861729229172e-04 
7.55640585829265e-01 7.55630782164923e-01 -4.08292410818816e-04 
7.60192637551128e-01 7.60182473121130e-01 -4.41498341992110e-04 
7.64744689272991e-01 7.64734169971156e-01 -4.76514804386550e-04 
7.69296740994854e-01 7.69285874477257e-01 -5.13372616850809e-04 
7.73848792716717e-01 7.73837588482760e-01 -5.52097670066911e-04 
7.78400844438580e-01 7.78389313907340e-01 -5.92710452429016e-04 
7.82952896160443e-01 7.82941052741414e-01 -6.35225568997231e-04 
7.87504947882306e-01 7.87492807039649e-01 -6.79651256292868e-04 
7.92056999604169e-01 7.92044578913496e-01 -7.25988894185068e-04 
7.96609051326032e-01 7.96596370522762e-01 -7.74232518645013e-04 
8.01161103047896e-01 8.01148184066157e-01 -8.24368336671087e-04 
8.05713154769759e-01 8.05700021770790e-01 -8.76374247250681e-04 
8.10265206491621e-01 8.10251885880607e-01 -9.30219370827077e-04 
8.14817258213484e-01 8.14803778643699e-01 -9.85863590634805e-04 
8.19369309935348e-01 8.19355702298530e-01 -1.04325710906729e-03 
8.23921361657211e-01 8.23907659058984e-01 -1.10234002291579e-03 
8.28473413379074e-01 8.28459651098300e-01 -1.16304192076524e-03 
8.33025465100937e-01 8.33011680531839e-01 -1.22528150657150e-03 
8.37577516822800e-01 8.37563749398687e-01 -1.28896625335050e-03 
8.42129568544663e-01 8.42115859642109e-01 -1.35399209107205e-03 
8.46681620266526e-01 8.46668013088866e-01 -1.42024313272452e-03 
8.51233671988389e-01 8.51220211427398e-01 -1.48759144337327e-03 
8.55785723710252e-01 8.55772456184899e-01 -1.55589685583376e-03 
8.60337775432115e-01 8.60324748703332e-01 -1.62500683823500e-03 
8.64889827153978e-01 8.64877090114389e-01 -1.69475641747465e-03 
8.69441878875841e-01 8.69429481313472e-01 -1.76496816319951e-03 
8.73993930597704e-01 8.73981922932728e-01 -1.83545223718626e-03 
8.78545982319567e-01 8.78534415313209e-01 -1.90600651202313e-03 
8.83098034041430e-01 8.83086958476225e-01 -1.97641676473006e-03 
8.87650085763293e-01 8.87639552093959e-01 -2.04645694865664e-03 
8.92202137485156e-01 8.92192195459452e-01 -2.11588954883726e-03 
8.96754189207019e-01 8.96744887456044e-01 -2.18446602472998e-03 
9.01306240928882e-01 9.01297626526354e-01 -2.25192734482755e-03 
9.05858292650745e-01 9.05850410640972e-01 -2.31800461704466e-03 
9.10410344372608e-01 9.10403237266919e-01 -2.38241981805885e-03 
9.14962396094471e-01 9.14956103336072e-01 -2.44488662681157e-03 
9.19514447816335e-01 9.19509005213644e-01 -2.50511136333746e-03 
9.24066499538198e-01 9.24061938666928e-01 -2.56279403782819e-03 
9.28618551260061e-01 9.28614898834412e-01 -2.61762951136281e-03 
9.33170602981924e-01 9.33167880195475e-01 -2.66930877132435e-03 
9.37722654703787e-01 9.37720876540854e-01 -2.71752032276129e-03 
9.42274706425650e-01 9.42273880944007e-01 -2.76195169778338e-03 
9.46826758147513e-01 9.46826885733664e-01 -2.80229108332753e-03 
9.51378809869376e-01 9.51379882467693e-01 -2.83822906822260e-03 
9.55930861591239e-01 9.55932861908526e-01 -2.86946050851388e-03 
9.60482913313102e-01 9.60485814000379e-01 -2.89568651131203e-03 
9.65034965034965e-01 9.65038727848457e-01 -2.91661653490587e-03 
9.69587016756828e-01 9.69591591700395e-01 -2.93197060306880e-03 
9.74139068478691e-01 9.74144392930167e-01 -2.94148163120380e-03 
9.78691120200554e-01 9.78697118024706e-01 -2.94489785969713e-03 
9.83243171922417e-01 9.83249752573447e-01 -2.94198539094158e-03 
9.87795223644280e-01 9.87802281261074e-01 -2.93253082410857e-03 
9.92347275366143e-01 9.92354687863672e-01 -2.91634398175982e-03 
9.96899327088006e-01 9.96906955248561e-01 -2.89326072106702e-03 
1.00145137880987e+00 1.00145906537799e+00 -2.86314582159685e-03 
1.00600343053173e+00 1.00601099931699e+00 -2.82589594100577e-03 
1.01055548225360e+00 1.01056273724554e+00 -2.78144262833882e-03 
1.01510753397546e+00 1.01511425847537e+00 -2.72975538459431e-03 
1.01965958569732e+00 1.01966554147138e+00 -2.67084475832655e-03 
1.02421163741918e+00 1.02421656387820e+00 -2.60476546370520e-03 
1.02876368914105e+00 1.02876730255176e+00 -2.53161950700176e-03 
1.03331574086291e+00 1.03331773359624e+00 -2.45155930772598e-03 
1.03786779258477e+00 1.03786783240640e+00 -2.36479079780165e-03 
1.04241984430664e+00 1.04241757371556e+00 -2.27157648287032e-03 
1.04697189602850e+00 1.04696693164920e+00 -2.17223844821840e-03 
1.05152394775036e+00 1.05151587978440e+00 -2.06716129184271e-03 
1.05607599947223e+00 1.05606439121503e+00 -1.95679496460107e-03 
1.06062805119409e+00 1.06061243862282e+00 -1.84165749902283e-03 
1.06518010291595e+00 1.06515999435431e+00 -1.72233760610083e-03 
1.06973215463781e+00 1.06970703050358e+00 -1.59949711951421e-03 
1.07428420635968e+00 1.07425351900080e+00 -1.47387326580979e-03 
1.07883625808154e+00 1.07879943170638e+00 -1.34628073944183e-03 
1.08338830980340e+00 1.08334474051074e+00 -1.21761356060591e-03 
1.08794036152527e+00 1.08788941743937e+00 -1.08884669359819e-03 
1.09249241324713e+00 1.09243343476311e+00 -9.61037404407685e-04 
1.09704446496899e+00 1.09697676511337e+00 -8.35326334756267e-04 
1.10159651669086e+00 1.10151938160197e+00 -7.12938271194779e-04 
1.10614856841272e+00 1.10606125794533e+00 -5.95182587403769e-04 
1.11070062013458e+00 1.11060236859260e+00 -4.83453339290988e-04 
1.11525267185645e+00 1.11514268885744e+00 -3.79228991117865e-04 
1.11980472357831e+00 1.11968219505290e+00 -2.84071754208456e-04 
1.12435677530017e+00 1.12422086462900e+00 -1.99626517504754e-04 
1.12890882702203e+00 1.12875867631241e+00 -1.27619353488786e-04 
1.13346087874390e+00 1.13329561024787e+00 -6.98555806523886e-05 
1.13801293046576e+00 1.13783164814056e+00 -2.82173678692353e-05 
1.14256498218762e+00 1.14236677339896e+00 -4.66086501383003e-06 
1.14711703390949e+00 1.14690097127745e+00 -1.21284673303747e-06 
1.15166908563135e+00 1.15143422901807e+00 -1.99668570032350e-05 
1.15622113735321e+00 1.15596653599067e+00 -6.30788451755030e-05 
1.16077318907508e+00 1.16049788383081e+00 -1.32762283096973e-04 
1.16532524079694e+00 1.16502826657448e+00 -2.31282756887722e-04 
1.16987729251880e+00 1.16955768078912e+00 -3.60952028541809e-04 
1.17442934424066e+00 1.17408612569996e+00 -5.24121562172209e-04 
1.17898139596253e+00 1.17861360331094e+00 -7.23175514772272e-04 
1.18353344768439e+00 1.18314011851941e+00 -9.60523189478581e-04 
1.18808549940625e+00 1.18766567922373e+00 -1.23859095502871e-03 
1.19263755112812e+00 1.19219029642297e+00 -1.55981363350240e-03 
1.19718960284998e+00 1.19671398430784e+00 -1.92662536253210e-03 
1.20174165457184e+00 1.20123676034199e+00 -2.34144993914906e-03 
1.20629370629371e+00 1.20575864533284e+00 -2.80669065409279e-03 
1.21084575801557e+00 1.21027966349102e+00 -3.32471962737325e-03 
1.21539780973743e+00 1.21479984247762e+00 -3.89786665806839e-03 
1.21994986145930e+00 1.21931921343832e+00 -4.52840760188471e-03 
1.22450191318116e+00 1.22383781102356e+00 -5.21855229354448e-03 
1.22905396490302e+00 1.22835567339379e+00 -5.97043203038266e-03 
1.23360601662488e+00 1.23287284220908e+00 -6.78608663735520e-03 
1.23815806834675e+00 1.23738936260200e+00 -7.66745113446775e-03 
1.24271012006861e+00 1.24190528313307e+00 -8.61634202885755e-03 
1.24726217179047e+00 1.24642065572765e+00 -9.63444325584064e-03 
1.25181422351234e+00 1.25093553559364e+00 -1.07232917961205e-02 
1.25636627523420e+00 1.25544998111881e+00 -1.18842629957380e-02 
1.26091832695606e+00 1.25996405374698e+00 -1.31185556193765e-02 
1.26547037867793e+00 1.26447781783204e+00 -1.44271766696529e-02 
1.27002243039979e+00 1.26899134046885e+00 -1.58109260049026e-02 
1.27457448212165e+00 1.27350469130002e+00 -1.72703807942576e-02 
1.27912653384351e+00 1.27801794229757e+00 -1.88058798473661e-02 
1.28367858556538e+00 1.28253116751845e+00 -2.04175078622621e-02 
1.28823063728724e+00 1.28704444283273e+00 -2.21050796368436e-02 
1.29278268900910e+00 1.29155784562356e+00 -2.38681242925931e-02 
1.29733474073097e+00 1.29607145445760e+00 -2.57058695645593e-02 
1.30188679245283e+00 1.30058534872482e+00 -2.76172262153860e-02 
1.30643884417469e+00 1.30509960824652e+00 -2.96007726365900e-02 
1.31099089589656e+00 1.30961431285032e+00 -3.16547397059597e-02 
1.31554294761842e+00 1.31412954191078e+00 -3.37769959763577e-02 
1.32009499934028e+00 1.31864537385464e+00 -3.59650332791772e-02 
1.32464705106215e+00 1.32316188562916e+00 -3.82159528318428e-02 
1.32919910278401e+00 1.32767915213239e+00 -4.05264519495759e-02 
1.33375115450587e+00 1.33219724560413e+00 -4.28928114702304e-02 
1.33830320622773e+00 1.33671623497639e+00 -4.53108840114807e-02 
1.34285525794960e+00 1.34123618518194e+00 -4.77760831923813e-02 
1.34740730967146e+00 1.34575715642019e+00 -5.02833739618218e-02 
1.35195936139332e+00 1.35027920337903e+00 -5.28272641924307e-02 
1.35651141311519e+00 1.35480237441202e+00 -5.54017977112362e-02 
1.36106346483705e+00 1.35932671066998e+00 -5.80005489543483e-02 
1.36561551655891e+00 1.36385224518670e+00 -6.06166194500252e-02 
1.37016756828078e+00 1.36837900191835e+00 -6.32426363496576e-02 
1.37471962000264e+00 1.37290699473670e+00 -6.58707532467605e-02 
1.37927167172450e+00 1.37743622637675e+00 -6.84926535398570e-02 
1.38382372344636e+00 1.38196668733949e+00 -7.10995566136173e-02 
1.38837577516823e+00 1.38649835475143e+00 -7.36822271331732e-02 
1.39292782689009e+00 1.39103119118290e+00 -7.62309877611774e-02 
1.39747987861195e+00 1.39556514342791e+00 -7.87357356242524e-02 
1.40203193033382e+00 1.40010014124931e+00 -8.11859628735811e-02 
1.40658398205568e+00 1.40463609609369e+00 -8.35707816916171e-02 
1.41113603377754e+00 1.40917289978185e+00 -8.58789541119626e-02 
1.41568808549941e+00 1.41371042318125e+00 -8.80989270203118e-02 
1.42024013722127e+00 1.41824851486895e+00 -9.02188727089037e-02 
1.42479218894313e+00 1.42278699979412e+00 -9.22267353476017e-02 
1.42934424066500e+00 1.42732567795130e+00 -9.41102837256402e-02 
1.43389629238686e+00 1.43186432307674e+00 -9.58571705917022e-02 
1.43844834410872e+00 1.43640268138223e+00 -9.74549988933606e-02 
1.44300039583058e+00 1.44094047034221e+00 -9.88913951692695e-02 
1.44755244755245e+00 1.44547737755182e+00 -1.00154090293897e-01 
1.45210449927431e+00 1.45001305967530e+00 -1.01231007703424e-01 
1.45665655099617e+00 1.45454714150583e+00 -1.02110359145351e-01 
1.46120860271804e+00 1.45907921515920e+00 -1.02780747893386e-01 
1.46576065443990e+00 1.46360883942536e+00 -1.03231279249362e-01 
1.47031270616176e+00 1.46813553930274e+00 -1.03451678018750e-01 
1.47486475788363e+00 1.47265880574094e+00 -1.03432412494260e-01 
1.47941680960549e+00 1.47717809561779e+00 -1.03164824314420e-01 
1.48396886132735e+00 1.48169283197650e+00 -1.02641263382597e-01 
1.48852091304921e+00 1.48620240454743e+00 -1.01855226841837e-01 
1.49307296477108e+00 1.49070617057799e+00 -1.00801500902918e-01 
1.49762501649294e+00 1.49520345599115e+00 -9.94763041224616e-02 
1.50217706821480e+00 1.49969355689037e+00 -9.78774305358999e-02 
1.50672911993667e+00 1.50417574142425e+00 -9.60043908637796e-02 
1.51128117165853e+00 1.50864925201938e+00 -9.38585498476121e-02 
1.51583322338039e+00 1.51311330798401e+00 -9.14432576335153e-02 
1.52038527510226e+00 1.51756710847854e+00 -8.87639730208313e-02 
1.52493732682412e+00 1.52200983584134e+00 -8.58283763377912e-02 
1.52948937854598e+00 1.52644065925076e+00 -8.26464696980296e-02 
1.53404143026785e+00 1.53085873869595e+00 -7.92306624491346e-02 
1.53859348198971e+00 1.53526322922098e+00 -7.55958397389733e-02 
1.54314553371157e+00 1.53965328539855e+00 -7.17594123104122e-02 
1.54769758543343e+00 1.54402806598245e+00 -6.77413458825677e-02 
1.55224963715530e+00 1.54838673868091e+00 -6.35641687909346e-02 
1.55680168887716e+00 1.55272848498787e+00 -5.92529569278605e-02 
1.56135374059902e+00 1.55705250500472e+00 -5.48352954410229e-02 
1.56590579232089e+00 1.56135802218307e+00 -5.03412171029553e-02 
1.57045784404275e+00 1.56564428791798e+00 -4.58031177383664e-02 
1.57500989576461e+00 1.56991058592305e+00 -4.12556495758933e-02 
1.57956194748648e+00 1.57415623632139e+00 -3.67355938602585e-02 
1.58411399920834e+00 1.57838059939210e+00 -3.22817144968749e-02 
1.58866605093020e+00 1.58258307891852e+00 -2.79345948976726e-02 
1.59321810265206e+00 1.58676312509295e+00 -2.37364605284425e-02 
1.59777015437393e+00 1.59092023694198e+00 -1.97309899200573e-02 
1.60232220609579e+00 1.59505396424690e+00 -1.59631170909262e-02 
1.60687425781765e+00 1.59916390894453e+00 -1.24788284219086e-02 
1.61142630953952e+00 1.60324972600446e+00 -9.32495704222174e-03 
1.61597836126138e+00 1.60731112378925e+00 -6.54897771280594e-03 
1.62053041298324e+00 1.61134786391394e+00 -4.19880505073303e-03 
1.62508246470511e+00 1.61535976063003e+00 -2.32259772661435e-03 
1.62963451642697e+00 1.61934667976662e+00 -9.68571000624310e-04 
1.63418656814883e+00 1.62330853726783e+00 -1.84819657740615e-04 
1.63873861987070e+00 1.62724529737021e+00 -1.91530643340938e-05 
1.64329067159256e+00 1.63115697046731e+00 -5.18943719470967e-04 
1.64784272331442e+00 1.63504361071024e+00 -1.73099032061376e-03 
1.65239477503628e+00 1.63890531339394e+00 -3.70139602036261e-03 
1.65694682675815e+00 1.64274221217749e+00 -6.47546222453323e-03 
1.66149887848001e+00 1.64655447618577e+00 -1.00975979855750e-02 
1.66605093020187e+00 1.65034230703661e+00 -1.46112447756473e-02 
1.67060298192374e+00 1.65410593583429e+00 -2.00588161961834e-02 
1.67515503364560e+00 1.65784562016663e+00 -2.64816519852819e-02 
1.67970708536746e+00 1.66156164113861e+00 -3.39199855305444e-02 
1.68425913708933e+00 1.66525430047097e+00 -4.24129239775758e-02 
1.68881118881119e+00 1.66892391768828e+00 -5.19984399390400e-02 
1.69336324053305e+00 1.67257082741633e+00 -6.27133737588131e-02 
1.69791529225491e+00 1.67619537680489e+00 -7.45934452622445e-02 
1.70246734397678e+00 1.67979792308800e+00 -8.76732739249030e-02 
1.70701939569864e+00 1.68337883129064e+00 -1.01986406409639e-01 
1.71157144742050e+00 1.68693847208711e+00 -1.17565350466941e-01 
1.71612349914237e+00 1.69047721981436e+00 -1.34441614235373e-01 
1.72067555086423e+00 1.69399545064041e+00 -1.52645750046823e-01 
1.72522760258609e+00 1.69749354088658e+00 -1.72207401902148e-01 
1.72977965430796e+00 1.70097186550025e+00 -1.93155355858219e-01 
1.73433170602982e+00 1.70443079667362e+00 -2.15517592635698e-01 
1.73888375775168e+00 1.70787070260282e+00 -2.39321341832087e-01 
1.74343580947355e+00 1.71129194638111e+00 -2.64593137193623e-01 
1.74798786119541e+00 1.71469488501910e+00 -2.91358872468452e-01 
1.75253991291727e+00 1.71807986858477e+00 -3.19643857426036e-01 
1.75709196463913e+00 1.72144723945576e+00 -3.49472873690186e-01 
1.76164401636100e+00 1.72479733167645e+00 -3.80870230086568e-01 
1.76619606808286e+00 1.72813047041240e+00 -4.13859817257036e-01 
1.77074811980472e+00 1.73144697149490e+00 -4.48465161338612e-01 
1.77530017152659e+00 1.73474714104865e+00 -4.84709476546155e-01 
1.77985222324845e+00 1.73803127519589e+00 -5.22615716533838e-01 
1.78440427497031e+00 1.74129965983078e+00 -5.62206624442486e-01 
1.78895632669218e+00 1.74455257045800e+00 -6.03504781567364e-01 
1.79350837841404e+00 1.74779027209029e+00 -6.46532654606409e-01 
1.79806043013590e+00 1.75101301919968e+00 -6.91312641465977e-01 
1.80261248185776e+00 1.75422105571795e+00 -7.37867115621442e-01 
1.80716453357963e+00 1.75741461508205e+00 -7.86218469042639e-01 
1.81171658530149e+00 1.76059392032088e+00 -8.36389153704177e-01 
1.81626863702335e+00 1.76375918417978e+00 -8.88401721712554e-01 
1.82082068874522e+00 1.76691060928017e+00 -9.42278864085630e-01 
1.82537274046708e+00 1.77004838831141e+00 -9.98043448226761e-01 
1.82992479218894e+00 1.77317270425295e+00 -1.05571855413738e+00 
1.83447684391081e+00 1.77628373062472e+00 -1.11532750941559e+00 
1.83902889563267e+00 1.77938163176432e+00 -1.17689392308449e+00 
1.84358094735453e+00 1.78246656312983e+00 -1.24044171829810e+00 
1.84813299907640e+00 1.78553867162714e+00 -1.30599516396321e+00 
1.85268505079826e+00 1.78859809596138e+00 -1.37357890532078e+00 
1.85723710252012e+00 1.79164496701180e+00 -1.44321799351761e+00 
1.86178915424198e+00 1.79467940823012e+00 -1.51493791419876e+00 
1.86634120596385e+00 1.79770153606230e+00 -1.58876461514400e+00 
1.87089325768571e+00 1.80071146039411e+00 -1.66472453296519e+00 
1.87544530940757e+00 1.80370928502072e+00 -1.74284461886899e+00 
1.87999736112944e+00 1.80669510814121e+00 -1.82315236348892e+00 
1.88454941285130e+00 1.80966902287853e+00 -1.90567582077321e+00 
1.88910146457316e+00 1.81263111782599e+00 -1.99044363091080e+00 
1.89365351629503e+00 1.81558147762119e+00 -2.07748504226184e+00 
1.89820556801689e+00 1.81852018354850e+00 -2.16682993225047e+00 
1.90275761973875e+00 1.82144731417141e+00 -2.25850882716445e+00 
1.90730967146061e+00 1.82436294599574e+00 -2.35255292079006e+00 
1.91186172318248e+00 1.82726715416527e+00 -2.44899409179960e+00 
1.91641377490434e+00 1.83016001319075e+00 -2.54786491979085e+00 
1.92096582662620e+00 1.83304159771370e+00 -2.64919869986189e+00 
1.92551787834807e+00 1.83591198330596e+00 -2.75302945558853e+00 
1.93006993006993e+00 1.83877124730617e+00 -2.85939195025277e+00 
1.93462198179179e+00 1.84161946969380e+00 -2.96832169615075e+00 
1.93917403351366e+00 1.84445673400155e+00 -3.07985496179118e+00 
1.94372608523552e+00 1.84728312826622e+00 -3.19402877677316e+00 
1.94827813695738e+00 1.85009874601831e+00 -3.31088093411403e+00 
1.95283018867924e+00 1.85290368730953e+00 -3.43044998977317e+00 
1.95738224040111e+00 1.85569805977768e+00 -3.55277525910239e+00 
1.96193429212297e+00 1.85848197974707e+00 -3.67789680992923e+00 
1.96648634384483e+00 1.86125557336239e+00 -3.80585545196169e+00 
1.97103839556670e+00 1.86401897775296e+00 -3.93669272218762e+00 
1.97559044728856e+00 1.86677234222360e+00 -4.07045086592024e+00 
1.98014249901042e+00 1.86951582946703e+00 -4.20717281313600e+00 
1.98469455073229e+00 1.87224961679194e+00 -4.34690214973782e+00 
1.98924660245415e+00 1.87497389735937e+00 -4.48968308337047e+00 
1.99379865417601e+00 1.87768888141889e+00 -4.63556040342145e+00 
1.99835070589788e+00 1.88039479753435e+00 -4.78457943484342e+00 
2.00290275761974e+00 1.88309189378775e+00 -4.93678598545530e+00 
2.00745480934160e+00 1.88578043894772e+00 -5.09222628640011e+00 
2.01200686106346e+00 1.88846072358780e+00 -5.25094692547938e+00 
2.01655891278533e+00 1.89113306113758e+00 -5.41299477312758e+00 
2.02111096450719e+00 1.89379778884837e+00 -5.57841690085951e+00 
2.02566301622905e+00 1.89645526865293e+00 -5.74726049209317e+00 
2.03021506795092e+00 1.89910588789763e+00 -5.91957274535134e+00 
2.03476711967278e+00 1.90175005992359e+00 -6.09540076995065e+00 
2.03931917139464e+00 1.90438822447238e+00 -6.27479147441695e+00 
2.04387122311651e+00 1.90702084789076e+00 -6.45779144800750e+00 
2.04842327483837e+00 1.90964842310861e+00 -6.64444683588333e+00 
2.05297532656023e+00 1.91227146936398e+00 -6.83480320864615e+00 
2.05752737828210e+00 1.91489053164994e+00 -7.02890542714543e+00 
2.06207943000396e+00 1.91750617985899e+00 -7.22679750365097e+00 
2.06663148172582e+00 1.92011900760289e+00 -7.42852246068973e+00 
2.07118353344768e+00 1.92272963068846e+00 -7.63412218904229e+00 
2.07573558516955e+00 1.92533868523364e+00 -7.84363730658118e+00 
2.08028763689141e+00 1.92794682541262e+00 -8.05710701981559e+00 
2.08483968861327e+00 1.93055472082440e+00 -8.27456899014872e+00 
2.08939174033514e+00 1.93316305348507e+00 -8.49605920698019e+00 
2.09394379205700e+00 1.93577251445168e+00 -8.72161186986610e+00 
2.09849584377886e+00 1.93838380009254e+00 -8.95125928197482e+00 
2.10304789550073e+00 1.94099760802723e+00 -9.18503175705687e+00 
2.10759994722259e+00 1.94361463276770e+00 -9.42295754206127e+00 
2.11215199894445e+00 1.94623556109988e+00 -9.66506275737789e+00 
2.11670405066631e+00 1.94886106725310e+00 -9.91137135646922e+00 
2.12125610238818e+00 1.95149180791153e+00 -1.01619051063750e+01 
2.12580815411004e+00 1.95412841712821e+00 -1.04166835902270e+01 
2.13036020583190e+00 1.95677150120666e+00 -1.06757242325191e+01 
2.13491225755377e+00 1.95942163361858e+00 -1.09390423474384e+01 
2.13946430927563e+00 1.96207935002767e+00 -1.12066512101007e+01 
2.14401636099749e+00 1.96474514348895e+00 -1.14785621500489e+01 
2.14856841271936e+00 1.96741945989096e+00 -1.17547846659068e+01 
2.15312046444122e+00 1.97010269370368e+00 -1.20353265596145e+01 
2.15767251616308e+00 1.97279518408920e+00 -1.23201940882662e+01 
2.16222456788494e+00 1.97549721142438e+00 -1.26093921312032e+01 
2.16677661960681e+00 1.97820899427575e+00 -1.29029243697137e+01 
2.17132867132867e+00 1.98093068685716e+00 -1.32007934764799e+01 
2.17588072305053e+00 1.98366237698975e+00 -1.35030013117627e+01 
2.18043277477240e+00 1.98640408457331e+00 -1.38095491232732e+01 
2.18498482649426e+00 1.98915576056726e+00 -1.41204377466991e+01 
2.18953687821612e+00 1.99191728646959e+00 -1.44356678039739e+01 
2.19408892993799e+00 1.99468847427230e+00 -1.47552398965520e+01 
2.19864098165985e+00 1.99746906686438e+00 -1.50791547911939e+01 
2.20319303338171e+00 2.00025873884584e+00 -1.54074135960588e+01 
2.20774508510358e+00 2.00305709771138e+00 -1.57400179252237e+01 
2.21229713682544e+00 2.00586368535778e+00 -1.60769700500896e+01 
2.21684918854730e+00 2.00867797986702e+00 -1.64182730364998e+01 
2.22140124026916e+00 2.01149939751598e+00 -1.67639308667296e+01 
2.22595329199103e+00 2.01432729496340e+00 -1.71139485458563e+01 
2.23050534371289e+00 2.01716097156663e+00 -1.74683321923204e+01 
2.23505739543475e+00 2.01999967178267e+00 -1.78270891127757e+01 
2.23960944715662e+00 2.02284258761121e+00 -1.81902278615738e+01 
2.24416149887848e+00 2.02568886104097e+00 -1.85577582854378e+01 
2.24871355060034e+00 2.02853758646491e+00 -1.89296915540533e+01 
2.25326560232221e+00 2.03138781303385e+00 -1.93060401774410e+01 
2.25781765404407e+00 2.03423854692292e+00 -1.96868180110708e+01 
2.26236970576593e+00 2.03708875348908e+00 -2.00720402497466e+01 
2.26692175748780e+00 2.03993735930267e+00 -2.04617234113249e+01 
2.27147380920966e+00 2.04278325403950e+00 -2.08558853113383e+01 
2.27602586093152e+00 2.04562529222392e+00 -2.12545450295858e+01 
2.28057791265338e+00 2.04846229481659e+00 -2.16577228697135e+01 
2.28512996437525e+00 2.05129305064355e+00 -2.20654403127710e+01 
2.28968201609711e+00 2.05411631766591e+00 -2.24777199656644e+01 
2.29423406781897e+00 2.05693082409163e+00 -2.28945855053654e+01 
2.29878611954084e+00 2.05973526933282e+00 -2.33160616196637e+01 
2.30333817126270e+00 2.06252832481345e+00 -2.37421739451741e+01 
2.30789022298456e+00 2.06530863463359e+00 -2.41729490032420e+01 
2.31244227470643e+00 2.06807481609739e+00 -2.46084141343099e+01 
2.31699432642829e+00 2.07082546011256e+00 -2.50485974312386e+01 
2.32154637815015e+00 2.07355913146968e+00 -2.54935276720138e+01 
2.32609842987201e+00 2.07627436900992e+00 -2.59432342521977e+01 
2.33065048159388e+00 2.07896968568998e+00 -2.63977471174306e+01 
2.33520253331574e+00 2.08164356855288e+00 -2.68570966962272e+01 
2.33975458503760e+00 2.08429447861339e+00 -2.73213138332731e+01 
2.34430663675947e+00 2.08692085066641e+00 -2.77904297233662e+01 
2.34885868848133e+00 2.08952109302659e+00 -2.82644758461243e+01 
2.35341074020319e+00 2.09209358720690e+00 -2.87434839015285e+01 
2.35796279192506e+00 2.09463668754389e+00 -2.92274857463571e+01 
2.36251484364692e+00 2.09714872077651e+00 -2.97165133315190e+01 
2.36706689536878e+00 2.09962798558539e+00 -3.02105986402912e+01 
2.37161894709065e+00 2.10207275209897e+00 -3.07097736274297e+01 
2.37617099881251e+00 2.10448126137218e+00 -3.12140701591139e+01 
2.38072305053437e+00 2.10685172484349e+00 -3.17235199536699e+01 
2.38527510225623e+00 2.10918232377534e+00 -3.22381545230066e+01 
2.38982715397810e+00 2.11147120868279e+00 -3.27580051146858e+01 
2.39437920569996e+00 2.11371649875493e+00 -3.32831026545471e+01 
2.39893125742182e+00 2.11591628127302e+00 -3.38134776897972e+01 
2.40348330914369e+00 2.11806861102939e+00 -3.43491603324749e+01 
2.40803536086555e+00 2.12017150975047e+00 -3.48901802031942e+01 
2.41258741258741e+00 2.12222296552735e+00 -3.54365663750777e+01 
2.41713946430928e+00 2.12422093225681e+00 -3.59883473177776e+01 
2.42169151603114e+00 2.12616332909570e+00 -3.65455508414996e+01 
2.42624356775300e+00 2.12804803993127e+00 -3.71082040409323e+01 
2.43079561947486e+00 2.12987291286983e+00 -3.76763332389988e+01 
2.43534767119673e+00 2.13163575974606e+00 -3.82499639303378e+01 
2.43989972291859e+00 2.13333435565505e+00 -3.88291207244424e+01 
2.44445177464045e+00 2.13496643850906e+00 -3.94138272883674e+01 
2.44900382636232e+00 2.13652970862094e+00 -4.00041062889419e+01 
2.45355587808418e+00 2.13802182831582e+00 -4.05999793344115e+01 
2.45810792980604e+00 2.13944042157300e+00 -4.12014669154486e+01 
2.46265998152791e+00 2.14078307369938e+00 -4.18085883454726e+01 
2.46721203324977e+00 2.14204733103626e+00 -4.24213617002246e+01 
2.47176408497163e+00 2.14323070070078e+00 -4.30398037565489e+01 
2.47631613669349e+00 2.14433065036362e+00 -4.36639299303383e+01 
2.48086818841536e+00 2.14534460806434e+00 -4.42937542136055e+01 
2.48542024013722e+00 2.14626996206572e+00 -4.49292891106478e+01 
2.48997229185908e+00 2.14710406074862e+00 -4.55705455732797e+01 
2.49452434358095e+00 2.14784421254859e+00 -4.62175329351101e+01 
2.49907639530281e+00 2.14848768593571e+00 -4.68702588448498e+01 
2.50362844702467e+00 2.14903170943903e+00 -4.75287291986409e+01 
2.50818049874654e+00 2.14947347171687e+00 -4.81929480713971e+01 
2.51273255046840e+00 2.14981012167457e+00 -4.88629176471631e+01 
2.51728460219026e+00 2.15003876863088e+00 -4.95386381484952e+01 
2.52183665391213e+00 2.15015648253455e+00 -5.02201077648744e+01 
2.52638870563399e+00 2.15016029423240e+00 -5.09073225801703e+01 
2.53094075735585e+00 2.15004719579038e+00 -5.16002764991764e+01 
2.53549280907771e+00 2.14981414086909e+00 -5.22989611732483e+01 
2.54004486079958e+00 2.14945804515506e+00 -5.30033659250713e+01 
2.54459691252144e+00 2.14897578684943e+00 -5.37134776726018e+01 
2.54914896424330e+00 2.14836420721537e+00 -5.44292808522225e+01 
2.55370101596517e+00 2.14762011118578e+00 -5.51507573411614e+01 
2.55825306768703e+00 2.14674026803263e+00 -5.58778863792272e+01 
2.56280511940889e+00 2.14572141209971e+00 -5.66106444899219e+01 
2.56735717113076e+00 2.14456024359980e+00 -5.73490054009943e+01 
2.57190922285262e+00 2.14325342947822e+00 -5.80929399645051e+01 
2.57646127457448e+00 2.14179760434385e+00 -5.88424160764734e+01 
2.58101332629635e+00 2.14018937146922e+00 -5.95973985961913e+01 
2.58556537801821e+00 2.13842530386122e+00 -6.03578492652893e+01 
2.59011742974007e+00 2.13650194540342e+00 -6.11237266266381e+01 
2.59466948146193e+00 2.13441581207188e+00 -6.18949859431867e+01 
2.59922153318380e+00 2.13216339322539e+00 -6.26715791168387e+01 
2.60377358490566e+00 2.12974115297167e+00 -6.34534546074648e+01 
2.60832563662752e+00 2.12714553161057e+00 -6.42405573521677e+01 
2.61287768834939e+00 2.12437294715571e+00 -6.50328286849142e+01 
2.61742974007125e+00 2.12141979693543e+00 -6.58302062566487e+01 
2.62198179179311e+00 2.11828245927437e+00 -6.66326239560234e+01 
2.62653384351498e+00 2.11495729525635e+00 -6.74400118308610e+01 
2.63108589523684e+00 2.11144065056985e+00 -6.82522960104974e+01 
2.63563794695870e+00 2.10772885743659e+00 -6.90693986291338e+01 
2.64018999868056e+00 2.10381823662411e+00 -6.98912377503470e+01 
2.64474205040243e+00 2.09970509954289e+00 -7.07177272929002e+01 
2.64929410212429e+00 2.09538575042860e+00 -7.15487769580118e+01 
2.65384615384615e+00 2.09085648860985e+00 -7.23842921582345e+01 
2.65839820556802e+00 2.08611361086171e+00 -7.32241739481021e+01 
2.66295025728988e+00 2.08115341384518e+00 -7.40683189567169e+01 
2.66750230901174e+00 2.07597219663260e+00 -7.49166193224322e+01 
2.67205436073361e+00 2.07056626331884e+00 -7.57689626298082e+01 
2.67660641245547e+00 2.06493192571813e+00 -7.66252318490145e+01 
2.68115846417733e+00 2.05906550614587e+00 -7.74853052778537e+01 
2.68571051589920e+00 2.05296334028496e+00 -7.83490564865817e+01 
2.69026256762106e+00 2.04662178013597e+00 -7.92163542657143e+01 
2.69481461934292e+00 2.04003719704992e+00 -8.00870625769992e+01 
2.69936667106478e+00 2.03320598484275e+00 -8.09610405077308e+01 
2.70391872278665e+00 2.02612456299013e+00 -8.18381422286108e+01 
2.70847077450851e+00 2.01878937990107e+00 -8.27182169553274e+01 
2.71302282623037e+00 2.01119691626852e+00 -8.36011089140471e+01 
2.71757487795224e+00 2.00334368849523e+00 -8.44866573110096e+01 
2.72212692967410e+00 1.99522625219256e+00 -8.53746963064087e+01 
2.72667898139596e+00 1.98684120574996e+00 -8.62650549927518e+01 
2.73123103311783e+00 1.97818519397265e+00 -8.71575573778832e+01 
2.73578308483969e+00 1.96925491178446e+00 -8.80520223728539e+01 
2.74033513656155e+00 1.96004710799326e+00 -8.89482637848258e+01 
2.74488718828341e+00 1.95055858911521e+00 -8.98460903151879e+01 
2.74943924000528e+00 1.94078622325485e+00 -9.07453055630656e+01 
2.75399129172714e+00 1.93072694403704e+00 -9.16457080343891e+01 
2.75854334344900e+00 1.92037775458707e+00 -9.25470911567092e+01 
2.76309539517087e+00 1.90973573155450e+00 -9.34492432999043e+01 
2.76764744689273e+00 1.89879802917679e+00 -9.43519478029582e+01 
2.77219949861459e+00 1.88756188337766e+00 -9.52549830069529e+01 
2.77675155033646e+00 1.87602461589579e+00 -9.61581222944305e+01 
2.78130360205832e+00 1.86418363843846e+00 -9.70611341352683e+01 
2.78585565378018e+00 1.85203645685525e+00 -9.79637821391947e+01 
2.79040770550204e+00 1.83958067532594e+00 -9.88658251150811e+01 
2.79495975722391e+00 1.82681400055738e+00 -9.97670171371281e+01 
2.79951180894577e+00 1.81373424598302e+00 -1.00667107618048e+02 
2.80406386066763e+00 1.80033933595943e+00 -1.01565841389356e+02 
2.80861591238950e+00 1.78662730995325e+00 -1.02462958788846e+02 
2.81316796411136e+00 1.77259632671238e+00 -1.03358195755346e+02 
2.81772001583322e+00 1.75824466841470e+00 -1.04251283930811e+02 
2.82227206755509e+00 1.74357074478753e+00 -1.05141950769811e+02 
2.82682411927695e+00 1.72857309719109e+00 -1.06029919656457e+02 
2.83137617099881e+00 1.71325040265868e+00 -1.06914910028813e+02 
2.83592822272068e+00 1.69760147788672e+00 -1.07796637510781e+02 
2.84048027444254e+00 1.68162528316706e+00 -1.08674814051500e+02 
2.84503232616440e+00 1.66532092625446e+00 -1.09549148072211e+02 
2.84958437788626e+00 1.64868766616158e+00 -1.10419344620609e+02 
2.85413642960813e+00 1.63172491687408e+00 -1.11285105532600e+02 
2.85868848132999e+00 1.61443225097828e+00 -1.12146129601439e+02 
2.86324053305185e+00 1.59680940319350e+00 -1.13002112754165e+02 
2.86779258477372e+00 1.57885627380193e+00 -1.13852748235260e+02 
2.87234463649558e+00 1.56057293196787e+00 -1.14697726797409e+02 
2.87689668821744e+00 1.54195961893909e+00 -1.15536736899281e+02 
2.88144873993931e+00 1.52301675112261e+00 -1.16369464910157e+02 
2.88600079166117e+00 1.50374492302721e+00 -1.17195595321284e+02 
2.89055284338303e+00 1.48414491006555e+00 -1.18014810963779e+02 
2.89510489510489e+00 1.46421767120817e+00 -1.18826793232896e+02 
2.89965694682676e+00 1.44396435148237e+00 -1.19631222318467e+02 
2.90420899854862e+00 1.42338628430867e+00 -1.20427777441295e+02 
2.90876105027048e+00 1.40248499366794e+00 -1.21216137095268e+02 
2.91331310199235e+00 1.38126219609247e+00 -1.21995979294945e+02 
2.91786515371421e+00 1.35971980247417e+00 -1.22766981828357e+02 
2.92241720543607e+00 1.33785991968363e+00 -1.23528822514737e+02 
2.92696925715794e+00 1.31568485199387e+00 -1.24281179466883e+02 
2.93152130887980e+00 1.29319710230272e+00 -1.25023731357854e+02 
2.93607336060166e+00 1.27039937314828e+00 -1.25756157691661e+02 
2.94062541232353e+00 1.24729456751206e+00 -1.26478139077634e+02 
2.94517746404539e+00 1.22388578940467e+00 -1.27189357508088e+02 
2.94972951576725e+00 1.20017634422936e+00 -1.27889496638944e+02 
2.95428156748911e+00 1.17616973891908e+00 -1.28578242072929e+02 
2.95883361921098e+00 1.15186968184271e+00 -1.29255281644942e+02 
2.96338567093284e+00 1.12728008247719e+00 -1.29920305709216e+02 
2.96793772265470e+00 1.10240505084193e+00 -1.30573007427842e+02 
2.97248977437657e+00 1.07724889669282e+00 -1.31213083060259e+02 
2.97704182609843e+00 1.05181612847317e+00 -1.31840232253255e+02 
2.98159387782029e+00 1.02611145201977e+00 -1.32454158331064e+02 
2.98614592954216e+00 1.00013976902225e+00 -1.33054568585106e+02 
2.99069798126402e+00 9.73906175234730e-01 -1.33641174562925e+02 
2.99525003298588e+00 9.47415958438994e-01 -1.34213692355873e+02 
2.99980208470775e+00 9.20674596159043e-01 -1.34771842885067e+02 
3.00435413642961e+00 8.93687753127164e-01 -1.35315352185183e+02 
3.00890618815147e+00 8.66461278502381e-01 -1.35843951685602e+02 
3.01345823987333e+00 8.39001202842443e-01 -1.36357378488459e+02 
3.01801029159520e+00 8.11313734831021e-01 -1.36855375643117e+02 
3.02256234331706e+00 7.83405257762477e-01 -1.37337692416622e+02 
3.02711439503892e+00 7.55282325786721e-01 -1.37804084559657e+02 
3.03166644676079e+00 7.26951659917448e-01 -1.38254314567560e+02 
3.03621849848265e+00 6.98420143807519e-01 -1.38688151935938e+02 
3.04077055020451e+00 6.69694819295426e-01 -1.39105373410436e+02 
3.04532260192638e+00 6.40782881727756e-01 -1.39505763230224e+02 
3.04987465364824e+00 6.11691675062672e-01 -1.39889113364769e+02 
3.05442670537010e+00 5.82428686759927e-01 -1.40255223743459e+02 
3.05897875709196e+00 5.53001542463687e-01 -1.40603902477692e+02 
3.06353080881383e+00 5.23418000484472e-01 -1.40934966074990e+02 
3.06808286053569e+00 4.93685946087315e-01 -1.41248239644787e+02 
3.07263491225755e+00 4.63813385593438e-01 -1.41543557095487e+02 
3.07718696397942e+00 4.33808440303273e-01 -1.41820761322444e+02 
3.08173901570128e+00 4.03679340249028e-01 -1.42079704386507e+02 
3.08629106742314e+00 3.73434417785339e-01 -1.42320247682806e+02 
3.09084311914501e+00 3.43082101026994e-01 -1.42542262099470e+02 
3.09539517086687e+00 3.12630907142938e-01 -1.42745628165949e+02 
3.09994722258873e+00 2.82089435516262e-01 -1.42930236190703e+02 
3.10449927431059e+00 2.51466360780008e-01 -1.43095986387975e+02 
3.10905132603246e+00 2.20770425739007e-01 -1.43242788993407e+02 
3.11360337775432e+00 1.90010434188243e-01 -1.43370564368283e+02 
3.11815542947618e+00 1.59195243638357e-01 -1.43479243092212e+02 
3.12270748119805e+00 1.28333757959286e-01 -1.43568766044056e+02 
3.12725953291991e+00 9.74349199530674e-02 -1.43639084470959e+02 
3.13181158464177e+00 6.65077038670858e-02 -1.43690160045351e+02 
3.13636363636364e+00 3.55611078591571e-02 -1.43721964909797e+02 
