Data Format: k_val_normalized w_real_normalized w_imag 
num_pts 940 
0.00000000000000e+00 3.12101155420323e-16 -2.53881917884812e-15 
3.33688320908768e-03 3.33688320908747e-03 1.14550471654832e-14 
6.67376641817536e-03 6.67376641817555e-03 -2.37533634488331e-14 
1.00106496272630e-02 1.00106496272630e-02 -2.01119489602382e-14 
1.33475328363507e-02 1.33475328363506e-02 -1.19201331440045e-13 
1.66844160454384e-02 1.66844160454392e-02 -4.65487235998009e-13 
2.00212992545261e-02 2.00212992545296e-02 -1.35492521568144e-12 
2.33581824636138e-02 2.33581824636236e-02 -3.39866910623970e-12 
2.66950656727015e-02 2.66950656727267e-02 -7.50398349117369e-12 
3.00319488817891e-02 3.00319488818460e-02 -1.49937000511403e-11 
3.33688320908768e-02 3.33688320909937e-02 -2.77669113943950e-11 
3.67057152999645e-02 3.67057153001902e-02 -4.83912145318116e-11 
4.00425985090522e-02 4.00425985094617e-02 -8.01084560845440e-11 
4.33794817181399e-02 4.33794817188463e-02 -1.26958225716409e-10 
4.67163649272275e-02 4.67163649283961e-02 -1.93884853520604e-10 
5.00532481363152e-02 5.00532481381771e-02 -2.86624443586771e-10 
5.33901313454029e-02 5.33901313482746e-02 -4.11711962177808e-10 
5.67270145544906e-02 5.67270145587942e-02 -5.76703638341222e-10 
6.00638977635783e-02 6.00638977698647e-02 -7.89705884309873e-10 
6.34007809726660e-02 6.34007809816388e-02 -1.05939804976728e-09 
6.67376641817536e-02 6.67376641942952e-02 -1.39489559849215e-09 
7.00745473908413e-02 7.00745474080409e-02 -1.80559046342648e-09 
7.34114305999290e-02 7.34114306231064e-02 -2.30062455188492e-09 
7.67483138090167e-02 7.67483138397498e-02 -2.88875907926326e-09 
8.00851970181044e-02 8.00851970582493e-02 -3.57806513230714e-09 
8.34220802271921e-02 8.34220802789022e-02 -4.37525936499588e-09 
8.67589634362797e-02 8.67589635020179e-02 -5.28566437249697e-09 
9.00958466453674e-02 9.00958467279103e-02 -6.31235863136549e-09 
9.34327298544551e-02 9.34327299568866e-02 -7.45595383128462e-09 
9.67696130635428e-02 9.67696131892384e-02 -8.71415658744950e-09 
1.00106496272630e-01 1.00106496425224e-01 -1.00811379571564e-08 
1.03443379481718e-01 1.03443379665054e-01 -1.15473915116230e-08 
1.06780262690806e-01 1.06780262908867e-01 -1.30991714460955e-08 
1.10117145899894e-01 1.10117146156714e-01 -1.47180790694611e-08 
1.13454029108981e-01 1.13454029408528e-01 -1.63814157379110e-08 
1.16790912318069e-01 1.16790912664097e-01 -1.80615094588870e-08 
1.20127795527157e-01 1.20127795923034e-01 -1.97260740974520e-08 
1.23464678736244e-01 1.23464679184743e-01 -2.13383158580200e-08 
1.26801561945332e-01 1.26801562448384e-01 -2.28574474247650e-08 
1.30138445154420e-01 1.30138445712832e-01 -2.42392938333425e-08 
1.33475328363507e-01 1.33475328976639e-01 -2.54369895523539e-08 
1.36812211572595e-01 1.36812212237990e-01 -2.64022716783242e-08 
1.40149094781683e-01 1.40149095494660e-01 -2.70867568168300e-08 
1.43485977990770e-01 1.43485978743968e-01 -2.74438029957065e-08 
1.46822861199858e-01 1.46822861982732e-01 -2.74302555969862e-08 
1.50159744408946e-01 1.50159745207220e-01 -2.70092393129693e-08 
1.53496627618033e-01 1.53496628413113e-01 -2.61525400929214e-08 
1.56833510827121e-01 1.56833511595448e-01 -2.48438838622102e-08 
1.60170394036209e-01 1.60170394748584e-01 -2.30824388022948e-08 
1.63507277245296e-01 1.63507277866164e-01 -2.08867540177015e-08 
1.66844160454384e-01 1.66844160941067e-01 -1.82989652444987e-08 
1.70181043663472e-01 1.70181043965383e-01 -1.53896617832033e-08 
1.73517926872559e-01 1.73517926930386e-01 -1.22627489396408e-08 
1.76854810081647e-01 1.76854809826504e-01 -9.06119197761435e-09 
1.80191693290735e-01 1.80191692643310e-01 -5.97267074887024e-09 
1.83528576499823e-01 1.83528575369510e-01 -3.23578107252452e-09 
1.86865459708910e-01 1.86865457992944e-01 -1.14662806148861e-09 
1.90202342917998e-01 1.90202340500594e-01 -6.53759053016268e-11 
1.93539226127086e-01 1.93539222878601e-01 -4.23489667240608e-10 
1.96876109336173e-01 1.96876105112304e-01 -2.73079821902591e-09 
2.00212992545261e-01 2.00212987186268e-01 -7.58279648829705e-09 
2.03549875754349e-01 2.03549869084348e-01 -1.56680882717622e-08 
2.06886758963436e-01 2.06886750789751e-01 -2.77757428971666e-08 
2.10223642172524e-01 2.10223632285121e-01 -4.48025910459890e-08 
2.13560525381612e-01 2.13560513552629e-01 -6.77604571539294e-08 
2.16897408590699e-01 2.16897394574085e-01 -9.77831192661229e-08 
2.20234291799787e-01 2.20234275331061e-01 -1.36132780546021e-07 
2.23571175008875e-01 2.23571155805031e-01 -1.84206404702749e-07 
2.26908058217962e-01 2.26908035977524e-01 -2.43541336255096e-07 
2.30244941427050e-01 2.30244915830292e-01 -3.15820293082148e-07 
2.33581824636138e-01 2.33581795345495e-01 -4.02875789665769e-07 
2.36918707845225e-01 2.36918674505897e-01 -5.06693410893302e-07 
2.40255591054313e-01 2.40255553295080e-01 -6.29414561135218e-07 
2.43592474263401e-01 2.43592431697662e-01 -7.73337726078292e-07 
2.46929357472488e-01 2.46929309699535e-01 -9.40918829650142e-07 
2.50266240681576e-01 2.50266187288113e-01 -1.13477015786936e-06 
2.53603123890664e-01 2.53603064452582e-01 -1.35765799543014e-06 
2.56940007099752e-01 2.56939941184165e-01 -1.61249870136151e-06 
2.60276890308839e-01 2.60276817476388e-01 -1.90235311575836e-06 
2.63613773517927e-01 2.63613693325351e-01 -2.23041943664492e-06 
2.66950656727015e-01 2.66950568730000e-01 -2.60002420661835e-06 
2.70287539936102e-01 2.70287443692402e-01 -3.01461134747075e-06 
2.73624423145190e-01 2.73624318218008e-01 -3.47772954850130e-06 
2.76961306354278e-01 2.76961192315915e-01 -3.99301729079628e-06 
2.80298189563365e-01 2.80298065999119e-01 -4.56418615677928e-06 
2.83635072772453e-01 2.83634939284755e-01 -5.19500188671593e-06 
2.86971955981541e-01 2.86971812194315e-01 -5.88926341217890e-06 
2.90308839190628e-01 2.90308684753860e-01 -6.65077976545613e-06 
2.93645722399716e-01 2.93645556994190e-01 -7.48334490406781e-06 
2.96982605608804e-01 2.96982428951011e-01 -8.39071057126728e-06 
3.00319488817891e-01 3.00319300665045e-01 -9.37655701351173e-06 
3.03656372026979e-01 3.03656172182137e-01 -1.04444618904112e-05 
3.06993255236067e-01 3.06993043553290e-01 -1.15978673220214e-05 
3.10330138445154e-01 3.10329914834686e-01 -1.28400451193204e-05 
3.13667021654242e-01 3.13666786087653e-01 -1.41740605951928e-05 
3.17003904863330e-01 3.17003657378573e-01 -1.56027347713302e-05 
3.20340788072418e-01 3.20340528778755e-01 -1.71286053864500e-05 
3.23677671281505e-01 3.23677400364235e-01 -1.87538869592387e-05 
3.27014554490593e-01 3.27014272215530e-01 -2.04804297574395e-05 
3.30351437699681e-01 3.30351144417324e-01 -2.23096784617743e-05 
3.33688320908768e-01 3.33688017058084e-01 -2.42426303989523e-05 
3.37025204117856e-01 3.37024890229618e-01 -2.62797937032569e-05 
3.40362087326944e-01 3.40361764026554e-01 -2.84211457821247e-05 
3.43698970536031e-01 3.43698638545751e-01 -3.06660926105589e-05 
3.47035853745119e-01 3.47035513885638e-01 -3.30134285108974e-05 
3.50372736954207e-01 3.50372390145472e-01 -3.54612979336352e-05 
3.53709620163294e-01 3.53709267424528e-01 -3.80071583847816e-05 
3.57046503372382e-01 3.57046145821205e-01 -4.06477458471377e-05 
3.60383386581470e-01 3.60383025432062e-01 -4.33790425559123e-05 
3.63720269790557e-01 3.63719906350780e-01 -4.61962478552700e-05 
3.67057152999645e-01 3.67056788667044e-01 -4.90937524108456e-05 
3.70394036208733e-01 3.70393672465366e-01 -5.20651162438184e-05 
3.73730919417820e-01 3.73730557823820e-01 -5.51030511254787e-05 
3.77067802626908e-01 3.77067444812734e-01 -5.81994075138099e-05 
3.80404685835996e-01 3.80404333493304e-01 -6.13451670145487e-05 
3.83741569045083e-01 3.83741223916156e-01 -6.45304399908371e-05 
3.87078452254171e-01 3.87078116119864e-01 -6.77444696129578e-05 
3.90415335463259e-01 3.90415010129406e-01 -7.09756420014996e-05 
3.93752218672346e-01 3.93751905954601e-01 -7.42115034609254e-05 
3.97089101881434e-01 3.97088803588497e-01 -7.74387848859823e-05 
4.00425985090522e-01 4.00425703005749e-01 -8.06434335704077e-05 
4.03762868299610e-01 4.03762604160974e-01 -8.38106530309998e-05 
4.07099751508697e-01 4.07099506987104e-01 -8.69249511965068e-05 
4.10436634717785e-01 4.10436411393744e-01 -8.99701966283760e-05 
4.13773517926873e-01 4.13773317265547e-01 -9.29296838033649e-05 
4.17110401135960e-01 4.17110224460612e-01 -9.57862071421180e-05 
4.20447284345048e-01 4.20447132808926e-01 -9.85221438185128e-05 
4.23784167554136e-01 4.23784042110849e-01 -1.01119546070783e-04 
4.27121050763223e-01 4.27120952135672e-01 -1.03560242193540e-04 
4.30457933972311e-01 4.30457862620246e-01 -1.05825946825623e-04 
4.33794817181399e-01 4.33794773267699e-01 -1.07898380242154e-04 
4.37131700390486e-01 4.37131683746265e-01 -1.09759396519390e-04 
4.40468583599574e-01 4.40468593688222e-01 -1.11391120101622e-04 
4.43805466808662e-01 4.43805502688966e-01 -1.12776091197018e-04 
4.47142350017749e-01 4.47142410306231e-01 -1.13897418636132e-04 
4.50479233226837e-01 4.50479316059463e-01 -1.14738940825803e-04 
4.53816116435925e-01 4.53816219429379e-01 -1.15285393515122e-04 
4.57152999645012e-01 4.57153119857694e-01 -1.15522584050308e-04 
4.60489882854100e-01 4.60490016747075e-01 -1.15437571752906e-04 
4.63826766063188e-01 4.63826909461273e-01 -1.15018853482874e-04 
4.67163649272275e-01 4.67163797325513e-01 -1.14256553165043e-04 
4.70500532481363e-01 4.70500679627101e-01 -1.13142615292188e-04 
4.73837415690451e-01 4.73837555616279e-01 -1.11671000935238e-04 
4.77174298899539e-01 4.77174424507351e-01 -1.09837885088377e-04 
4.80511182108626e-01 4.80511285480056e-01 -1.07641854700084e-04 
4.83848065317714e-01 4.83848137681225e-01 -1.05084105813805e-04 
4.87184948526802e-01 4.87184980226723e-01 -1.02168639340954e-04 
4.90521831735889e-01 4.90521812203667e-01 -9.89024531617496e-05 
4.93858714944977e-01 4.93858632672936e-01 -9.52957296833599e-05 
4.97195598154065e-01 4.97195440671974e-01 -9.13620184085732e-05 
5.00532481363152e-01 5.00532235217890e-01 -8.71184099663825e-05 
5.03869364572240e-01 5.03869015310841e-01 -8.25857028233378e-05 
5.07206247781328e-01 5.07205779937714e-01 -7.77885583715930e-05 
5.10543130990415e-01 5.10542528076087e-01 -7.27556455974479e-05 
5.13880014199503e-01 5.13879258698462e-01 -6.75197712899024e-05 
5.17216897408591e-01 5.17215970776778e-01 -6.21179965161398e-05 
5.20553780617678e-01 5.20552663287185e-01 -5.65917360008563e-05 
5.23890663826766e-01 5.23889335215049e-01 -5.09868398730603e-05 
5.27227547035854e-01 5.27225985560205e-01 -4.53536561495889e-05 
5.30564430244941e-01 5.30562613342412e-01 -3.97470720592840e-05 
5.33901313454029e-01 5.33899217607018e-01 -3.42265333204292e-05 
5.37238196663117e-01 5.37235797430776e-01 -2.88560394319140e-05 
5.40575079872205e-01 5.40572351927838e-01 -2.37041138428473e-05 
5.43911963081292e-01 5.43908880255858e-01 -1.88437481736809e-05 
5.47248846290380e-01 5.47245381622186e-01 -1.43523181098875e-05 
5.50585729499467e-01 5.50581855290151e-01 -1.03114717349017e-05 
5.53922612708555e-01 5.53918300585358e-01 -6.80698671052530e-06 
5.57259495917643e-01 5.57254716901995e-01 -3.92859848040779e-06 
5.60596379126731e-01 5.60591103709117e-01 -1.76979567259186e-06 
5.63933262335818e-01 5.63927460556833e-01 -4.27584714168557e-07 
5.67270145544906e-01 5.67263787082409e-01 -2.22110480438723e-09 
5.70607028753994e-01 5.70600083016208e-01 -5.96908521481997e-07 
5.73943911963081e-01 5.73936348187438e-01 -2.31746416751332e-06 
5.77280795172169e-01 5.77272582529663e-01 -5.27195214188891e-06 
5.80617678381257e-01 5.80608786086049e-01 -9.57028289279087e-06 
5.83954561590344e-01 5.83944959014266e-01 -1.53237810589077e-05 
5.87291444799432e-01 5.87281101591040e-01 -2.26447209701108e-05 
5.90628328008520e-01 5.90617214216276e-01 -3.16458309042059e-05 
5.93965211217607e-01 5.93953297416735e-01 -4.24397676860096e-05 
5.97302094426695e-01 5.97289351849193e-01 -5.51385615906054e-05 
6.00638977635783e-01 6.00625378303063e-01 -6.98530340603049e-05 
6.03975860844871e-01 6.03961377702411e-01 -8.66921892749655e-05 
6.07312744053958e-01 6.07297351107337e-01 -1.05762581583455e-04 
6.10649627263046e-01 6.10633299714680e-01 -1.27167660719193e-04 
6.13986510472133e-01 6.13969224857989e-01 -1.51007097022015e-04 
6.17323393681221e-01 6.17305128006750e-01 -1.77376089731293e-04 
6.20660276890309e-01 6.20641010764798e-01 -2.06364660203380e-04 
6.23997160099397e-01 6.23976874867903e-01 -2.38056933122124e-04 
6.27334043308484e-01 6.27312722180493e-01 -2.72530409988729e-04 
6.30670926517572e-01 6.30648554691468e-01 -3.09855236269539e-04 
6.34007809726660e-01 6.33984374509103e-01 -3.50093467419204e-04 
6.37344692935747e-01 6.37320183855009e-01 -3.93298336500940e-04 
6.40681576144835e-01 6.40655985057110e-01 -4.39513527837768e-04 
6.44018459353923e-01 6.43991780541664e-01 -4.88772460148805e-04 
6.47355342563010e-01 6.47327572824268e-01 -5.41097584174991e-04 
6.50692225772098e-01 6.50663364499889e-01 -5.96499698022995e-04 
6.54029108981186e-01 6.53999158231875e-01 -6.54977285968335e-04 
6.57365992190273e-01 6.57334956739978e-01 -7.16515884138976e-04 
6.60702875399361e-01 6.60670762787390e-01 -7.81087478379932e-04 
6.64039758608449e-01 6.64006579166798e-01 -8.48649938574999e-04 
6.67376641817536e-01 6.67342408685486e-01 -9.19146494889455e-04 
6.70713525026624e-01 6.70678254149507e-01 -9.92505259648651e-04 
6.74050408235712e-01 6.74014118346954e-01 -1.06863880051046e-03 
6.77387291444799e-01 6.77350004030370e-01 -1.14744376938782e-03 
6.80724174653887e-01 6.80685913898328e-01 -1.22880059181178e-03 
6.84061057862975e-01 6.84021850576257e-01 -1.31257322132124e-03 
6.87397941072062e-01 6.87357816596540e-01 -1.39860896355527e-03 
6.90734824281150e-01 6.90693814377963e-01 -1.48673837451104e-03 
6.94071707490238e-01 6.94029846204583e-01 -1.57677523701341e-03 
6.97408590699326e-01 6.97365914204077e-01 -1.66851661967318e-03 
7.00745473908413e-01 7.00702020325670e-01 -1.76174302221487e-03 
7.04082357117501e-01 7.04038166317719e-01 -1.85621861066884e-03 
7.07419240326589e-01 7.07374353705041e-01 -1.95169154591782e-03 
7.10756123535676e-01 7.10710583766103e-01 -2.04789440870460e-03 
7.14093006744764e-01 7.14046857510153e-01 -2.14454472356928e-03 
7.17429889953852e-01 7.17383175654419e-01 -2.24134558457871e-03 
7.20766773162939e-01 7.20719538601500e-01 -2.33798638423607e-03 
7.24103656372027e-01 7.24055946417031e-01 -2.43414364753268e-03 
7.27440539581115e-01 7.27392398807793e-01 -2.52948197225561e-03 
7.30777422790202e-01 7.30728895100366e-01 -2.62365507595486e-03 
7.34114305999290e-01 7.34065434220466e-01 -2.71630694973313e-03 
7.37451189208378e-01 7.37402014673101e-01 -2.80707311861570e-03 
7.40788072417465e-01 7.40738634523684e-01 -2.89558200732561e-03 
7.44124955626553e-01 7.44075291380243e-01 -2.98145641004254e-03 
7.47461838835641e-01 7.47411982376870e-01 -3.06431506181488e-03 
7.50798722044728e-01 7.50748704158541e-01 -3.14377430902674e-03 
7.54135605253816e-01 7.54085452867467e-01 -3.21944987505885e-03 
7.57472488462904e-01 7.57422224131098e-01 -3.29095871786981e-03 
7.60809371671991e-01 7.60759013051938e-01 -3.35792097355249e-03 
7.64146254881079e-01 7.64095814199284e-01 -3.41996198158641e-03 
7.67483138090167e-01 7.67432621603045e-01 -3.47671438435521e-03 
7.70820021299255e-01 7.70769428749770e-01 -3.52782029575315e-03 
7.74156904508342e-01 7.74106228580979e-01 -3.57293352951361e-03 
7.77493787717430e-01 7.77443013493958e-01 -3.61172188037378e-03 
7.80830670926518e-01 7.80779775345105e-01 -3.64386944850057e-03 
7.84167554135605e-01 7.84116505455923e-01 -3.66907899824587e-03 
7.87504437344693e-01 7.87453194621790e-01 -3.68707433999894e-03 
7.90841320553781e-01 7.90789833123539e-01 -3.69760272576643e-03 
7.94178203762868e-01 7.94126410741971e-01 -3.70043724547530e-03 
7.97515086971956e-01 7.97462916775335e-01 -3.69537921388427e-03 
8.00851970181044e-01 8.00799340059831e-01 -3.68226053363753e-03 
8.04188853390131e-01 8.04135668993175e-01 -3.66094602357095e-03 
8.07525736599219e-01 8.07471891561243e-01 -3.63133569739243e-03 
8.10862619808307e-01 8.10807995367803e-01 -3.59336697973304e-03 
8.14199503017395e-01 8.14143967667323e-01 -3.54701684578390e-03 
8.17536386226482e-01 8.17479795400835e-01 -3.49230386987181e-03 
8.20873269435570e-01 8.20815465234796e-01 -3.42929016879872e-03 
8.24210152644657e-01 8.24150963602914e-01 -3.35808322572380e-03 
8.27547035853745e-01 8.27486276750807e-01 -3.27883757950565e-03 
8.30883919062833e-01 8.30821390783470e-01 -3.19175636589768e-03 
8.34220802271921e-01 8.34156291715363e-01 -3.09709269602984e-03 
8.37557685481008e-01 8.37490965523020e-01 -2.99515085781596e-03 
8.40894568690096e-01 8.40825398200034e-01 -2.88628732744591e-03 
8.44231451899184e-01 8.44159575814207e-01 -2.77091157708817e-03 
8.47568335108271e-01 8.47493484566710e-01 -2.64948666613177e-03 
8.50905218317359e-01 8.50827110853026e-01 -2.52252960443290e-03 
8.54242101526447e-01 8.54160441325442e-01 -2.39061147550374e-03 
8.57578984735534e-01 8.57493462956862e-01 -2.25435730927274e-03 
8.60915867944622e-01 8.60826163105676e-01 -2.11444569481585e-03 
8.64252751153710e-01 8.64158529581390e-01 -1.97160812395536e-03 
8.67589634362797e-01 8.67490550710764e-01 -1.82662805775016e-03 
8.70926517571885e-01 8.70822215404106e-01 -1.68033971023835e-03 
8.74263400780973e-01 8.74153513221454e-01 -1.53362654240852e-03 
8.77600283990060e-01 8.77484434438296e-01 -1.38741946307209e-03 
8.80937167199148e-01 8.80814970110472e-01 -1.24269473361705e-03 
8.84274050408236e-01 8.84145112137970e-01 -1.10047157477302e-03 
8.87610933617323e-01 8.87474853327201e-01 -9.61809474490906e-04 
8.90947816826411e-01 8.90804187451464e-01 -8.27805199773986e-04 
8.94284700035499e-01 8.94133109309169e-01 -6.99589513075138e-04 
8.97621583244586e-01 8.97461614779537e-01 -5.78323598465083e-04 
9.00958466453674e-01 9.00789700875361e-01 -4.65195203428083e-04 
9.04295349662762e-01 9.04117365792486e-01 -3.61414501954540e-04 
9.07632232871849e-01 9.07444608955679e-01 -2.68209689035587e-04 
9.10969116080937e-01 9.10771431060498e-01 -1.86822315084676e-04 
9.14305999290025e-01 9.14097834110848e-01 -1.18502373366990e-04 
9.17642882499113e-01 9.17423821451913e-01 -6.45031515437174e-05 
9.20979765708200e-01 9.20749397798054e-01 -2.60758636163455e-05 
9.24316648917288e-01 9.24074569255492e-01 -4.46407550230834e-06 
9.27653532126376e-01 9.27399343339332e-01 -8.97944671623866e-07 
9.30990415335463e-01 9.30723728984789e-01 -1.65882879430420e-05 
9.34327298544551e-01 9.34047736552227e-01 -5.27205015718040e-05 
9.37664181753639e-01 9.37371377825819e-01 -1.10448350192727e-04 
9.41001064962726e-01 9.40694666005609e-01 -1.90887649878910e-04 
9.44337948171814e-01 9.44017615692704e-01 -2.95109865927896e-04 
9.47674831380902e-01 9.47340242867438e-01 -4.24135651294929e-04 
9.51011714589989e-01 9.50662564860345e-01 -5.78928349121089e-04 
9.54348597799077e-01 9.53984600315766e-01 -7.60387486334031e-04 
9.57685481008165e-01 9.57306369147931e-01 -9.69342284860681e-04 
9.61022364217252e-01 9.60627892489505e-01 -1.20654521760228e-03 
9.64359247426340e-01 9.63949192632395e-01 -1.47266563857629e-03 
9.67696130635428e-01 9.67270292960841e-01 -1.76828351509389e-03 
9.71033013844515e-01 9.70591217876759e-01 -2.09388329254937e-03 
9.74369897053603e-01 9.73911992717249e-01 -2.44984792197738e-03 
9.77706780262691e-01 9.77232643664409e-01 -2.83645308057778e-03 
9.81043663471779e-01 9.80553197647398e-01 -3.25386161768278e-03 
9.84380546680866e-01 9.83873682236879e-01 -3.70211825695609e-03 
9.87717429889954e-01 9.87194125531955e-01 -4.18114458805990e-03 
9.91054313099042e-01 9.90514556039694e-01 -4.69073437832639e-03 
9.94391196308129e-01 9.93835002547453e-01 -5.23054924016703e-03 
9.97728079517217e-01 9.97155493988194e-01 -5.80011468465521e-03 
1.00106496272630e+00 1.00047605929900e+00 -6.39881659525002e-03 
1.00440184593539e+00 1.00379672727311e+00 -7.02589815568584e-03 
1.00773872914448e+00 1.00711752640574e+00 -7.68045726459700e-03 
1.01107561235357e+00 1.01043848473407e+00 -8.36144446846233e-03 
1.01441249556266e+00 1.01375962967172e+00 -9.06766144958336e-03 
1.01774937877174e+00 1.01708098783830e+00 -9.79776009756441e-03 
1.02108626198083e+00 1.02040258488423e+00 -1.05502421988960e-02 
1.02442314518992e+00 1.02372444531166e+00 -1.13234597754033e-02 
1.02776002839901e+00 1.02704659229181e+00 -1.21156161023868e-02 
1.03109691160809e+00 1.03036904747947e+00 -1.29247674358766e-02 
1.03443379481718e+00 1.03369183082528e+00 -1.37488254784227e-02 
1.03777067802627e+00 1.03701496038643e+00 -1.45855606096505e-02 
1.04110756123536e+00 1.04033845213674e+00 -1.54326059078378e-02 
1.04444444444444e+00 1.04366231977664e+00 -1.62874619856983e-02 
1.04778132765353e+00 1.04698657454423e+00 -1.71475026621427e-02 
1.05111821086262e+00 1.05031122502803e+00 -1.80099814884863e-02 
1.05445509407171e+00 1.05363627698272e+00 -1.88720391450420e-02 
1.05779197728080e+00 1.05696173314856e+00 -1.97307117205197e-02 
1.06112886048988e+00 1.06028759307585e+00 -2.05829398841564e-02 
1.06446574369897e+00 1.06361385295535e+00 -2.14255789536505e-02 
1.06780262690806e+00 1.06694050545596e+00 -2.22554098608708e-02 
1.07113951011715e+00 1.07026753957084e+00 -2.30691510097980e-02 
1.07447639332623e+00 1.07359494047315e+00 -2.38634710169495e-02 
1.07781327653532e+00 1.07692268938277e+00 -2.46350023182066e-02 
1.08115015974441e+00 1.08025076344537e+00 -2.53803556205728e-02 
1.08448704295350e+00 1.08357913562490e+00 -2.60961351691145e-02 
1.08782392616258e+00 1.08690777461123e+00 -2.67789547945214e-02 
1.09116080937167e+00 1.09023664474383e+00 -2.74254546964648e-02 
1.09449769258076e+00 1.09356570595326e+00 -2.80323189134690e-02 
1.09783457578985e+00 1.09689491372137e+00 -2.85962934192873e-02 
1.10117145899893e+00 1.10022421906175e+00 -2.91142047788256e-02 
1.10450834220802e+00 1.10355356852154e+00 -2.95829792887491e-02 
1.10784522541711e+00 1.10688290420575e+00 -2.99996625181754e-02 
1.11118210862620e+00 1.11021216382510e+00 -3.03614391587906e-02 
1.11451899183529e+00 1.11354128076853e+00 -3.06656530821205e-02 
1.11785587504437e+00 1.11687018420103e+00 -3.09098274990076e-02 
1.12119275825346e+00 1.12019879918760e+00 -3.10916851039142e-02 
1.12452964146255e+00 1.12352704684397e+00 -3.12091680818560e-02 
1.12786652467164e+00 1.12685484451440e+00 -3.12604578516749e-02 
1.13120340788072e+00 1.13018210597690e+00 -3.12439944098590e-02 
1.13454029108981e+00 1.13350874167577e+00 -3.11584951380850e-02 
1.13787717429890e+00 1.13683465898152e+00 -3.10029729322155e-02 
1.14121405750799e+00 1.14015976247755e+00 -3.07767535108889e-02 
1.14455094071707e+00 1.14348395427322e+00 -3.04794917555502e-02 
1.14788782392616e+00 1.14680713434231e+00 -3.01111869431663e-02 
1.15122470713525e+00 1.15012920088593e+00 -2.96721967239590e-02 
1.15456159034434e+00 1.15345005071854e+00 -2.91632497104115e-02 
1.15789847355343e+00 1.15676957967550e+00 -2.85854565406248e-02 
1.16123535676251e+00 1.16008768304057e+00 -2.79403192915434e-02 
1.16457223997160e+00 1.16340425599113e+00 -2.72297391217915e-02 
1.16790912318069e+00 1.16671919405924e+00 -2.64560220360364e-02 
1.17124600638978e+00 1.17003239360594e+00 -2.56218826725087e-02 
1.17458288959886e+00 1.17334375230641e+00 -2.47304460288282e-02 
1.17791977280795e+00 1.17665316964320e+00 -2.37852470533979e-02 
1.18125665601704e+00 1.17996054740485e+00 -2.27902280457124e-02 
1.18459353922613e+00 1.18326579018689e+00 -2.17497338242707e-02 
1.18793042243521e+00 1.18656880589230e+00 -2.06685046353402e-02 
1.19126730564430e+00 1.18986950622849e+00 -1.95516667937589e-02 
1.19460418885339e+00 1.19316780719760e+00 -1.84047210639253e-02 
1.19794107206248e+00 1.19646362957742e+00 -1.72335288042100e-02 
1.20127795527157e+00 1.19975689938965e+00 -1.60442959155154e-02 
1.20461483848065e+00 1.20304754835303e+00 -1.48435546492976e-02 
1.20795172168974e+00 1.20633551431825e+00 -1.36381433478009e-02 
1.21128860489883e+00 1.20962074168228e+00 -1.24351841987770e-02 
1.21462548810792e+00 1.21290318177962e+00 -1.12420591045090e-02 
1.21796237131700e+00 1.21618279324818e+00 -1.00663837728491e-02 
1.22129925452609e+00 1.21945954236774e+00 -8.91598014955033e-03 
1.22463613773518e+00 1.22273340336926e+00 -7.79884731823456e-03 
1.22797302094427e+00 1.22600435871327e+00 -6.72313100244154e-03 
1.23130990415335e+00 1.22927239933602e+00 -5.69709180757751e-03 
1.23464678736244e+00 1.23253752486232e+00 -4.72907234317135e-03 
1.23798367057153e+00 1.23579974378402e+00 -3.82746336963079e-03 
1.24132055378062e+00 1.23905907360341e+00 -3.00066910983381e-03 
1.24465743698971e+00 1.24231554094117e+00 -2.25707186772302e-03 
1.24799432019879e+00 1.24556918160855e+00 -1.60499608824322e-03 
1.25133120340788e+00 1.24882004064345e+00 -1.05267199312897e-03 
1.25466808661697e+00 1.25206817231082e+00 -6.08198915710488e-04 
1.25800496982606e+00 1.25531364006717e+00 -2.79508456754142e-04 
1.26134185303514e+00 1.25855651648985e+00 -7.43275703576434e-05 
1.26467873624423e+00 1.26179688317119e+00 -1.41684794627537e-07 
1.26801561945332e+00 1.26503483057818e+00 -6.41579510854670e-05 
1.27135250266241e+00 1.26827045787810e+00 -2.73268707198962e-04 
1.27468938587149e+00 1.27150387273061e+00 -6.34015232853724e-04 
1.27802626908058e+00 1.27473519104678e+00 -1.15255186553270e-03 
1.28136315228967e+00 1.27796453671565e+00 -1.83461053690362e-03 
1.28470003549876e+00 1.28119204129857e+00 -2.68546578448727e-03 
1.28803691870785e+00 1.28441784369164e+00 -3.70990028560594e-03 
1.29137380191693e+00 1.28764208975663e+00 -4.91217095632645e-03 
1.29471068512602e+00 1.29086493192020e+00 -6.29597565276359e-03 
1.29804756833511e+00 1.29408652874157e+00 -7.86442051263474e-03 
1.30138445154420e+00 1.29730704444828e+00 -9.61998797107531e-03 
1.30472133475328e+00 1.30052664843968e+00 -1.15645054879954e-02 
1.30805821796237e+00 1.30374551475760e+00 -1.36991150263226e-02 
1.31139510117146e+00 1.30696382152337e+00 -1.60242433255560e-02 
1.31473198438055e+00 1.31018175034023e+00 -1.85395730241768e-02 
1.31806886758963e+00 1.31339948566008e+00 -2.12440146908748e-02 
1.32140575079872e+00 1.31661721411308e+00 -2.41356798403434e-02 
1.32474263400781e+00 1.31983512379879e+00 -2.72118550231697e-02 
1.32807951721690e+00 1.32305340353699e+00 -3.04689770955399e-02 
1.33141640042599e+00 1.32627224207661e+00 -3.39026097972677e-02 
1.33475328363507e+00 1.32949182726065e+00 -3.75074217889040e-02 
1.33809016684416e+00 1.33271234514541e+00 -4.12771663261782e-02 
1.34142705005325e+00 1.33593397907180e+00 -4.52046627766133e-02 
1.34476393326234e+00 1.33915690868691e+00 -4.92817802197225e-02 
1.34810081647142e+00 1.34238130891411e+00 -5.34994234033340e-02 
1.35143769968051e+00 1.34560734886971e+00 -5.78475213704074e-02 
1.35477458288960e+00 1.34883519072510e+00 -6.23150191048495e-02 
1.35811146609869e+00 1.35206498851313e+00 -6.68898725967328e-02 
1.36144834930777e+00 1.35529688687816e+00 -7.15590477596598e-02 
1.36478523251686e+00 1.35853101976989e+00 -7.63085236893480e-02 
1.36812211572595e+00 1.36176750908164e+00 -8.11233007871616e-02 
1.37145899893504e+00 1.36500646323477e+00 -8.59874143261343e-02 
1.37479588214412e+00 1.36824797571203e+00 -9.08839540693198e-02 
1.37813276535321e+00 1.37149212354371e+00 -9.57950905977396e-02 
1.38146964856230e+00 1.37473896575206e+00 -1.00702109030538e-01 
1.38480653177139e+00 1.37798854176105e+00 -1.05585450848675e-01 
1.38814341498048e+00 1.38124086978033e+00 -1.10424764550151e-01 
1.39148029818956e+00 1.38449594517440e+00 -1.15198965860899e-01 
1.39481718139865e+00 1.38775373883004e+00 -1.19886308221027e-01 
1.39815406460774e+00 1.39101419553766e+00 -1.24464464225928e-01 
1.40149094781683e+00 1.39427723240465e+00 -1.28910618653123e-01 
1.40482783102591e+00 1.39754273732135e+00 -1.33201573622861e-01 
1.40816471423500e+00 1.40081056750312e+00 -1.37313866333462e-01 
1.41150159744409e+00 1.40408054813448e+00 -1.41223899672415e-01 
1.41483848065318e+00 1.40735247114365e+00 -1.44908085827574e-01 
1.41817536386226e+00 1.41062609413835e+00 -1.48343002815387e-01 
1.42151224707135e+00 1.41390113953545e+00 -1.51505563594859e-01 
1.42484913028044e+00 1.41717729391826e+00 -1.54373197152497e-01 
1.42818601348953e+00 1.42045420765644e+00 -1.56924040628432e-01 
1.43152289669862e+00 1.42373149482297e+00 -1.59137141210011e-01 
1.43485977990770e+00 1.42700873344196e+00 -1.60992666151185e-01 
1.43819666311679e+00 1.43028546609890e+00 -1.62472118894395e-01 
1.44153354632588e+00 1.43356120094152e+00 -1.63558558893387e-01 
1.44487042953497e+00 1.43683541309524e+00 -1.64236822361414e-01 
1.44820731274405e+00 1.44010754651093e+00 -1.64493740832129e-01 
1.45154419595314e+00 1.44337701625581e+00 -1.64318354120800e-01 
1.45488107916223e+00 1.44664321124986e+00 -1.63702114038880e-01 
1.45821796237132e+00 1.44990549744071e+00 -1.62639075069157e-01 
1.46155484558040e+00 1.45316322139979e+00 -1.61126068146124e-01 
1.46489172878949e+00 1.45641571431164e+00 -1.59162853748553e-01 
1.46822861199858e+00 1.45966229631770e+00 -1.56752250687943e-01 
1.47156549520767e+00 1.46290228116504e+00 -1.53900237278603e-01 
1.47490237841676e+00 1.46613498110075e+00 -1.50616022009867e-01 
1.47823926162584e+00 1.46935971194429e+00 -1.46912081385420e-01 
1.48157614483493e+00 1.47257579826284e+00 -1.42804163249545e-01 
1.48491302804402e+00 1.47578257856998e+00 -1.38311254653353e-01 
1.48824991125311e+00 1.47897941046532e+00 -1.33455514109926e-01 
1.49158679446219e+00 1.48216567563277e+00 -1.28262168904728e-01 
1.49492367767128e+00 1.48534078461741e+00 -1.22759378940778e-01 
1.49826056088037e+00 1.48850418130645e+00 -1.16978069374724e-01 
1.50159744408946e+00 1.49165534704676e+00 -1.10951734998096e-01 
1.50493432729854e+00 1.49479380434113e+00 -1.04716219925432e-01 
1.50827121050763e+00 1.49791912007672e+00 -9.83094766262596e-02 
1.51160809371672e+00 1.50103090825097e+00 -9.17713086834227e-02 
1.51494497692581e+00 1.50412883217354e+00 -8.51431018531962e-02 
1.51828186013490e+00 1.50721260613552e+00 -7.84675480482638e-02 
1.52161874334398e+00 1.51028199654991e+00 -7.17883667679233e-02 
1.52495562655307e+00 1.51333682257879e+00 -6.51500282796185e-02 
1.52829250976216e+00 1.51637695627332e+00 -5.85974825109984e-02 
1.53162939297125e+00 1.51940232226125e+00 -5.21758971961119e-02 
1.53496627618033e+00 1.52241289702423e+00 -4.59304083169949e-02 
1.53830315938942e+00 1.52540870781218e+00 -3.99058853553301e-02 
1.54164004259851e+00 1.52838983124580e+00 -3.41467133123303e-02 
1.54497692580760e+00 1.53135639166024e+00 -2.86965929030888e-02 
1.54831380901668e+00 1.53430855924306e+00 -2.35983598054975e-02 
1.55165069222577e+00 1.53724654801866e+00 -1.88938233413367e-02 
1.55498757543486e+00 1.54017061372933e+00 -1.46236245262845e-02 
1.55832445864395e+00 1.54308105165961e+00 -1.08271130213307e-02 
1.56166134185304e+00 1.54597819444725e+00 -7.54224218600183e-03 
1.56499822506212e+00 1.54886240991961e+00 -4.80548114953004e-03 
1.56833510827121e+00 1.55173409898990e+00 -2.65174259321412e-03 
1.57167199148030e+00 1.55459369364320e+00 -1.11432476868396e-03 
1.57500887468939e+00 1.55744165503767e+00 -2.24866150596004e-04 
1.57834575789847e+00 1.56027847174212e+00 -1.33110424137746e-05 
1.58168264110756e+00 1.56310465812717e+00 -5.07884407926983e-04 
1.58501952431665e+00 1.56592075292356e+00 -1.73507418153730e-03 
1.58835640752574e+00 1.56872731795786e+00 -3.71961931314001e-03 
1.59169329073482e+00 1.57152493707321e+00 -6.48450181850442e-03 
1.59503017394391e+00 1.57431421524002e+00 -1.00509411341805e-02 
1.59836705715300e+00 1.57709577785963e+00 -1.44383890971606e-02 
1.60170394036209e+00 1.57987027026223e+00 -1.96645238975838e-02 
1.60504082357118e+00 1.58263835739881e+00 -2.57452413652748e-02 
1.60837770678026e+00 1.58540072372602e+00 -3.26946419537660e-02 
1.61171458998935e+00 1.58815807328161e+00 -4.05250117712209e-02 
1.61505147319844e+00 1.59091112994760e+00 -4.92467959704278e-02 
1.61838835640753e+00 1.59366063789750e+00 -5.88685627511674e-02 
1.62172523961661e+00 1.59640736222345e+00 -6.93969561345410e-02 
1.62506212282570e+00 1.59915208973812e+00 -8.08366355489388e-02 
1.62839900603479e+00 1.60189562994563e+00 -9.31902000981347e-02 
1.63173588924388e+00 1.60463881617461e+00 -1.06458095186009e-01 
1.63507277245296e+00 1.60738250686446e+00 -1.20638498905098e-01 
1.63840965566205e+00 1.61012758699458e+00 -1.35727185297856e-01 
1.64174653887114e+00 1.61287496964247e+00 -1.51717361214949e-01 
1.64508342208023e+00 1.61562559765348e+00 -1.68599473060197e-01 
1.64842030528931e+00 1.61838044539884e+00 -1.86360979182787e-01 
1.65175718849840e+00 1.62114052059213e+00 -2.04986083067563e-01 
1.65509407170749e+00 1.62390686612415e+00 -2.24455421772281e-01 
1.65843095491658e+00 1.62668056186417e+00 -2.44745703237505e-01 
1.66176783812567e+00 1.62946272635836e+00 -2.65829285184254e-01 
1.66510472133475e+00 1.63225451833515e+00 -2.87673687274857e-01 
1.66844160454384e+00 1.63505713789838e+00 -3.10241027077271e-01 
1.67177848775293e+00 1.63787182725271e+00 -3.33487369157684e-01 
1.67511537096202e+00 1.64069987075800e+00 -3.57361975368145e-01 
1.67845225417110e+00 1.64354259404763e+00 -3.81806443176260e-01 
1.68178913738019e+00 1.64640136186667e+00 -4.06753717843254e-01 
1.68512602058928e+00 1.64927757418425e+00 -4.32126963579201e-01 
1.68846290379837e+00 1.65217266000549e+00 -4.57838278849504e-01 
1.69179978700745e+00 1.65508806814551e+00 -4.83787242249458e-01 
1.69513667021654e+00 1.65802525402504e+00 -5.09859278555285e-01 
1.69847355342563e+00 1.66098566129821e+00 -5.35923840804191e-01 
1.70181043663472e+00 1.66397069682386e+00 -5.61832415094851e-01 
1.70514731984381e+00 1.66698169714538e+00 -5.87416372439131e-01 
1.70848420305289e+00 1.67001988426189e+00 -6.12484719389614e-01 
1.71182108626198e+00 1.67308630808930e+00 -6.36821840132557e-01 
1.71515796947107e+00 1.67618177268910e+00 -6.60185381933014e-01 
1.71849485268016e+00 1.67930674320377e+00 -6.82304518195049e-01 
1.72183173588924e+00 1.68246123067748e+00 -7.02878933117690e-01 
1.72516861909833e+00 1.68564465285750e+00 -7.21579009716084e-01 
1.72850550230742e+00 1.68885567108364e+00 -7.38047861761946e-01 
1.73184238551651e+00 1.69209200699128e+00 -7.51906007962213e-01 
1.73517926872559e+00 1.69535024847567e+00 -7.62759597486828e-01 
1.73851615193468e+00 1.69862566241886e+00 -7.70213081494520e-01 
1.74185303514377e+00 1.70191204156945e+00 -7.73886975041087e-01 
1.74518991835286e+00 1.70520162286295e+00 -7.73440746059628e-01 
1.74852680156195e+00 1.70848512074240e+00 -7.68599827549225e-01 
1.75186368477103e+00 1.71175191646631e+00 -7.59184341684436e-01 
1.75520056798012e+00 1.71499042785983e+00 -7.45135656260514e-01 
1.75853745118921e+00 1.71818865180999e+00 -7.26535926190820e-01 
1.76187433439830e+00 1.72133482946071e+00 -7.03615953808998e-01 
1.76521121760738e+00 1.72441814494629e+00 -6.76748404246259e-01 
1.76854810081647e+00 1.72742934932628e+00 -6.46426368494106e-01 
1.77188498402556e+00 1.73036121299398e+00 -6.13230520158057e-01 
1.77522186723465e+00 1.73320874964446e+00 -5.77790446536031e-01 
1.77855875044373e+00 1.73596920740898e+00 -5.40746342390083e-01 
1.78189563365282e+00 1.73864186841868e+00 -5.02716147372472e-01 
1.78523251686191e+00 1.74122772359133e+00 -4.64271091352527e-01 
1.78856940007100e+00 1.74372909261424e+00 -4.25920393111526e-01 
1.79190628328009e+00 1.74614924629305e+00 -3.88104189198953e-01 
1.79524316648917e+00 1.74849206886670e+00 -3.51192879605153e-01 
1.79858004969826e+00 1.75076177897665e+00 -3.15490863031700e-01 
1.80191693290735e+00 1.75296271362144e+00 -2.81242851555678e-01 
1.80525381611644e+00 1.75509917049210e+00 -2.48641362602153e-01 
1.80859069932552e+00 1.75717529971162e+00 -2.17834418772196e-01 
1.81192758253461e+00 1.75919503476856e+00 -1.88932856103855e-01 
1.81526446574370e+00 1.76116205301310e+00 -1.62016919591092e-01 
1.81860134895279e+00 1.76307975750255e+00 -1.37142014659444e-01 
1.82193823216187e+00 1.76495127363365e+00 -1.14343601878440e-01 
1.82527511537096e+00 1.76677945555745e+00 -9.36412890835316e-02 
1.82861199858005e+00 1.76856689869720e+00 -7.50422074481801e-02 
1.83194888178914e+00 1.77031595574706e+00 -5.85437688843588e-02 
1.83528576499823e+00 1.77202875433689e+00 -4.41359006104219e-02 
1.83862264820731e+00 1.77370721514599e+00 -3.18028447590247e-02 
1.84195953141640e+00 1.77535306967936e+00 -2.15246002106747e-02 
1.84529641462549e+00 1.77696787722408e+00 -1.32780725654347e-02 
1.84863329783458e+00 1.77855304071316e+00 -7.03798747669405e-03 
1.85197018104366e+00 1.78010982136603e+00 -2.77761298250871e-03 
1.85530706425275e+00 1.78163935206817e+00 -4.69328200466384e-04 
1.85864394746184e+00 1.78314264951145e+00 -8.50687650457923e-05 
1.86198083067093e+00 1.78462062515325e+00 -1.59667358611254e-03 
1.86531771388001e+00 1.78607409507165e+00 -4.97615275182600e-03 
1.86865459708910e+00 1.78750378880422e+00 -1.01958925193380e-02 
1.87199148029819e+00 1.78891035725994e+00 -1.72288102015966e-02 
1.87532836350728e+00 1.79029437979226e+00 -2.60484692278762e-02 
1.87866524671637e+00 1.79165637051673e+00 -3.66291626170557e-02 
1.88200212992545e+00 1.79299678395108e+00 -4.89459714721973e-02 
1.88533901313454e+00 1.79431602004908e+00 -6.29748037906372e-02 
1.88867589634363e+00 1.79561442869262e+00 -7.86924178340642e-02 
1.89201277955272e+00 1.79689231370058e+00 -9.60764334598175e-02 
1.89534966276180e+00 1.79814993640642e+00 -1.15105334140849e-01 
1.89868654597089e+00 1.79938751885106e+00 -1.35758461857169e-01 
1.90202342917998e+00 1.80060524663227e+00 -1.58016006609289e-01 
1.90536031238907e+00 1.80180327144729e+00 -1.81858991956848e-01 
1.90869719559815e+00 1.80298171336091e+00 -2.07269257702061e-01 
1.91203407880724e+00 1.80414066282785e+00 -2.34229440616623e-01 
1.91537096201633e+00 1.80528018249448e+00 -2.62722953930341e-01 
1.91870784522542e+00 1.80640030880227e+00 -2.92733966152961e-01 
1.92204472843450e+00 1.80750105341268e+00 -3.24247379688545e-01 
1.92538161164359e+00 1.80858240447066e+00 -3.57248809607831e-01 
1.92871849485268e+00 1.80964432772214e+00 -3.91724562869378e-01 
1.93205537806177e+00 1.81068676749875e+00 -4.27661618225175e-01 
1.93539226127086e+00 1.81170964758177e+00 -4.65047606996607e-01 
1.93872914447994e+00 1.81271287195547e+00 -5.03870794875429e-01 
1.94206602768903e+00 1.81369632545896e+00 -5.44120064871672e-01 
1.94540291089812e+00 1.81465987434459e+00 -5.85784901516827e-01 
1.94873979410721e+00 1.81560336674964e+00 -6.28855376405853e-01 
1.95207667731629e+00 1.81652663308749e+00 -6.73322135162259e-01 
1.95541356052538e+00 1.81742948636328e+00 -7.19176385897163e-01 
1.95875044373447e+00 1.81831172241874e+00 -7.66409889229892e-01 
1.96208732694356e+00 1.81917312010987e+00 -8.15014949946199e-01 
1.96542421015264e+00 1.82001344142057e+00 -8.64984410362144e-01 
1.96876109336173e+00 1.82083243151515e+00 -9.16311645476947e-01 
1.97209797657082e+00 1.82162981873166e+00 -9.68990559999072e-01 
1.97543485977991e+00 1.82240531451769e+00 -1.02301558734652e+00 
1.97877174298900e+00 1.82315861331014e+00 -1.07838169072795e+00 
1.98210862619808e+00 1.82388939235946e+00 -1.13508436643390e+00 
1.98544550940717e+00 1.82459731149917e+00 -1.19311964947994e+00 
1.98878239261626e+00 1.82528201286048e+00 -1.25248412176502e+00 
1.99211927582535e+00 1.82594312053200e+00 -1.31317492293574e+00 
1.99545615903443e+00 1.82658024016376e+00 -1.37518976416703e+00 
1.99879304224352e+00 1.82719295851489e+00 -1.43852694511085e+00 
2.00212992545261e+00 1.82778084294358e+00 -1.50318537428863e+00 
2.00546680866170e+00 1.82834344083802e+00 -1.56916459325379e+00 
2.00880369187078e+00 1.82888027898650e+00 -1.63646480488850e+00 
2.01214057507987e+00 1.82939086288471e+00 -1.70508690625812e+00 
2.01547745828896e+00 1.82987467597802e+00 -1.77503252650227e+00 
2.01881434149805e+00 1.83033117883635e+00 -1.84630407031314e+00 
2.02215122470714e+00 1.83075980825904e+00 -1.91890476762954e+00 
2.02548810791622e+00 1.83115997630701e+00 -1.99283873026846e+00 
2.02882499112531e+00 1.83153106925934e+00 -2.06811101631704e+00 
2.03216187433440e+00 1.83187244649188e+00 -2.14472770323203e+00 
2.03549875754349e+00 1.83218343927480e+00 -2.22269597073058e+00 
2.03883564075257e+00 1.83246334948720e+00 -2.30202419471998e+00 
2.04217252396166e+00 1.83271144824674e+00 -2.38272205369475e+00 
2.04550940717075e+00 1.83292697445314e+00 -2.46480064925185e+00 
2.04884629037984e+00 1.83310913324573e+00 -2.54827264261582e+00 
2.05218317358892e+00 1.83325709437615e+00 -2.63315240936079e+00 
2.05552005679801e+00 1.83336999050006e+00 -2.71945621484481e+00 
2.05885694000710e+00 1.83344691539370e+00 -2.80720241326386e+00 
2.06219382321619e+00 1.83348692210572e+00 -2.89641167367488e+00 
2.06553070642528e+00 1.83348902105872e+00 -2.98710723685412e+00 
2.06886758963436e+00 1.83345217812247e+00 -3.07931520745687e+00 
2.07220447284345e+00 1.83337531268831e+00 -3.17306488661574e+00 
2.07554135605254e+00 1.83325729578654e+00 -3.26838915090399e+00 
2.07887823926163e+00 1.83309694830250e+00 -3.36532488446492e+00 
2.08221512247071e+00 1.83289303936666e+00 -3.46391347210022e+00 
2.08555200567980e+00 1.83264428501900e+00 -3.56420136220786e+00 
2.08888888888889e+00 1.83234934728002e+00 -3.66624070964437e+00 
2.09222577209798e+00 1.83200683380297e+00 -3.77009010983928e+00 
2.09556265530706e+00 1.83161529833581e+00 -3.87581543674563e+00 
2.09889953851615e+00 1.83117324229118e+00 -3.98349079837023e+00 
2.10223642172524e+00 1.83067911781210e+00 -4.09319962453290e+00 
2.10557330493433e+00 1.83013133283481e+00 -4.20503590188938e+00 
2.10891018814341e+00 1.82952825879490e+00 -4.31910557072196e+00 
2.11224707135250e+00 1.82886824180390e+00 -4.43552809595216e+00 
2.11558395456159e+00 1.82814961834756e+00 -4.55443822035662e+00 
2.11892083777068e+00 1.82737073682991e+00 -4.67598789980078e+00 
2.12225772097977e+00 1.82652998660935e+00 -4.80034840656571e+00 
2.12559460418885e+00 1.82562583653911e+00 -4.92771256504725e+00 
2.12893148739794e+00 1.82465688541331e+00 -5.05829705085263e+00 
2.13226837060703e+00 1.82362192708570e+00 -5.19234463539022e+00 
2.13560525381612e+00 1.82252003328216e+00 -5.33012618856513e+00 
2.13894213702520e+00 1.82135065711962e+00 -5.47194215733271e+00 
2.14227902023429e+00 1.82011375983058e+00 -5.61812311469809e+00 
2.14561590344338e+00 1.81880996182009e+00 -5.76902882447285e+00 
2.14895278665247e+00 1.81744071648235e+00 -5.92504510481036e+00 
2.15228966986155e+00 1.81600850065055e+00 -6.08657763028043e+00 
2.15562655307064e+00 1.81451700873311e+00 -6.25404174842429e+00 
2.15896343627973e+00 1.81297132854534e+00 -6.42784749669186e+00 
2.16230031948882e+00 1.81137806662125e+00 -6.60837940974420e+00 
2.16563720269791e+00 1.80974538202895e+00 -6.79597151488927e+00 
2.16897408590699e+00 1.80808288489398e+00 -6.99087914735608e+00 
2.17231096911608e+00 1.80640136444835e+00 -7.19325070817249e+00 
2.17564785232517e+00 1.80471233545152e+00 -7.40310380215728e+00 
2.17898473553426e+00 1.80302742997376e+00 -7.62031069519365e+00 
2.18232161874334e+00 1.80135770441216e+00 -7.84459714757511e+00 
2.18565850195243e+00 1.79971296331195e+00 -8.07555630855015e+00 
2.18899538516152e+00 1.79810120690948e+00 -8.31267611124700e+00 
2.19233226837061e+00 1.79652828321115e+00 -8.55537564395963e+00 
2.19566915157969e+00 1.79499777718961e+00 -8.80304439637635e+00 
2.19900603478878e+00 1.79351111812924e+00 -9.05507853048042e+00 
2.20234291799787e+00 1.79206784895838e+00 -9.31091002076315e+00 
2.20567980120696e+00 1.79066598674697e+00 -9.57002677831612e+00 
2.20901668441605e+00 1.78930240898444e+00 -9.83198388913877e+00 
2.21235356762513e+00 1.78797321734907e+00 -1.00964074038907e+01 
2.21569045083422e+00 1.78667405065710e+00 -1.03629926627576e+01 
2.21902733404331e+00 1.78540033572216e+00 -1.06314991176717e+01 
2.22236421725240e+00 1.78414747663445e+00 -1.09017432811798e+01 
2.22570110046148e+00 1.78291098959484e+00 -1.11735909960212e+01 
2.22903798367057e+00 1.78168659315229e+00 -1.14469498095820e+01 
2.23237486687966e+00 1.78047026392719e+00 -1.17217619093897e+01 
2.23571175008875e+00 1.77925826682952e+00 -1.19979978407575e+01 
2.23904863329783e+00 1.77804716719525e+00 -1.22756510738088e+01 
2.24238551650692e+00 1.77683383062672e+00 -1.25547333952771e+01 
2.24572239971601e+00 1.77561541486273e+00 -1.28352710518018e+01 
2.24905928292510e+00 1.77438935680175e+00 -1.31173015507067e+01 
2.25239616613419e+00 1.77315335686366e+00 -1.34008710203108e+01 
2.25573304934327e+00 1.77190536216946e+00 -1.36860320371911e+01 
2.25906993255236e+00 1.77064354950281e+00 -1.39728418376421e+01 
2.26240681576145e+00 1.76936630864907e+00 -1.42613608420255e+01 
2.26574369897054e+00 1.76807222645063e+00 -1.45516514321122e+01 
2.26908058217962e+00 1.76676007174247e+00 -1.48437769320752e+01 
2.27241746538871e+00 1.76542878121556e+00 -1.51378007531315e+01 
2.27575434859780e+00 1.76407744618230e+00 -1.54337856698779e+01 
2.27909123180689e+00 1.76270530017371e+00 -1.57317932031511e+01 
2.28242811501597e+00 1.76131170727533e+00 -1.60318830899074e+01 
2.28576499822506e+00 1.75989615109949e+00 -1.63341128252925e+01 
2.28910188143415e+00 1.75845822429325e+00 -1.66385372658724e+01 
2.29243876464324e+00 1.75699761848914e+00 -1.69452082860837e+01 
2.29577564785233e+00 1.75551411461826e+00 -1.72541744823993e+01 
2.29911253106141e+00 1.75400757352082e+00 -1.75654809216062e+01 
2.30244941427050e+00 1.75247792680570e+00 -1.78791689310194e+01 
2.30578629747959e+00 1.75092516792835e+00 -1.81952759294639e+01 
2.30912318068868e+00 1.74934934347323e+00 -1.85138352985191e+01 
2.31246006389776e+00 1.74775054464316e+00 -1.88348762938495e+01 
2.31579694710685e+00 1.74612889897266e+00 -1.91584239965218e+01 
2.31913383031594e+00 1.74448456229448e+00 -1.94844993040534e+01 
2.32247071352503e+00 1.74281771099884e+00 -1.98131189605974e+01 
2.32580759673411e+00 1.74112853463195e+00 -2.01442956252056e+01 
2.32914447994320e+00 1.73941722888423e+00 -2.04780379765403e+01 
2.33248136315229e+00 1.73768398902043e+00 -2.08143508518046e+01 
2.33581824636138e+00 1.73592900380138e+00 -2.11532354170513e+01 
2.33915512957046e+00 1.73415244994315e+00 -2.14946893654556e+01 
2.34249201277955e+00 1.73235448715193e+00 -2.18387071396427e+01 
2.34582889598864e+00 1.73053525376483e+00 -2.21852801737611e+01 
2.34916577919773e+00 1.72869486301571e+00 -2.25343971507151e+01 
2.35250266240682e+00 1.72683339993483e+00 -2.28860442698283e+01 
2.35583954561590e+00 1.72495091887912e+00 -2.32402055202029e+01 
2.35917642882499e+00 1.72304744167910e+00 -2.35968629551669e+01 
2.36251331203408e+00 1.72112295637759e+00 -2.39559969634529e+01 
2.36585019524317e+00 1.71917741652650e+00 -2.43175865331074e+01 
2.36918707845225e+00 1.71721074099947e+00 -2.46816095045711e+01 
2.37252396166134e+00 1.71522281427234e+00 -2.50480428098800e+01 
2.37586084487043e+00 1.71321348711834e+00 -2.54168626954757e+01 
2.37919772807952e+00 1.71118257766250e+00 -2.57880449266800e+01 
2.38253461128861e+00 1.70912987273804e+00 -2.61615649724424e+01 
2.38587149449769e+00 1.70705512948842e+00 -2.65373981695042e+01 
2.38920837770678e+00 1.70495807715982e+00 -2.69155198656200e+01 
2.39254526091587e+00 1.70283841903219e+00 -2.72959055419261e+01 
2.39588214412496e+00 1.70069583444018e+00 -2.76785309149298e+01 
2.39921902733404e+00 1.69852998084009e+00 -2.80633720189344e+01 
2.40255591054313e+00 1.69634049588353e+00 -2.84504052699754e+01 
2.40589279375222e+00 1.69412699946356e+00 -2.88396075125518e+01 
2.40922967696131e+00 1.69188909570436e+00 -2.92309560505871e+01 
2.41256656017039e+00 1.68962637487033e+00 -2.96244286641544e+01 
2.41590344337948e+00 1.68733841517537e+00 -3.00200036135409e+01 
2.41924032658857e+00 1.68502478447779e+00 -3.04176596322488e+01 
2.42257720979766e+00 1.68268504185021e+00 -3.08173759104903e+01 
2.42591409300675e+00 1.68031873901766e+00 -3.12191320706911e+01 
2.42925097621583e+00 1.67792542166052e+00 -3.16229081364363e+01 
2.43258785942492e+00 1.67550463058142e+00 -3.20286844961981e+01 
2.43592474263401e+00 1.67305590273837e+00 -3.24364418630878e+01 
2.43926162584310e+00 1.67057877214755e+00 -3.28461612317546e+01 
2.44259850905218e+00 1.66807277066156e+00 -3.32578238334429e+01 
2.44593539226127e+00 1.66553742862991e+00 -3.36714110901050e+01 
2.44927227547036e+00 1.66297227544941e+00 -3.40869045683466e+01 
2.45260915867945e+00 1.66037684001317e+00 -3.45042859338797e+01 
2.45594604188853e+00 1.65775065106694e+00 -3.49235369070432e+01 
2.45928292509762e+00 1.65509323748203e+00 -3.53446392198616e+01 
2.46261980830671e+00 1.65240412845404e+00 -3.57675745750146e+01 
2.46595669151580e+00 1.64968285363639e+00 -3.61923246070068e+01 
2.46929357472488e+00 1.64692894321737e+00 -3.66188708457526e+01 
2.47263045793397e+00 1.64414192794950e+00 -3.70471946827229e+01 
2.47596734114306e+00 1.64132133913877e+00 -3.74772773397363e+01 
2.47930422435215e+00 1.63846670860166e+00 -3.79090998404249e+01 
2.48264110756124e+00 1.63557756859665e+00 -3.83426429843679e+01 
2.48597799077032e+00 1.63265345173678e+00 -3.87778873238269e+01 
2.48931487397941e+00 1.62969389088892e+00 -3.92148131430116e+01 
2.49265175718850e+00 1.62669841906511e+00 -3.96534004397507e+01 
2.49598864039759e+00 1.62366656931040e+00 -4.00936289094444e+01 
2.49932552360667e+00 1.62059787459133e+00 -4.05354779311432e+01 
2.50266240681576e+00 1.61749186768856e+00 -4.09789265555965e+01 
2.50599929002485e+00 1.61434808109642e+00 -4.14239534951006e+01 
2.50933617323394e+00 1.61116604693199e+00 -4.18705371149801e+01 
2.51267305644302e+00 1.60794529685554e+00 -4.23186554265241e+01 
2.51600993965211e+00 1.60468536200391e+00 -4.27682860812176e+01 
2.51934682286120e+00 1.60138577293804e+00 -4.32194063660950e+01 
2.52268370607029e+00 1.59804605960524e+00 -4.36719932000684e+01 
2.52602058927938e+00 1.59466575131685e+00 -4.41260231310721e+01 
2.52935747248846e+00 1.59124437674129e+00 -4.45814723338931e+01 
2.53269435569755e+00 1.58778146391265e+00 -4.50383166085507e+01 
2.53603123890664e+00 1.58427654025424e+00 -4.54965313791134e+01 
2.53936812211573e+00 1.58072913261702e+00 -4.59560916928452e+01 
2.54270500532481e+00 1.57713876733194e+00 -4.64169722195811e+01 
2.54604188853390e+00 1.57350497027582e+00 -4.68791472512585e+01 
2.54937877174299e+00 1.56982726694974e+00 -4.73425907015220e+01 
2.55271565495208e+00 1.56610518256921e+00 -4.78072761053438e+01 
2.55605253816116e+00 1.56233824216527e+00 -4.82731766186108e+01 
2.55938942137025e+00 1.55852597069546e+00 -4.87402650176337e+01 
2.56272630457934e+00 1.55466789316393e+00 -4.92085136985442e+01 
2.56606318778843e+00 1.55076353474969e+00 -4.96778946765607e+01 
2.56940007099752e+00 1.54681242094217e+00 -5.01483795850969e+01 
2.57273695420660e+00 1.54281407768332e+00 -5.06199396747172e+01 
2.57607383741569e+00 1.53876803151529e+00 -5.10925458119172e+01 
2.57941072062478e+00 1.53467380973317e+00 -5.15661684777451e+01 
2.58274760383387e+00 1.53053094054200e+00 -5.20407777662609e+01 
2.58608448704295e+00 1.52633895321736e+00 -5.25163433828476e+01 
2.58942137025204e+00 1.52209737826916e+00 -5.29928346423827e+01 
2.59275825346113e+00 1.51780574760790e+00 -5.34702204672893e+01 
2.59609513667022e+00 1.51346359471316e+00 -5.39484693854816e+01 
2.59943201987930e+00 1.50907045480377e+00 -5.44275495282223e+01 
2.60276890308839e+00 1.50462586500944e+00 -5.49074286279169e+01 
2.60610578629748e+00 1.50012936454338e+00 -5.53880740158560e+01 
2.60944266950657e+00 1.49558049487599e+00 -5.58694526199364e+01 
2.61277955271566e+00 1.49097879990898e+00 -5.63515309623733e+01 
2.61611643592474e+00 1.48632382615024e+00 -5.68342751574296e+01 
2.61945331913383e+00 1.48161512288893e+00 -5.73176509091753e+01 
2.62279020234292e+00 1.47685224237097e+00 -5.78016235093052e+01 
2.62612708555201e+00 1.47203473997472e+00 -5.82861578350231e+01 
2.62946396876109e+00 1.46716217438683e+00 -5.87712183470172e+01 
2.63280085197018e+00 1.46223410777841e+00 -5.92567690875365e+01 
2.63613773517927e+00 1.45725010598120e+00 -5.97427736785928e+01 
2.63947461838836e+00 1.45220973866399e+00 -6.02291953202861e+01 
2.64281150159744e+00 1.44711257950937e+00 -6.07159967892853e+01 
2.64614838480653e+00 1.44195820639049e+00 -6.12031404374625e+01 
2.64948526801562e+00 1.43674620154827e+00 -6.16905881906950e+01 
2.65282215122471e+00 1.43147615176885e+00 -6.21783015478489e+01 
2.65615903443379e+00 1.42614764856137e+00 -6.26662415799456e+01 
2.65949591764288e+00 1.42076028833613e+00 -6.31543689295264e+01 
2.66283280085197e+00 1.41531367258319e+00 -6.36426438102191e+01 
2.66616968406106e+00 1.40980740805133e+00 -6.41310260065088e+01 
2.66950656727015e+00 1.40424110692758e+00 -6.46194748737295e+01 
2.67284345047923e+00 1.39861438701710e+00 -6.51079493382687e+01 
2.67618033368832e+00 1.39292687192366e+00 -6.55964078979987e+01 
2.67951721689741e+00 1.38717819123052e+00 -6.60848086229342e+01 
2.68285410010650e+00 1.38136798068186e+00 -6.65731091561218e+01 
2.68619098331558e+00 1.37549588236466e+00 -6.70612667147611e+01 
2.68952786652467e+00 1.36956154489105e+00 -6.75492380915688e+01 
2.69286474973376e+00 1.36356462358109e+00 -6.80369796563762e+01 
2.69620163294285e+00 1.35750478064597e+00 -6.85244473579710e+01 
2.69953851615193e+00 1.35138168537155e+00 -6.90115967261869e+01 
2.70287539936102e+00 1.34519501430224e+00 -6.94983828742350e+01 
2.70621228257011e+00 1.33894445142515e+00 -6.99847605012848e+01 
2.70954916577920e+00 1.33262968835443e+00 -7.04706838952977e+01 
2.71288604898829e+00 1.32625042451579e+00 -7.09561069361118e+01 
2.71622293219737e+00 1.31980636733105e+00 -7.14409830987762e+01 
2.71955981540646e+00 1.31329723240274e+00 -7.19252654571485e+01 
2.72289669861555e+00 1.30672274369862e+00 -7.24089066877423e+01 
2.72623358182464e+00 1.30008263373600e+00 -7.28918590738383e+01 
2.72957046503372e+00 1.29337664376588e+00 -7.33740745098512e+01 
2.73290734824281e+00 1.28660452395668e+00 -7.38555045059632e+01 
2.73624423145190e+00 1.27976603357762e+00 -7.43361001930157e+01 
2.73958111466099e+00 1.27286094118153e+00 -7.48158123276697e+01 
2.74291799787007e+00 1.26588902478705e+00 -7.52945912978304e+01 
2.74625488107916e+00 1.25885007206008e+00 -7.57723871283374e+01 
2.74959176428825e+00 1.25174388049449e+00 -7.62491494869263e+01 
2.75292864749734e+00 1.24457025759175e+00 -7.67248276904592e+01 
2.75626553070642e+00 1.23732902103968e+00 -7.71993707114241e+01 
2.75960241391551e+00 1.23001999888993e+00 -7.76727271847096e+01 
2.76293929712460e+00 1.22264302973426e+00 -7.81448454146459e+01 
2.76627618033369e+00 1.21519796287945e+00 -7.86156733823276e+01 
2.76961306354278e+00 1.20768465852070e+00 -7.90851587532024e+01 
2.77294994675186e+00 1.20010298791348e+00 -7.95532488849402e+01 
2.77628682996095e+00 1.19245283354359e+00 -8.00198908355724e+01 
2.77962371317004e+00 1.18473408929548e+00 -8.04850313719087e+01 
2.78296059637913e+00 1.17694666061860e+00 -8.09486169782275e+01 
2.78629747958821e+00 1.16909046469164e+00 -8.14105938652427e+01 
2.78963436279730e+00 1.16116543058470e+00 -8.18709079793421e+01 
2.79297124600639e+00 1.15317149941904e+00 -8.23295050121009e+01 
2.79630812921548e+00 1.14510862452453e+00 -8.27863304100694e+01 
2.79964501242457e+00 1.13697677159448e+00 -8.32413293848278e+01 
2.80298189563365e+00 1.12877591883790e+00 -8.36944469233218e+01 
2.80631877884274e+00 1.12050605712890e+00 -8.41456277984523e+01 
2.80965566205183e+00 1.11216719015326e+00 -8.45948165799491e+01 
2.81299254526092e+00 1.10375933455201e+00 -8.50419576454991e+01 
2.81632942847000e+00 1.09528252006175e+00 -8.54869951921417e+01 
2.81966631167909e+00 1.08673678965192e+00 -8.59298732479286e+01 
2.82300319488818e+00 1.07812219965851e+00 -8.63705356838379e+01 
2.82634007809727e+00 1.06943881991435e+00 -8.68089262259476e+01 
2.82967696130635e+00 1.06068673387583e+00 -8.72449884678614e+01 
2.83301384451544e+00 1.05186603874578e+00 -8.76786658833839e+01 
2.83635072772453e+00 1.04297684559266e+00 -8.81099018394433e+01 
2.83968761093362e+00 1.03401927946554e+00 -8.85386396092562e+01 
2.84302449414271e+00 1.02499347950524e+00 -8.89648223857308e+01 
2.84636137735179e+00 1.01589959905111e+00 -8.93883932951068e+01 
2.84969826056088e+00 1.00673780574349e+00 -8.98092954108231e+01 
2.85303514376997e+00 9.97508281621820e-01 -9.02274717676133e+01 
2.85637202697906e+00 9.88211223218068e-01 -9.06428653758184e+01 
2.85970891018814e+00 9.78846841645600e-01 -9.10554192359194e+01 
2.86304579339723e+00 9.69415362683199e-01 -9.14650763532780e+01 
2.86638267660632e+00 9.59917026854232e-01 -9.18717797530810e+01 
2.86971955981541e+00 9.50352089500738e-01 -9.22754724954847e+01 
2.87305644302449e+00 9.40720820852538e-01 -9.26760976909510e+01 
2.87639332623358e+00 9.31023506090962e-01 -9.30735985157733e+01 
2.87973020944267e+00 9.21260445407422e-01 -9.34679182277757e+01 
2.88306709265176e+00 9.11431954056425e-01 -9.38590001821915e+01 
2.88640397586085e+00 9.01538362403157e-01 -9.42467878477072e+01 
2.88974085906993e+00 8.91580015965374e-01 -9.46312248226615e+01 
2.89307774227902e+00 8.81557275449651e-01 -9.50122548513985e+01 
2.89641462548811e+00 8.71470516781776e-01 -9.53898218407683e+01 
2.89975150869720e+00 8.61320131131258e-01 -9.57638698767580e+01 
2.90308839190628e+00 8.51106524929850e-01 -9.61343432412545e+01 
2.90642527511537e+00 8.40830119884059e-01 -9.65011864289275e+01 
2.90976215832446e+00 8.30491352981406e-01 -9.68643441642238e+01 
2.91309904153355e+00 8.20090676490577e-01 -9.72237614184636e+01 
2.91643592474263e+00 8.09628557955213e-01 -9.75793834270329e+01 
2.91977280795172e+00 7.99105480181351e-01 -9.79311557066614e+01 
2.92310969116081e+00 7.88521941218426e-01 -9.82790240727756e+01 
2.92644657436990e+00 7.77878454333833e-01 -9.86229346569203e+01 
2.92978345757898e+00 7.67175547980855e-01 -9.89628339242378e+01 
2.93312034078807e+00 7.56413765760064e-01 -9.92986686909936e+01 
2.93645722399716e+00 7.45593666374004e-01 -9.96303861421439e+01 
2.93979410720625e+00 7.34715823575235e-01 -9.99579338489276e+01 
2.94313099041534e+00 7.23780826107602e-01 -1.00281259786480e+02 
2.94646787362442e+00 7.12789277640698e-01 -1.00600312351455e+02 
2.94980475683351e+00 7.01741796697600e-01 -1.00915040379641e+02 
2.95314164004260e+00 6.90639016575678e-01 -1.01225393163574e+02 
2.95647852325169e+00 6.79481585260591e-01 -1.01531320470117e+02 
2.95981540646077e+00 6.68270165333395e-01 -1.01832772558013e+02 
2.96315228966986e+00 6.57005433870761e-01 -1.02129700195395e+02 
2.96648917287895e+00 6.45688082338268e-01 -1.02422054677238e+02 
2.96982605608804e+00 6.34318816476828e-01 -1.02709787842746e+02 
2.97316293929712e+00 6.22898356182179e-01 -1.02992852092666e+02 
2.97649982250621e+00 6.11427435377498e-01 -1.03271200406515e+02 
2.97983670571530e+00 5.99906801879115e-01 -1.03544786359701e+02 
2.98317358892439e+00 5.88337217255365e-01 -1.03813564140551e+02 
2.98651047213348e+00 5.76719456678595e-01 -1.04077488567200e+02 
2.98984735534256e+00 5.65054308770373e-01 -1.04336515104367e+02 
2.99318423855165e+00 5.53342575439867e-01 -1.04590599879980e+02 
2.99652112176074e+00 5.41585071715516e-01 -1.04839699701646e+02 
2.99985800496983e+00 5.29782625569982e-01 -1.05083772072966e+02 
3.00319488817891e+00 5.17936077738448e-01 -1.05322775209670e+02 
3.00653177138800e+00 5.06046281530324e-01 -1.05556668055565e+02 
3.00986865459709e+00 4.94114102634418e-01 -1.05785410298293e+02 
3.01320553780618e+00 4.82140418917593e-01 -1.06008962384878e+02 
3.01654242101526e+00 4.70126120217076e-01 -1.06227285537053e+02 
3.01987930422435e+00 4.58072108126401e-01 -1.06440341766368e+02 
3.02321618743344e+00 4.45979295775118e-01 -1.06648093889049e+02 
3.02655307064253e+00 4.33848607602329e-01 -1.06850505540614e+02 
3.02988995385162e+00 4.21680979124167e-01 -1.07047541190232e+02 
3.03322683706070e+00 4.09477356695320e-01 -1.07239166154800e+02 
3.03656372026979e+00 3.97238697264620e-01 -1.07425346612766e+02 
3.03990060347888e+00 3.84965968124952e-01 -1.07606049617628e+02 
3.04323748668797e+00 3.72660146657451e-01 -1.07781243111169e+02 
3.04657436989705e+00 3.60322220070180e-01 -1.07950895936359e+02 
3.04991125310614e+00 3.47953185131416e-01 -1.08114977849955e+02 
3.05324813631523e+00 3.35554047897627e-01 -1.08273459534760e+02 
3.05658501952432e+00 3.23125823436295e-01 -1.08426312611561e+02 
3.05992190273340e+00 3.10669535543724e-01 -1.08573509650715e+02 
3.06325878594249e+00 2.98186216457994e-01 -1.08715024183380e+02 
3.06659566915158e+00 2.85676906567148e-01 -1.08850830712390e+02 
3.06993255236067e+00 2.73142654112799e-01 -1.08980904722760e+02 
3.07326943556976e+00 2.60584514889324e-01 -1.09105222691809e+02 
3.07660631877884e+00 2.48003551938781e-01 -1.09223762098911e+02 
3.07994320198793e+00 2.35400835241708e-01 -1.09336501434835e+02 
3.08328008519702e+00 2.22777441403969e-01 -1.09443420210706e+02 
3.08661696840611e+00 2.10134453339838e-01 -1.09544498966548e+02 
3.08995385161519e+00 1.97472959951455e-01 -1.09639719279420e+02 
3.09329073482428e+00 1.84794055804898e-01 -1.09729063771136e+02 
3.09662761803337e+00 1.72098840802938e-01 -1.09812516115553e+02 
3.09996450124246e+00 1.59388419854769e-01 -1.09890061045437e+02 
3.10330138445154e+00 1.46663902542849e-01 -1.09961684358898e+02 
3.10663826766063e+00 1.33926402787026e-01 -1.10027372925374e+02 
3.10997515086972e+00 1.21177038506179e-01 -1.10087114691178e+02 
3.11331203407881e+00 1.08416931277509e-01 -1.10140898684601e+02 
3.11664891728790e+00 9.56472059937610e-02 -1.10188715020553e+02 
3.11998580049698e+00 8.28689905184734e-02 -1.10230554904759e+02 
3.12332268370607e+00 7.00834153395045e-02 -1.10266410637484e+02 
3.12665956691516e+00 5.72916132210700e-02 -1.10296275616811e+02 
3.12999645012425e+00 4.44947188544350e-02 -1.10320144341439e+02 
3.13333333333333e+00 3.16938685074471e-02 -1.10338012413031e+02 
