Data Format: k_val_normalized w_real_normalized w_imag 
num_pts 690 
0.00000000000000e+00 -1.14113760616318e-16 -3.35699318027734e-14 
4.55205172186304e-03 4.55205172186311e-03 2.65374928172254e-14 
9.10410344372608e-03 9.10410344372605e-03 6.51928463971860e-15 
1.36561551655891e-02 1.36561551655892e-02 -1.08434208374114e-14 
1.82082068874522e-02 1.82082068874523e-02 -3.18470290205367e-15 
2.27602586093152e-02 2.27602586093154e-02 7.48534440138131e-15 
2.73123103311783e-02 2.73123103311782e-02 1.08245566657090e-14 
3.18643620530413e-02 3.18643620530413e-02 -1.33403152065630e-16 
3.64164137749043e-02 3.64164137749042e-02 -6.56519913171838e-15 
4.09684654967674e-02 4.09684654967676e-02 -2.13787051698663e-14 
4.55205172186304e-02 4.55205172186304e-02 -1.53870535899315e-15 
5.00725689404935e-02 5.00725689404938e-02 -1.12361135198829e-15 
5.46246206623565e-02 5.46246206623561e-02 1.59621615265221e-14 
5.91766723842196e-02 5.91766723842196e-02 3.28215006431664e-15 
6.37287241060826e-02 6.37287241060824e-02 1.10744042153412e-14 
6.82807758279456e-02 6.82807758279454e-02 3.91737200014859e-15 
7.28328275498087e-02 7.28328275498088e-02 1.42582225047827e-14 
7.73848792716717e-02 7.73848792716717e-02 1.34556355403490e-14 
8.19369309935348e-02 8.19369309935343e-02 1.30091586530819e-14 
8.64889827153978e-02 8.64889827153981e-02 -3.00122767171698e-14 
9.10410344372608e-02 9.10410344372609e-02 8.93522790197904e-16 
9.55930861591239e-02 9.55930861591240e-02 -4.64329589540769e-15 
1.00145137880987e-01 1.00145137880987e-01 -2.91837455601340e-14 
1.04697189602850e-01 1.04697189602850e-01 -3.32930014524685e-14 
1.09249241324713e-01 1.09249241324713e-01 -3.03634868644720e-14 
1.13801293046576e-01 1.13801293046577e-01 -9.10863081966295e-14 
1.18353344768439e-01 1.18353344768440e-01 -1.09200884094964e-13 
1.22905396490302e-01 1.22905396490304e-01 -1.49864791308396e-13 
1.27457448212165e-01 1.27457448212167e-01 -1.85219973702328e-13 
1.32009499934028e-01 1.32009499934031e-01 -2.57928789015041e-13 
1.36561551655891e-01 1.36561551655894e-01 -3.43716781500283e-13 
1.41113603377754e-01 1.41113603377758e-01 -4.25119483415000e-13 
1.45665655099617e-01 1.45665655099622e-01 -5.51932564017847e-13 
1.50217706821480e-01 1.50217706821485e-01 -6.84038978410932e-13 
1.54769758543343e-01 1.54769758543348e-01 -8.56781490360423e-13 
1.59321810265207e-01 1.59321810265211e-01 -1.07212462906196e-12 
1.63873861987070e-01 1.63873861987073e-01 -1.31015502092967e-12 
1.68425913708933e-01 1.68425913708934e-01 -1.57703779878819e-12 
1.72977965430796e-01 1.72977965430791e-01 -1.85038621064360e-12 
1.77530017152659e-01 1.77530017152646e-01 -2.12988991321519e-12 
1.82082068874522e-01 1.82082068874495e-01 -2.45950548209592e-12 
1.86634120596385e-01 1.86634120596339e-01 -2.77057470029440e-12 
1.91186172318248e-01 1.91186172318171e-01 -3.03771569645456e-12 
1.95738224040111e-01 1.95738224039991e-01 -3.29595329827405e-12 
2.00290275761974e-01 2.00290275761793e-01 -3.49762933010465e-12 
2.04842327483837e-01 2.04842327483571e-01 -3.63796938378783e-12 
2.09394379205700e-01 2.09394379205318e-01 -3.66297197178131e-12 
2.13946430927563e-01 2.13946430927026e-01 -3.57843746393191e-12 
2.18498482649426e-01 2.18498482648680e-01 -3.35031230872561e-12 
2.23050534371289e-01 2.23050534370269e-01 -2.98769027585362e-12 
2.27602586093152e-01 2.27602586091773e-01 -2.47774127346233e-12 
2.32154637815015e-01 2.32154637813173e-01 -1.85686045287821e-12 
2.36706689536878e-01 2.36706689534441e-01 -1.14358407036510e-12 
2.41258741258741e-01 2.41258741255545e-01 -5.26553339805664e-13 
2.45810792980604e-01 2.45810792976449e-01 -8.87022612561071e-14 
2.50362844702467e-01 2.50362844697109e-01 -7.99982650941860e-14 
2.54914896424330e-01 2.54914896417468e-01 -8.28438959210197e-13 
2.59466948146193e-01 2.59466948137465e-01 -2.86721226149499e-12 
2.64018999868056e-01 2.64018999857026e-01 -6.81356049213618e-12 
2.68571051589920e-01 2.68571051576064e-01 -1.34897479319188e-11 
2.73123103311783e-01 2.73123103294480e-01 -2.40254492499914e-11 
2.77675155033646e-01 2.77675155012154e-01 -3.98296572388700e-11 
2.82227206755509e-01 2.82227206728953e-01 -6.27582222272645e-11 
2.86779258477372e-01 2.86779258444722e-01 -9.50583906971039e-11 
2.91331310199235e-01 2.91331310159283e-01 -1.39599874591804e-10 
2.95883361921098e-01 2.95883361872433e-01 -1.99894329681385e-10 
3.00435413642961e-01 3.00435413583945e-01 -2.80268731709650e-10 
3.04987465364824e-01 3.04987465293556e-01 -3.85989479460176e-10 
3.09539517086687e-01 3.09539517000974e-01 -5.23364598024517e-10 
3.14091568808550e-01 3.14091568705870e-01 -7.00070862080776e-10 
3.18643620530413e-01 3.18643620407875e-01 -9.25186422242400e-10 
3.23195672252276e-01 3.23195672106580e-01 -1.20963511609112e-09 
3.27747723974139e-01 3.27747723801527e-01 -1.56615206588970e-09 
3.32299775696002e-01 3.32299775492210e-01 -2.00983438082925e-09 
3.36851827417865e-01 3.36851827178073e-01 -2.55834979191583e-09 
3.41403879139728e-01 3.41403878858504e-01 -3.23225516778716e-09 
3.45955930861591e-01 3.45955930532830e-01 -4.05547584111066e-09 
3.50507982583454e-01 3.50507982200319e-01 -5.05561614273521e-09 
3.55060034305317e-01 3.55060033860174e-01 -6.26445922000337e-09 
3.59612086027180e-01 3.59612085511530e-01 -7.71855409353362e-09 
3.64164137749043e-01 3.64164137153458e-01 -9.45969103404721e-09 
3.68716189470906e-01 3.68716188784952e-01 -1.15353630373454e-08 
3.73268241192769e-01 3.73268240404938e-01 -1.39996620110004e-08 
3.77820292914632e-01 3.77820292012269e-01 -1.69137193828418e-08 
3.82372344636496e-01 3.82372343605724e-01 -2.03465304566838e-08 
3.86924396358359e-01 3.86924395184015e-01 -2.43756782123219e-08 
3.91476448080222e-01 3.91476446745780e-01 -2.90882740335195e-08 
3.96028499802085e-01 3.96028498289593e-01 -3.45815280902897e-08 
4.00580551523948e-01 4.00580549813963e-01 -4.09640741303846e-08 
4.05132603245811e-01 4.05132601317342e-01 -4.83564988849674e-08 
4.09684654967674e-01 4.09684652798136e-01 -5.68925275804279e-08 
4.14236706689537e-01 4.14236704254702e-01 -6.67200380095570e-08 
4.18788758411400e-01 4.18788755685369e-01 -7.80021574091538e-08 
4.23340810133263e-01 4.23340807088445e-01 -9.09182283235317e-08 
4.27892861855126e-01 4.27892858462229e-01 -1.05664936985869e-07 
4.32444913576989e-01 4.32444909805032e-01 -1.22457479544247e-07 
4.36996965298852e-01 4.36996961115189e-01 -1.41530741709619e-07 
4.41549017020715e-01 4.41549012391089e-01 -1.63140366703158e-07 
4.46101068742578e-01 4.46101063631184e-01 -1.87563964015744e-07 
4.50653120464441e-01 4.50653114834028e-01 -2.15101964900019e-07 
4.55205172186304e-01 4.55205165998298e-01 -2.46078992844327e-07 
4.59757223908167e-01 4.59757217122827e-01 -2.80844927594662e-07 
4.64309275630030e-01 4.64309268206637e-01 -3.19775659107524e-07 
4.68861327351893e-01 4.68861319248976e-01 -3.63274168055099e-07 
4.73413379073756e-01 4.73413370249359e-01 -4.11771346613397e-07 
4.77965430795619e-01 4.77965421207610e-01 -4.65726776573144e-07 
4.82517482517482e-01 4.82517472123910e-01 -5.25629129584393e-07 
4.87069534239346e-01 4.87069522998835e-01 -5.91997074208194e-07 
4.91621585961209e-01 4.91621573833421e-01 -6.65379091842912e-07 
4.96173637683072e-01 4.96173624629212e-01 -7.46354054603007e-07 
5.00725689404935e-01 5.00725675388308e-01 -8.35530822900734e-07 
5.05277741126798e-01 5.05277726113438e-01 -9.33548421177684e-07 
5.09829792848661e-01 5.09829776808007e-01 -1.04107478813368e-06 
5.14381844570524e-01 5.14381827476165e-01 -1.15880692751511e-06 
5.18933896292387e-01 5.18933878122868e-01 -1.28746892251779e-06 
5.23485948014250e-01 5.23485928753938e-01 -1.42781096338877e-06 
5.28037999736113e-01 5.28037979376128e-01 -1.58060768635653e-06 
5.32590051457976e-01 5.32590029997186e-01 -1.74665573965510e-06 
5.37142103179839e-01 5.37142080625919e-01 -1.92677136783918e-06 
5.41694154901702e-01 5.41694131272241e-01 -2.12178754686285e-06 
5.46246206623565e-01 5.46246181947245e-01 -2.33255047616886e-06 
5.50798258345428e-01 5.50798232663246e-01 -2.55991573955557e-06 
5.55350310067291e-01 5.55350283433830e-01 -2.80474392250926e-06 
5.59902361789154e-01 5.59902334273897e-01 -3.06789576211427e-06 
5.64454413511017e-01 5.64454385199699e-01 -3.35022685812904e-06 
5.69006465232880e-01 5.69006436228857e-01 -3.65258151795243e-06 
5.73558516954743e-01 5.73558487380391e-01 -3.97578626968402e-06 
5.78110568676606e-01 5.78110538674714e-01 -4.32064307639423e-06 
5.82662620398469e-01 5.82662590133625e-01 -4.68792134084590e-06 
5.87214672120332e-01 5.87214641780294e-01 -5.07834991192173e-06 
5.91766723842196e-01 5.91766693639213e-01 -5.49260814105947e-06 
5.96318775564059e-01 5.96318745736146e-01 -5.93131668217521e-06 
6.00870827285922e-01 6.00870798098044e-01 -6.39502736013149e-06 
6.05422879007785e-01 6.05422850752949e-01 -6.88421294415927e-06 
6.09974930729648e-01 6.09974903729869e-01 -7.39925602649036e-06 
6.14526982451511e-01 6.14526957058619e-01 -7.94043756775798e-06 
6.19079034173374e-01 6.19079010769649e-01 -8.50792518255413e-06 
6.23631085895237e-01 6.23631064893823e-01 -9.10176059557455e-06 
6.28183137617100e-01 6.28183119462178e-01 -9.72184718281402e-06 
6.32735189338963e-01 6.32735174505634e-01 -1.03679370420429e-05 
6.37287241060826e-01 6.37287230054675e-01 -1.10396179237251e-05 
6.41839292782689e-01 6.41839286138986e-01 -1.17362999190546e-05 
6.46391344504552e-01 6.46391342787039e-01 -1.24572022801980e-05 
6.50943396226415e-01 6.50943400025647e-01 -1.32013403447167e-05 
6.55495447948278e-01 6.55495457879448e-01 -1.39675124249806e-05 
6.60047499670141e-01 6.60047516370364e-01 -1.47542873189169e-05 
6.64599551392004e-01 6.64599575516973e-01 -1.55599921704847e-05 
6.69151603113867e-01 6.69151635333862e-01 -1.63827007946373e-05 
6.73703654835730e-01 6.73703695830887e-01 -1.72202232657106e-05 
6.78255706557593e-01 6.78255757012397e-01 -1.80700957580145e-05 
6.82807758279456e-01 6.82807818876384e-01 -1.89295723780840e-05 
6.87359810001319e-01 6.87359881413566e-01 -1.97956176897726e-05 
6.91911861723182e-01 6.91911944606417e-01 -2.06649013068934e-05 
6.96463913445046e-01 6.96464008428109e-01 -2.15337939312110e-05 
7.01015965166909e-01 7.01016072841417e-01 -2.23983658759633e-05 
7.05568016888772e-01 7.05568137797516e-01 -2.32543875178564e-05 
7.10120068610635e-01 7.10120203234736e-01 -2.40973327331444e-05 
7.14672120332498e-01 7.14672269077248e-01 -2.49223849484694e-05 
7.19224172054361e-01 7.19224335233655e-01 -2.57244467173524e-05 
7.23776223776224e-01 7.23776401595545e-01 -2.64981522226943e-05 
7.28328275498087e-01 7.28328468035955e-01 -2.72378844619951e-05 
7.32880327219950e-01 7.32880534407774e-01 -2.79377956718477e-05 
7.37432378941813e-01 7.37432600542089e-01 -2.85918333167270e-05 
7.41984430663676e-01 7.41984666246461e-01 -2.91937695008604e-05 
7.46536482385539e-01 7.46536731303149e-01 -2.97372372308146e-05 
7.51088534107402e-01 7.51088795467271e-01 -3.02157709381378e-05 
7.55640585829265e-01 7.55640858464928e-01 -3.06228537411731e-05 
7.60192637551128e-01 7.60192919991266e-01 -3.09519703015040e-05 
7.64744689272991e-01 7.64744979708521e-01 -3.11966674029261e-05 
7.69296740994854e-01 7.69297037244010e-01 -3.13506201533504e-05 
7.73848792716717e-01 7.73849092188114e-01 -3.14077068412366e-05 
7.78400844438580e-01 7.78401144092233e-01 -3.13620911610441e-05 
7.82952896160443e-01 7.82953192466741e-01 -3.12083119166318e-05 
7.87504947882306e-01 7.87505236778937e-01 -3.09413822869639e-05 
7.92056999604169e-01 7.92057276451017e-01 -3.05568968035384e-05 
7.96609051326032e-01 7.96609310858060e-01 -3.00511480517694e-05 
8.01161103047896e-01 8.01161339326058e-01 -2.94212526629751e-05 
8.05713154769759e-01 8.05713361129993e-01 -2.86652866850669e-05 
8.10265206491621e-01 8.10265375491984e-01 -2.77824309152362e-05 
8.14817258213484e-01 8.14817381579506e-01 -2.67731264747946e-05 
8.19369309935348e-01 8.19369378503696e-01 -2.56392405808335e-05 
8.23921361657211e-01 8.23921365317806e-01 -2.43842425300690e-05 
8.28473413379074e-01 8.28473341015741e-01 -2.30133904917691e-05 
8.33025465100937e-01 8.33025304530769e-01 -2.15339283843205e-05 
8.37577516822800e-01 8.37577254734397e-01 -1.99552942245943e-05 
8.42129568544663e-01 8.42129190435438e-01 -1.82893378494317e-05 
8.46681620266526e-01 8.46681110379271e-01 -1.65505500026293e-05 
8.51233671988389e-01 8.51233013247340e-01 -1.47563010627285e-05 
8.55785723710252e-01 8.55784897656908e-01 -1.29270904854282e-05 
8.60337775432115e-01 8.60336762161079e-01 -1.10868051173098e-05 
8.64889827153978e-01 8.64888605249114e-01 -9.26298797646653e-06 
8.69441878875841e-01 8.69440425347074e-01 -7.48711479036278e-06 
8.73993930597704e-01 8.73992220818804e-01 -5.79488012258196e-06 
8.78545982319567e-01 8.78543989967279e-01 -4.22649054741155e-06 
8.83098034041430e-01 8.83095731036358e-01 -2.82696530432875e-06 
8.87650085763293e-01 8.87647442212926e-01 -1.64644307444860e-06 
8.92202137485156e-01 8.92199121629496e-01 -7.40494525495060e-07 
8.96754189207019e-01 8.96750767367279e-01 -1.70439399804977e-07 
9.01306240928882e-01 9.01302377459708e-01 -3.66645003978925e-09 
9.05858292650745e-01 9.05853949896494e-01 -3.13956231277927e-07 
9.10410344372608e-01 9.10405482628224e-01 -1.18180474660867e-06 
9.14962396094471e-01 9.14956973571463e-01 -2.69474658343849e-06 
9.19514447816335e-01 9.19508420614469e-01 -4.94767577745475e-06 
9.24066499538198e-01 9.24059821623485e-01 -8.04316405300909e-06 
9.28618551260061e-01 9.28611174449608e-01 -1.20917726440522e-05 
9.33170602981924e-01 9.33162476936323e-01 -1.72123581665247e-05 
9.37722654703787e-01 9.37713726927629e-01 -2.35323685417273e-05 
9.42274706425650e-01 9.42264922276835e-01 -3.11881283026317e-05 
9.46826758147513e-01 9.46816060855989e-01 -4.03251108033425e-05 
9.51378809869376e-01 9.51367140565990e-01 -5.10981944655947e-05 
9.55930861591239e-01 9.55918159347335e-01 -6.36719013832597e-05 
9.60482913313102e-01 9.60469115191549e-01 -7.82206159062005e-05 
9.65034965034965e-01 9.65020006153263e-01 -9.49287797565459e-05 
9.69587016756828e-01 9.69570830362955e-01 -1.13991061937895e-04 
9.74139068478691e-01 9.74121586040325e-01 -1.35612500414753e-04 
9.78691120200554e-01 9.78672271508310e-01 -1.60008612416869e-04 
9.83243171922417e-01 9.83222885207703e-01 -1.87405470872538e-04 
9.87795223644280e-01 9.87773425712362e-01 -2.18039744101667e-04 
9.92347275366143e-01 9.92323891744987e-01 -2.52158695473278e-04 
9.96899327088006e-01 9.96874282193422e-01 -2.90020139514576e-04 
1.00145137880987e+00 1.00142459612745e+00 -3.31892352729974e-04 
1.00600343053173e+00 1.00597483281604e+00 -3.78053934850516e-04 
1.01055548225360e+00 1.01052499174502e+00 -4.28793617939573e-04 
1.01510753397546e+00 1.01507507263502e+00 -4.84410019430322e-04 
1.01965958569732e+00 1.01962507545983e+00 -5.45211337535787e-04 
1.02421163741918e+00 1.02417500046486e+00 -6.11514984375018e-04 
1.02876368914105e+00 1.02872484818588e+00 -6.83647154610070e-04 
1.03331574086291e+00 1.03327461946766e+00 -7.61942326399427e-04 
1.03786779258477e+00 1.03782431548281e+00 -8.46742692220099e-04 
1.04241984430664e+00 1.04237393775036e+00 -9.38397515394873e-04 
1.04697189602850e+00 1.04692348815422e+00 -1.03726241168273e-03 
1.05152394775036e+00 1.05147296896129e+00 -1.14369855141264e-03 
1.05607599947223e+00 1.05602238283924e+00 -1.25807178096954e-03 
1.06062805119409e+00 1.06057173287366e+00 -1.38075166097236e-03 
1.06518010291595e+00 1.06512102258464e+00 -1.51211041887560e-03 
1.06973215463781e+00 1.06967025594252e+00 -1.65252181511288e-03 
1.07428420635968e+00 1.07421943738269e+00 -1.80235991892481e-03 
1.07883625808154e+00 1.07876857181942e+00 -1.96199779575855e-03 
1.08338830980340e+00 1.08331766465837e+00 -2.13180610223725e-03 
1.08794036152527e+00 1.08786672180777e+00 -2.31215158917709e-03 
1.09249241324713e+00 1.09241574968806e+00 -2.50339551252011e-03 
1.09704446496899e+00 1.09696475523979e+00 -2.70589195086095e-03 
1.10159651669086e+00 1.10151374592968e+00 -2.91998603132674e-03 
1.10614856841272e+00 1.10606272975454e+00 -3.14601206254803e-03 
1.11070062013458e+00 1.11061171524300e+00 -3.38429157737270e-03 
1.11525267185645e+00 1.11516071145476e+00 -3.63513128665517e-03 
1.11980472357831e+00 1.11970972797714e+00 -3.89882094397078e-03 
1.12435677530017e+00 1.12425877491888e+00 -4.17563112720763e-03 
1.12890882702203e+00 1.12880786290074e+00 -4.46581093647982e-03 
1.13346087874390e+00 1.13335700304296e+00 -4.76958561375013e-03 
1.13801293046576e+00 1.13790620694913e+00 -5.08715408843011e-03 
1.14256498218762e+00 1.14245548668637e+00 -5.41868645160703e-03 
1.14711703390949e+00 1.14700485476163e+00 -5.76432136642704e-03 
1.15166908563135e+00 1.15155432409371e+00 -6.12416341891050e-03 
1.15622113735321e+00 1.15610390798103e+00 -6.49828041654674e-03 
1.16077318907508e+00 1.16065362006465e+00 -6.88670064132870e-03 
1.16532524079694e+00 1.16520347428658e+00 -7.28941006568914e-03 
1.16987729251880e+00 1.16975348484288e+00 -7.70634953957795e-03 
1.17442934424066e+00 1.17430366613156e+00 -8.13741195881162e-03 
1.17898139596253e+00 1.17885403269489e+00 -8.58243942410339e-03 
1.18353344768439e+00 1.18340459915594e+00 -9.04122040318926e-03 
1.18808549940625e+00 1.18795538014921e+00 -9.51348690643856e-03 
1.19263755112812e+00 1.19250639024498e+00 -9.99891169086232e-03 
1.19718960284998e+00 1.19705764386728e+00 -1.04971055045944e-02 
1.20174165457184e+00 1.20160915520528e+00 -1.10076143883261e-02 
1.20629370629371e+00 1.20616093811775e+00 -1.15299170480572e-02 
1.21084575801557e+00 1.21071300603063e+00 -1.20634223179296e-02 
1.21539780973743e+00 1.21526537182733e+00 -1.26074667292200e-02 
1.21994986145930e+00 1.21981804773169e+00 -1.31613122066283e-02 
1.22450191318116e+00 1.22437104518343e+00 -1.37241439103720e-02 
1.22905396490302e+00 1.22892437470593e+00 -1.42950682472465e-02 
1.23360601662488e+00 1.23347804576620e+00 -1.48731110718229e-02 
1.23815806834675e+00 1.23803206662706e+00 -1.54572161033116e-02 
1.24271012006861e+00 1.24258644419127e+00 -1.60462435820366e-02 
1.24726217179047e+00 1.24714118383765e+00 -1.66389691922109e-02 
1.25181422351234e+00 1.25169628924920e+00 -1.72340832801145e-02 
1.25636627523420e+00 1.25625176223317e+00 -1.78301903947932e-02 
1.26091832695606e+00 1.26080760253306e+00 -1.84258091833959e-02 
1.26547037867793e+00 1.26536380763282e+00 -1.90193726716206e-02 
1.27002243039979e+00 1.26992037255311e+00 -1.96092289633310e-02 
1.27457448212165e+00 1.27447728964002e+00 -2.01936423924502e-02 
1.27912653384351e+00 1.27903454834628e+00 -2.07707951635868e-02 
1.28367858556538e+00 1.28359213500539e+00 -2.13387895174781e-02 
1.28823063728724e+00 1.28815003259886e+00 -2.18956504585457e-02 
1.29278268900910e+00 1.29270822051703e+00 -2.24393290838980e-02 
1.29733474073097e+00 1.29726667431389e+00 -2.29677065522349e-02 
1.30188679245283e+00 1.30182536545654e+00 -2.34785987339020e-02 
1.30643884417469e+00 1.30638426106976e+00 -2.39697615811346e-02 
1.31099089589656e+00 1.31094332367648e+00 -2.44388972610707e-02 
1.31554294761842e+00 1.31550251093498e+00 -2.48836610903202e-02 
1.32009499934028e+00 1.32006177537357e+00 -2.53016693136576e-02 
1.32464705106215e+00 1.32462106412399e+00 -2.56905077660261e-02 
1.32919910278401e+00 1.32918031865438e+00 -2.60477414562698e-02 
1.33375115450587e+00 1.33373947450321e+00 -2.63709251115222e-02 
1.33830320622773e+00 1.33829846101538e+00 -2.66576147168916e-02 
1.34285525794960e+00 1.34285720108207e+00 -2.69053800853457e-02 
1.34740730967146e+00 1.34741561088589e+00 -2.71118184871167e-02 
1.35195936139332e+00 1.35197359965285e+00 -2.72745693667378e-02 
1.35651141311519e+00 1.35653106941332e+00 -2.73913301698775e-02 
1.36106346483705e+00 1.36108791477356e+00 -2.74598732993661e-02 
1.36561551655891e+00 1.36564402270025e+00 -2.74780642110769e-02 
1.37016756828078e+00 1.37019927231988e+00 -2.74438806580085e-02 
1.37471962000264e+00 1.37475353473560e+00 -2.73554330800394e-02 
1.37927167172450e+00 1.37930667286371e+00 -2.72109861303276e-02 
1.38382372344636e+00 1.38385854129245e+00 -2.70089813219382e-02 
1.38837577516823e+00 1.38840898616559e+00 -2.67480607647282e-02 
1.39292782689009e+00 1.39295784509345e+00 -2.64270919562343e-02 
1.39747987861195e+00 1.39750494709417e+00 -2.60451935762231e-02 
1.40203193033382e+00 1.40205011256771e+00 -2.56017622228054e-02 
1.40658398205568e+00 1.40659315330548e+00 -2.50965000161826e-02 
1.41113603377754e+00 1.41113387253822e+00 -2.45294429806410e-02 
1.41568808549941e+00 1.41567206502459e+00 -2.39009901055691e-02 
1.42024013722127e+00 1.42020751718316e+00 -2.32119329651198e-02 
1.42479218894313e+00 1.42474000727001e+00 -2.24634857699480e-02 
1.42934424066500e+00 1.42926930560419e+00 -2.16573157023174e-02 
1.43389629238686e+00 1.43379517484285e+00 -2.07955733775189e-02 
1.43844834410872e+00 1.43831737030789e+00 -1.98809232565565e-02 
1.44300039583058e+00 1.44283564036535e+00 -1.89165738249937e-02 
1.44755244755245e+00 1.44734972685850e+00 -1.79063073386689e-02 
1.45210449927431e+00 1.45185936559537e+00 -1.68545089278428e-02 
1.45665655099617e+00 1.45636428689066e+00 -1.57661948412653e-02 
1.46120860271804e+00 1.46086421616186e+00 -1.46470396040591e-02 
1.46576065443990e+00 1.46535887457847e+00 -1.35034018606102e-02 
1.47031270616176e+00 1.46984797976315e+00 -1.23423486679305e-02 
1.47486475788363e+00 1.47433124654257e+00 -1.11716780085460e-02 
1.47941680960549e+00 1.47880838774541e+00 -9.99993929181435e-03 
1.48396886132735e+00 1.48327911504441e+00 -8.83645162388609e-03 
1.48852091304921e+00 1.48774313983845e+00 -7.69131963060166e-03 
1.49307296477108e+00 1.49220017417047e+00 -6.57544663619982e-03 
1.49762501649294e+00 1.49664993167612e+00 -5.50054501392743e-03 
1.50217706821480e+00 1.50109212855773e+00 -4.47914354727085e-03 
1.50672911993667e+00 1.50552648457760e+00 -3.52459166111106e-03 
1.51128117165853e+00 1.50995272406427e+00 -2.65106041132461e-03 
1.51583322338039e+00 1.51437057692488e+00 -1.87354014826264e-03 
1.52038527510226e+00 1.51877977965674e+00 -1.20783480280765e-03 
1.52493732682412e+00 1.52318007635087e+00 -6.70552774162179e-04 
1.52948937854598e+00 1.52757121968017e+00 -2.79094435380328e-04 
1.53404143026785e+00 1.53195297186471e+00 -5.16363089555308e-05 
1.53859348198971e+00 1.53632510560738e+00 -7.11199581793555e-06 
1.54314553371157e+00 1.54068740499241e+00 -1.65189980479716e-04 
1.54769758543343e+00 1.54503966634025e+00 -5.46248467435009e-04 
1.55224963715530e+00 1.54938169901260e+00 -1.17134743551893e-03 
1.55680168887716e+00 1.55371332616151e+00 -2.06219812700614e-03 
1.56135374059902e+00 1.55803438541748e+00 -3.24113021713825e-03 
1.56590579232089e+00 1.56234472951189e+00 -4.73105692861936e-03 
1.57045784404275e+00 1.56664422682984e+00 -6.55543838121147e-03 
1.57500989576461e+00 1.57093276189025e+00 -8.73824347861047e-03 
1.57956194748648e+00 1.57521023575082e+00 -1.13039106456323e-02 
1.58411399920834e+00 1.57947656633636e+00 -1.42773077397997e-02 
1.58866605093020e+00 1.58373168868960e+00 -1.76836914587041e-02 
1.59321810265206e+00 1.58797555514465e+00 -2.15486665655297e-02 
1.59777015437393e+00 1.59220813542386e+00 -2.58981452488635e-02 
1.60232220609579e+00 1.59642941665960e+00 -3.07583069213349e-02 
1.60687425781765e+00 1.60063940334335e+00 -3.61555587483829e-02 
1.61142630953952e+00 1.60483811720477e+00 -4.21164971821123e-02 
1.61597836126138e+00 1.60902559702451e+00 -4.86678707530637e-02 
1.62053041298324e+00 1.61320189838434e+00 -5.58365443525312e-02 
1.62508246470511e+00 1.61736709335940e+00 -6.36494652138088e-02 
1.62963451642697e+00 1.62152127015697e+00 -7.21336307714384e-02 
1.63418656814883e+00 1.62566453270697e+00 -8.13160585584470e-02 
1.63873861987070e+00 1.62979700020925e+00 -9.12237582669149e-02 
1.64329067159256e+00 1.63391880664309e+00 -1.01883706075617e-01 
1.64784272331442e+00 1.63803010024422e+00 -1.13322821322400e-01 
1.65239477503628e+00 1.64213104295462e+00 -1.25567945568857e-01 
1.65694682675815e+00 1.64622180985047e+00 -1.38645824089184e-01 
1.66149887848001e+00 1.65030258855328e+00 -1.52583089782200e-01 
1.66605093020187e+00 1.65437357862913e+00 -1.67406249496086e-01 
1.67060298192374e+00 1.65843499098068e+00 -1.83141672724395e-01 
1.67515503364560e+00 1.66248704723647e+00 -1.99815582627097e-01 
1.67970708536746e+00 1.66652997914161e+00 -2.17454049303674e-01 
1.68425913708933e+00 1.67056402795362e+00 -2.36082985241607e-01 
1.68881118881119e+00 1.67458944384707e+00 -2.55728142845858e-01 
1.69336324053305e+00 1.67860648533014e+00 -2.76415113952007e-01 
1.69791529225491e+00 1.68261541867596e+00 -2.98169331210793e-01 
1.70246734397678e+00 1.68661651737126e+00 -3.21016071235400e-01 
1.70701939569864e+00 1.69061006158462e+00 -3.44980459390077e-01 
1.71157144742050e+00 1.69459633765615e+00 -3.70087476104990e-01 
1.71612349914237e+00 1.69857563761017e+00 -3.96361964590692e-01 
1.72067555086423e+00 1.70254825869237e+00 -4.23828639839058e-01 
1.72522760258609e+00 1.70651450293238e+00 -4.52512098786009e-01 
1.72977965430796e+00 1.71047467673272e+00 -4.82436831521842e-01 
1.73433170602982e+00 1.71442909048446e+00 -5.13627233434134e-01 
1.73888375775168e+00 1.71837805821034e+00 -5.46107618173358e-01 
1.74343580947355e+00 1.72232189723530e+00 -5.79902231333269e-01 
1.74798786119541e+00 1.72626092788456e+00 -6.15035264746309e-01 
1.75253991291727e+00 1.73019547320908e+00 -6.51530871294121e-01 
1.75709196463913e+00 1.73412585873829e+00 -6.89413180140931e-01 
1.76164401636100e+00 1.73805241225966e+00 -7.28706312303492e-01 
1.76619606808286e+00 1.74197546362460e+00 -7.69434396471158e-01 
1.77074811980472e+00 1.74589534458030e+00 -8.11621585001648e-01 
1.77530017152659e+00 1.74981238862687e+00 -8.55292070015821e-01 
1.77985222324845e+00 1.75372693089901e+00 -9.00470099522494e-01 
1.78440427497031e+00 1.75763930807178e+00 -9.47179993510002e-01 
1.78895632669218e+00 1.76154985828941e+00 -9.95446159941822e-01 
1.79350837841404e+00 1.76545892111664e+00 -1.04529311059877e+00 
1.79806043013590e+00 1.76936683751168e+00 -1.09674547671493e+00 
1.80261248185776e+00 1.77327394982009e+00 -1.14982802435472e+00 
1.80716453357963e+00 1.77718060178860e+00 -1.20456566948560e+00 
1.81171658530149e+00 1.78108713859823e+00 -1.26098349269787e+00 
1.81626863702335e+00 1.78499390691583e+00 -1.31910675353050e+00 
1.82082068874522e+00 1.78890125496313e+00 -1.37896090436013e+00 
1.82537274046708e+00 1.79280953260259e+00 -1.44057160381450e+00 
1.82992479218894e+00 1.79671909143907e+00 -1.50396472967084e+00 
1.83447684391081e+00 1.80063028493667e+00 -1.56916639120320e+00 
1.83902889563267e+00 1.80454346854965e+00 -1.63620294094030e+00 
1.84358094735453e+00 1.80845899986676e+00 -1.70510098580055e+00 
1.84813299907640e+00 1.81237723876800e+00 -1.77588739756665e+00 
1.85268505079826e+00 1.81629854759291e+00 -1.84858932266786e+00 
1.85723710252012e+00 1.82022329131950e+00 -1.92323419123184e+00 
1.86178915424198e+00 1.82415183775285e+00 -1.99984972537470e+00 
1.86634120596385e+00 1.82808455772235e+00 -2.07846394669308e+00 
1.87089325768571e+00 1.83202182528660e+00 -2.15910518292544e+00 
1.87544530940757e+00 1.83596401794488e+00 -2.24180207374678e+00 
1.87999736112944e+00 1.83991151685400e+00 -2.32658357566604e+00 
1.88454941285130e+00 1.84386470704938e+00 -2.41347896598842e+00 
1.88910146457316e+00 1.84782397766912e+00 -2.50251784581445e+00 
1.89365351629503e+00 1.85178972217953e+00 -2.59373014203879e+00 
1.89820556801689e+00 1.85576233860109e+00 -2.68714610832201e+00 
1.90275761973875e+00 1.85974222973278e+00 -2.78279632500155e+00 
1.90730967146061e+00 1.86372980337371e+00 -2.88071169791661e+00 
1.91186172318248e+00 1.86772547253994e+00 -2.98092345611741e+00 
1.91641377490434e+00 1.87172965567486e+00 -3.08346314843995e+00 
1.92096582662620e+00 1.87574277685128e+00 -3.18836263891912e+00 
1.92551787834807e+00 1.87976526596294e+00 -3.29565410103075e+00 
1.93006993006993e+00 1.88379755890357e+00 -3.40537001074355e+00 
1.93462198179179e+00 1.88784009773108e+00 -3.51754313837753e+00 
1.93917403351366e+00 1.89189333081458e+00 -3.63220653926606e+00 
1.94372608523552e+00 1.89595771296171e+00 -3.74939354322511e+00 
1.94827813695738e+00 1.90003370552382e+00 -3.86913774284526e+00 
1.95283018867924e+00 1.90412177647613e+00 -3.99147298062211e+00 
1.95738224040111e+00 1.90822240047039e+00 -4.11643333496001e+00 
1.96193429212297e+00 1.91233605885705e+00 -4.24405310508332e+00 
1.96648634384483e+00 1.91646323967412e+00 -4.37436679490969e+00 
1.97103839556670e+00 1.92060443759987e+00 -4.50740909594412e+00 
1.97559044728856e+00 1.92476015386653e+00 -4.64321486926882e+00 
1.98014249901042e+00 1.92893089613201e+00 -4.78181912671455e+00 
1.98469455073229e+00 1.93311717830692e+00 -4.92325701131667e+00 
1.98924660245415e+00 1.93731952033419e+00 -5.06756377716514e+00 
1.99379865417601e+00 1.94153844791856e+00 -5.21477476878074e+00 
1.99835070589788e+00 1.94577449220374e+00 -5.36492540015827e+00 
2.00290275761974e+00 1.95002818939473e+00 -5.51805113363323e+00 
2.00745480934160e+00 1.95430008032358e+00 -5.67418745874246e+00 
2.01200686106346e+00 1.95859070995680e+00 -5.83336987126285e+00 
2.01655891278533e+00 1.96290062684293e+00 -5.99563385262224e+00 
2.02111096450719e+00 1.96723038249964e+00 -6.16101484989229e+00 
2.02566301622905e+00 1.97158053073947e+00 -6.32954825657702e+00 
2.03021506795092e+00 1.97595162693444e+00 -6.50126939442298e+00 
2.03476711967278e+00 1.98034422721972e+00 -6.67621349648275e+00 
2.03931917139464e+00 1.98475888763747e+00 -6.85441569166209e+00 
2.04387122311651e+00 1.98919616322245e+00 -7.03591099098985e+00 
2.04842327483837e+00 1.99365660703132e+00 -7.22073427583880e+00 
2.05297532656023e+00 1.99814076911856e+00 -7.40892028832878e+00 
2.05752737828210e+00 2.00264919546214e+00 -7.60050362412796e+00 
2.06207943000396e+00 2.00718242684310e+00 -7.79551872786034e+00 
2.06663148172582e+00 2.01174099768317e+00 -7.99399989131101e+00 
2.07118353344768e+00 2.01632543484585e+00 -8.19598125460368e+00 
2.07573558516955e+00 2.02093625640608e+00 -8.40149681049697e+00 
2.08028763689141e+00 2.02557397039489e+00 -8.61058041192953e+00 
2.08483968861327e+00 2.03023907352494e+00 -8.82326578290983e+00 
2.08939174033514e+00 2.03493204990409e+00 -9.03958653281706e+00 
2.09394379205700e+00 2.03965336974348e+00 -9.25957617414807e+00 
2.09849584377886e+00 2.04440348806752e+00 -9.48326814371181e+00 
2.10304789550073e+00 2.04918284343258e+00 -9.71069582723205e+00 
2.10759994722259e+00 2.05399185666177e+00 -9.94189258729359e+00 
2.11215199894445e+00 2.05883092960230e+00 -1.01768917945189e+01 
2.11670405066631e+00 2.06370044391238e+00 -1.04157268618390e+01 
2.12125610238818e+00 2.06860075988372e+00 -1.06584312816788e+01 
2.12580815411004e+00 2.07353221530567e+00 -1.09050386658552e+01 
2.13036020583190e+00 2.07849512437600e+00 -1.11555827879502e+01 
2.13491225755377e+00 2.08348977666337e+00 -1.14100976278977e+01 
2.13946430927563e+00 2.08851643612514e+00 -1.16686174185028e+01 
2.14401636099749e+00 2.09357534018408e+00 -1.19311766935907e+01 
2.14856841271936e+00 2.09866669886630e+00 -1.21978103374718e+01 
2.15312046444122e+00 2.10379069400229e+00 -1.24685536353963e+01 
2.15767251616308e+00 2.10894747849167e+00 -1.27434423246696e+01 
2.16222456788494e+00 2.11413717563219e+00 -1.30225126460977e+01 
2.16677661960681e+00 2.11935987851187e+00 -1.33058013954338e+01 
2.17132867132867e+00 2.12461564946307e+00 -1.35933459745099e+01 
2.17588072305053e+00 2.12990451957625e+00 -1.38851844417421e+01 
2.18043277477240e+00 2.13522648827062e+00 -1.41813555617183e+01 
2.18498482649426e+00 2.14058152291821e+00 -1.44818988535935e+01 
2.18953687821612e+00 2.14596955851743e+00 -1.47868546380344e+01 
2.19408892993799e+00 2.15139049741174e+00 -1.50962640824871e+01 
2.19864098165985e+00 2.15684420904850e+00 -1.54101692445529e+01 
2.20319303338171e+00 2.16233052977300e+00 -1.57286131132928e+01 
2.20774508510358e+00 2.16784926265237e+00 -1.60516396483038e+01 
2.21229713682544e+00 2.17340017732381e+00 -1.63792938164297e+01 
2.21684918854730e+00 2.17898300986159e+00 -1.67116216260041e+01 
2.22140124026916e+00 2.18459746265744e+00 -1.70486701585436e+01 
2.22595329199103e+00 2.19024320430852e+00 -1.73904875978257e+01 
2.23050534371289e+00 2.19591986950805e+00 -1.77371232563228e+01 
2.23505739543475e+00 2.20162705893300e+00 -1.80886275989680e+01 
2.23960944715662e+00 2.20736433912404e+00 -1.84450522642596e+01 
2.24416149887848e+00 2.21313124235313e+00 -1.88064500827191e+01 
2.24871355060034e+00 2.21892726647411e+00 -1.91728750927361e+01 
2.25326560232221e+00 2.22475187475232e+00 -1.95443825538470e+01 
2.25781765404407e+00 2.23060449566936e+00 -1.99210289574996e+01 
2.26236970576593e+00 2.23648452269954e+00 -2.03028720353703e+01 
2.26692175748780e+00 2.24239131405496e+00 -2.06899707653012e+01 
2.27147380920966e+00 2.24832419239635e+00 -2.10823853749342e+01 
2.27602586093152e+00 2.25428244450724e+00 -2.14801773431165e+01 
2.28057791265338e+00 2.26026532092940e+00 -2.18834093991577e+01 
2.28512996437525e+00 2.26627203555770e+00 -2.22921455200152e+01 
2.28968201609711e+00 2.27230176519284e+00 -2.27064509254842e+01 
2.29423406781897e+00 2.27835364905091e+00 -2.31263920714651e+01 
2.29878611954084e+00 2.28442678822863e+00 -2.35520366413789e+01 
2.30333817126270e+00 2.29052024512379e+00 -2.39834535357917e+01 
2.30789022298456e+00 2.29663304281027e+00 -2.44207128603107e+01 
2.31244227470643e+00 2.30276416436752e+00 -2.48638859118031e+01 
2.31699432642829e+00 2.30891255216443e+00 -2.53130451629807e+01 
2.32154637815015e+00 2.31507710709777e+00 -2.57682642453951e+01 
2.32609842987201e+00 2.32125668778543e+00 -2.62296179308701e+01 
2.33065048159388e+00 2.32745010971501e+00 -2.66971821113964e+01 
2.33520253331574e+00 2.33365614434824e+00 -2.71710337775076e+01 
2.33975458503760e+00 2.33987351818215e+00 -2.76512509951447e+01 
2.34430663675947e+00 2.34610091176745e+00 -2.81379128810094e+01 
2.34885868848133e+00 2.35233695868546e+00 -2.86310995764062e+01 
2.35341074020319e+00 2.35858024448413e+00 -2.91308922195496e+01 
2.35796279192506e+00 2.36482930557467e+00 -2.96373729163304e+01 
2.36251484364692e+00 2.37108262808941e+00 -3.01506247095020e+01 
2.36706689536878e+00 2.37733864670268e+00 -3.06707315462612e+01 
2.37161894709065e+00 2.38359574341534e+00 -3.11977782441792e+01 
2.37617099881251e+00 2.38985224630478e+00 -3.17318504554420e+01 
2.38072305053437e+00 2.39610642824140e+00 -3.22730346293444e+01 
2.38527510225623e+00 2.40235650557311e+00 -3.28214179729837e+01 
2.38982715397810e+00 2.40860063677933e+00 -3.33770884100917e+01 
2.39437920569996e+00 2.41483692109584e+00 -3.39401345379388e+01 
2.39893125742182e+00 2.42106339711212e+00 -3.45106455822350e+01 
2.40348330914369e+00 2.42727804134283e+00 -3.50887113499630e+01 
2.40803536086555e+00 2.43347876677484e+00 -3.56744221800525e+01 
2.41258741258741e+00 2.43966342139179e+00 -3.62678688918245e+01 
2.41713946430928e+00 2.44582978667767e+00 -3.68691427311114e+01 
2.42169151603114e+00 2.45197557610145e+00 -3.74783353139741e+01 
2.42624356775300e+00 2.45809843358443e+00 -3.80955385679150e+01 
2.43079561947486e+00 2.46419593195243e+00 -3.87208446705022e+01 
2.43534767119673e+00 2.47026557137473e+00 -3.93543459853082e+01 
2.43989972291859e+00 2.47630477779191e+00 -3.99961349950608e+01 
2.44445177464045e+00 2.48231090133476e+00 -4.06463042319185e+01 
2.44900382636232e+00 2.48828121473651e+00 -4.13049462047602e+01 
2.45355587808418e+00 2.49421291174081e+00 -4.19721533233995e+01 
2.45810792980604e+00 2.50010310550783e+00 -4.26480178196142e+01 
2.46265998152791e+00 2.50594882702121e+00 -4.33326316648995e+01 
2.46721203324977e+00 2.51174702349843e+00 -4.40260864848369e+01 
2.47176408497163e+00 2.51749455680736e+00 -4.47284734699837e+01 
2.47631613669349e+00 2.52318820189219e+00 -4.54398832831843e+01 
2.48086818841536e+00 2.52882464521140e+00 -4.61604059632020e+01 
2.48542024013722e+00 2.53440048319146e+00 -4.68901308245810e+01 
2.48997229185908e+00 2.53991222069905e+00 -4.76291463536368e+01 
2.49452434358095e+00 2.54535626953577e+00 -4.83775401004921e+01 
2.49907639530281e+00 2.55072894695870e+00 -4.91353985670624e+01 
2.50362844702467e+00 2.55602647423061e+00 -4.99028070909082e+01 
2.50818049874654e+00 2.56124497520393e+00 -5.06798497248679e+01 
2.51273255046840e+00 2.56638047494239e+00 -5.14666091124025e+01 
2.51728460219026e+00 2.57142889838472e+00 -5.22631663585646e+01 
2.52183665391213e+00 2.57638606905481e+00 -5.30696008965335e+01 
2.52638870563399e+00 2.58124770782296e+00 -5.38859903496471e+01 
2.53094075735585e+00 2.58600943172294e+00 -5.47124103888767e+01 
2.53549280907771e+00 2.59066675282993e+00 -5.55489345856889e+01 
2.54004486079958e+00 2.59521507720435e+00 -5.63956342602560e+01 
2.54459691252144e+00 2.59964970390692e+00 -5.72525783249722e+01 
2.54914896424330e+00 2.60396582409047e+00 -5.81198331232519e+01 
2.55370101596517e+00 2.60815852017408e+00 -5.89974622635885e+01 
2.55825306768703e+00 2.61222276510543e+00 -5.98855264488636e+01 
2.56280511940889e+00 2.61615342171723e+00 -6.07840833009031e+01 
2.56735717113076e+00 2.61994524218409e+00 -6.16931871802966e+01 
2.57190922285262e+00 2.62359286758586e+00 -6.26128890014950e+01 
2.57646127457448e+00 2.62709082758414e+00 -6.35432360432233e+01 
2.58101332629635e+00 2.63043354021837e+00 -6.44842717542511e+01 
2.58556537801821e+00 2.63361531182841e+00 -6.54360355545851e+01 
2.59011742974007e+00 2.63663033711032e+00 -6.63985626321483e+01 
2.59466948146193e+00 2.63947269931249e+00 -6.73718837350402e+01 
2.59922153318380e+00 2.64213637057905e+00 -6.83560249594785e+01 
2.60377358490566e+00 2.64461521244793e+00 -6.93510075335366e+01 
2.60832563662752e+00 2.64690297651063e+00 -7.03568475968168e+01 
2.61287768834939e+00 2.64899330524131e+00 -7.13735559762101e+01 
2.61742974007125e+00 2.65087973300235e+00 -7.24011379579082e+01 
2.62198179179311e+00 2.65255568723395e+00 -7.34395930558625e+01 
2.62653384351498e+00 2.65401448983523e+00 -7.44889147768902e+01 
2.63108589523684e+00 2.65524935874411e+00 -7.55490903826608e+01 
2.63563794695870e+00 2.65625340972364e+00 -7.66201006488019e+01 
2.64018999868056e+00 2.65701965836196e+00 -7.77019196214038e+01 
2.64474205040243e+00 2.65754102229322e+00 -7.87945143711950e+01 
2.64929410212429e+00 2.65781032364671e+00 -7.98978447457119e+01 
2.65384615384615e+00 2.65782029173133e+00 -8.10118631197906e+01 
2.65839820556802e+00 2.65756356596216e+00 -8.21365141447301e+01 
2.66295025728988e+00 2.65703269903606e+00 -8.32717344965112e+01 
2.66750230901174e+00 2.65622016036272e+00 -8.44174526234620e+01 
2.67205436073361e+00 2.65511833975759e+00 -8.55735884937981e+01 
2.67660641245547e+00 2.65371955140253e+00 -8.67400533434798e+01 
2.68115846417733e+00 2.65201603808009e+00 -8.79167494248506e+01 
2.68571051589920e+00 2.64999997568669e+00 -8.91035697565544e+01 
2.69026256762106e+00 2.64766347802981e+00 -9.03003978752367e+01 
2.69481461934292e+00 2.64499860191355e+00 -9.15071075895675e+01 
2.69936667106478e+00 2.64199735251709e+00 -9.27235627371457e+01 
2.70391872278665e+00 2.63865168906940e+00 -9.39496169448579e+01 
2.70847077450851e+00 2.63495353082340e+00 -9.51851133932927e+01 
2.71302282623037e+00 2.63089476333232e+00 -9.64298845858308e+01 
2.71757487795224e+00 2.62646724503014e+00 -9.76837521230503e+01 
2.72212692967410e+00 2.62166281411734e+00 -9.89465264830969e+01 
2.72667898139596e+00 2.61647329575296e+00 -1.00218006808701e+02 
2.73123103311783e+00 2.61089050955275e+00 -1.01497980701534e+02 
2.73578308483969e+00 2.60490627739263e+00 -1.02786224024593e+02 
2.74033513656155e+00 2.59851243151608e+00 -1.04082500713352e+02 
2.74488718828341e+00 2.59170082294310e+00 -1.05386562596405e+02 
2.74943924000528e+00 2.58446333017740e+00 -1.06698149226329e+02 
2.75399129172714e+00 2.57679186820801e+00 -1.08016987721534e+02 
2.75854334344900e+00 2.56867839780020e+00 -1.09342792619853e+02 
2.76309539517087e+00 2.56011493506996e+00 -1.10675265744617e+02 
2.76764744689273e+00 2.55109356133501e+00 -1.12014096084009e+02 
2.77219949861459e+00 2.54160643323491e+00 -1.13358959684426e+02 
2.77675155033646e+00 2.53164579311101e+00 -1.14709519558645e+02 
2.78130360205832e+00 2.52120397963685e+00 -1.16065425609519e+02 
2.78585565378018e+00 2.51027343868786e+00 -1.17426314569985e+02 
2.79040770550204e+00 2.49884673443875e+00 -1.18791809960104e+02 
2.79495975722391e+00 2.48691656067547e+00 -1.20161522061862e+02 
2.79951180894577e+00 2.47447575230787e+00 -1.21535047912471e+02 
2.80406386066763e+00 2.46151729706808e+00 -1.22911971316827e+02 
2.80861591238950e+00 2.44803434737838e+00 -1.24291862879842e+02 
2.81316796411136e+00 2.43402023237174e+00 -1.25674280059272e+02 
2.81772001583322e+00 2.41946847004658e+00 -1.27058767239683e+02 
2.82227206755509e+00 2.40437277953692e+00 -1.28444855828148e+02 
2.82682411927695e+00 2.38872709347743e+00 -1.29832064372231e+02 
2.83137617099881e+00 2.37252557044276e+00 -1.31219898700806e+02 
2.83592822272068e+00 2.35576260743868e+00 -1.32607852088178e+02 
2.84048027444254e+00 2.33843285242227e+00 -1.33995405441967e+02 
2.84503232616440e+00 2.32053121682751e+00 -1.35382027515176e+02 
2.84958437788626e+00 2.30205288807134e+00 -1.36767175142757e+02 
2.85413642960813e+00 2.28299334201507e+00 -1.38150293503033e+02 
2.85868848132999e+00 2.26334835535497e+00 -1.39530816404205e+02 
2.86324053305185e+00 2.24311401791513e+00 -1.40908166596146e+02 
2.86779258477372e+00 2.22228674481543e+00 -1.42281756107643e+02 
2.87234463649558e+00 2.20086328848654e+00 -1.43650986609142e+02 
2.87689668821744e+00 2.17884075050363e+00 -1.45015249801062e+02 
2.88144873993931e+00 2.15621659321008e+00 -1.46373927827598e+02 
2.88600079166117e+00 2.13298865110197e+00 -1.47726393715927e+02 
2.89055284338303e+00 2.10915514194411e+00 -1.49072011840647e+02 
2.89510489510489e+00 2.08471467758817e+00 -1.50410138413203e+02 
2.89965694682676e+00 2.05966627446311e+00 -1.51740121995987e+02 
2.90420899854862e+00 2.03400936370874e+00 -1.53061304040743e+02 
2.90876105027048e+00 2.00774380092271e+00 -1.54373019450809e+02 
2.91331310199235e+00 1.98086987549169e+00 -1.55674597166699e+02 
2.91786515371421e+00 1.95338831947811e+00 -1.56965360774401e+02 
2.92241720543607e+00 1.92530031603349e+00 -1.58244629135738e+02 
2.92696925715794e+00 1.89660750731075e+00 -1.59511717040069e+02 
2.93152130887980e+00 1.86731200184771e+00 -1.60765935876491e+02 
2.93607336060166e+00 1.83741638139511e+00 -1.62006594325680e+02 
2.94062541232353e+00 1.80692370716324e+00 -1.63232999070428e+02 
2.94517746404539e+00 1.77583752546195e+00 -1.64444455523849e+02 
2.94972951576725e+00 1.74416187270987e+00 -1.65640268574164e+02 
2.95428156748911e+00 1.71190127978985e+00 -1.66819743344948e+02 
2.95883361921098e+00 1.67906077572860e+00 -1.67982185969590e+02 
2.96338567093284e+00 1.64564589067980e+00 -1.69126904378735e+02 
2.96793772265470e+00 1.61166265819148e+00 -1.70253209099351e+02 
2.97248977437657e+00 1.57711761673954e+00 -1.71360414064062e+02 
2.97704182609843e+00 1.54201781051097e+00 -1.72447837429306e+02 
2.98159387782029e+00 1.50637078942205e+00 -1.73514802400840e+02 
2.98614592954216e+00 1.47018460835791e+00 -1.74560638065061e+02 
2.99069798126402e+00 1.43346782562243e+00 -1.75584680224607e+02 
2.99525003298588e+00 1.39622950058806e+00 -1.76586272236597e+02 
2.99980208470775e+00 1.35847919053817e+00 -1.77564765851908e+02 
3.00435413642961e+00 1.32022694669544e+00 -1.78519522053823e+02 
3.00890618815147e+00 1.28148330943231e+00 -1.79449911894354e+02 
3.01345823987333e+00 1.24225930266120e+00 -1.80355317326550e+02 
3.01801029159520e+00 1.20256642740437e+00 -1.81235132031078e+02 
3.02256234331706e+00 1.16241665454509e+00 -1.82088762235328e+02 
3.02711439503892e+00 1.12182241676399e+00 -1.82915627523343e+02 
3.03166644676079e+00 1.08079659966655e+00 -1.83715161634821e+02 
3.03621849848265e+00 1.03935253210964e+00 -1.84486813251483e+02 
3.04077055020451e+00 9.97503975736929e-01 -1.85230046769077e+02 
3.04532260192638e+00 9.55265113735573e-01 -1.85944343053348e+02 
3.04987465364824e+00 9.12650538827925e-01 -1.86629200178267e+02 
3.05442670537010e+00 8.69675240514572e-01 -1.87284134144906e+02 
3.05897875709196e+00 8.26354591586704e-01 -1.87908679579310e+02 
3.06353080881383e+00 7.82704333927887e-01 -1.88502390407811e+02 
3.06808286053569e+00 7.38740563627184e-01 -1.89064840508218e+02 
3.07263491225755e+00 6.94479715427457e-01 -1.89595624335425e+02 
3.07718696397942e+00 6.49938546534473e-01 -1.90094357519952e+02 
3.08173901570128e+00 6.05134119814134e-01 -1.90560677438068e+02 
3.08629106742314e+00 5.60083786406997e-01 -1.90994243752147e+02 
3.09084311914501e+00 5.14805167790641e-01 -1.91394738919985e+02 
3.09539517086687e+00 4.69316137322129e-01 -1.91761868671918e+02 
3.09994722258873e+00 4.23634801294189e-01 -1.92095362454560e+02 
3.10449927431059e+00 3.77779479540098e-01 -1.92394973840161e+02 
3.10905132603246e+00 3.31768685623567e-01 -1.92660480900579e+02 
3.11360337775432e+00 2.85621106650980e-01 -1.92891686544999e+02 
3.11815542947618e+00 2.39355582744510e-01 -1.93088418820558e+02 
3.12270748119805e+00 1.92991086215587e-01 -1.93250531175205e+02 
3.12725953291991e+00 1.46546700478911e-01 -1.93377902682120e+02 
3.13181158464177e+00 1.00041598748125e-01 -1.93470438225179e+02 
3.13636363636364e+00 5.34950225546974e-02 -1.93528068645008e+02 
