Data Format: k_val_normalized w_real_normalized w_imag 
num_pts 690 
0.00000000000000e+00 3.07534914255231e-16 6.51313269062085e-15 
4.55205172186304e-03 4.55205172186306e-03 -2.91303349257511e-15 
9.10410344372608e-03 9.10410344372602e-03 -1.44674717691624e-14 
1.36561551655891e-02 1.36561551655892e-02 -1.70191437958170e-13 
1.82082068874522e-02 1.82082068874540e-02 -9.70390922246266e-13 
2.27602586093152e-02 2.27602586093254e-02 -3.72642701534564e-12 
2.73123103311783e-02 2.73123103312149e-02 -1.10492046386837e-11 
3.18643620530413e-02 3.18643620531480e-02 -2.76003839078528e-11 
3.64164137749043e-02 3.64164137751736e-02 -6.08438154186926e-11 
4.09684654967674e-02 4.09684654973759e-02 -1.21848998736093e-10 
4.55205172186304e-02 4.55205172198896e-02 -2.26150255643533e-10 
5.00725689404935e-02 5.00725689429204e-02 -3.94625840820213e-10 
5.46246206623565e-02 5.46246206667643e-02 -6.54121716319799e-10 
5.91766723842196e-02 5.91766723918349e-02 -1.03824365875733e-09 
6.37287241060826e-02 6.37287241186904e-02 -1.58777920894713e-09 
6.82807758279456e-02 6.82807758480600e-02 -2.35093873687399e-09 
7.28328275498087e-02 7.28328275808768e-02 -3.38353592799410e-09 
7.73848792716717e-02 7.73848793183019e-02 -4.74864212236245e-09 
8.19369309935348e-02 8.19369310617575e-02 -6.51596987245504e-09 
8.64889827153978e-02 8.64889828129462e-02 -8.76119848038944e-09 
9.10410344372608e-02 9.10410345738726e-02 -1.15644117267356e-08 
9.55930861591239e-02 9.55930863468556e-02 -1.50086905766604e-08 
1.00145137880987e-01 1.00145138134532e-01 -1.91779217342741e-08 
1.04697189602850e-01 1.04697189939851e-01 -2.41544332874632e-08 
1.09249241324713e-01 1.09249241766054e-01 -3.00161578177155e-08 
1.13801293046576e-01 1.13801293616645e-01 -3.68336695335570e-08 
1.18353344768439e-01 1.18353345495335e-01 -4.46666688709597e-08 
1.22905396490302e-01 1.22905397405975e-01 -5.35603613053579e-08 
1.27457448212165e-01 1.27457449352468e-01 -6.35417446911306e-08 
1.32009499934028e-01 1.32009501338653e-01 -7.46157552504572e-08 
1.36561551655891e-01 1.36561553368163e-01 -8.67613797647516e-08 
1.41113603377754e-01 1.41113605444271e-01 -9.99280519631747e-08 
1.45665655099617e-01 1.45665657569687e-01 -1.14032163573025e-07 
1.50217706821480e-01 1.50217709746343e-01 -1.28954134200732e-07 
1.54769758543343e-01 1.54769761975132e-01 -1.44535945362710e-07 
1.59321810265207e-01 1.59321814255641e-01 -1.60579372797436e-07 
1.63873861987070e-01 1.63873866585824e-01 -1.76845165242051e-07 
1.68425913708933e-01 1.68425918961667e-01 -1.93053239342077e-07 
1.72977965430796e-01 1.72977971376811e-01 -2.08884339634859e-07 
1.77530017152659e-01 1.77530023822155e-01 -2.23982659627090e-07 
1.82082068874522e-01 1.82082076285429e-01 -2.37960818520059e-07 
1.86634120596385e-01 1.86634128750736e-01 -2.50405880224668e-07 
1.91186172318248e-01 1.91186181198090e-01 -2.60888060837572e-07 
1.95738224040111e-01 1.95738233602917e-01 -2.68971218867090e-07 
2.00290275761974e-01 2.00290285935555e-01 -2.74225904152200e-07 
2.04842327483837e-01 2.04842338160739e-01 -2.76245017149049e-07 
2.09394379205700e-01 2.09394390237087e-01 -2.74661926710434e-07 
2.13946430927563e-01 2.13946442116583e-01 -2.69171598281902e-07 
2.18498482649426e-01 2.18498493744069e-01 -2.59554784172031e-07 
2.23050534371289e-01 2.23050545056759e-01 -2.45704883767211e-07 
2.27602586093152e-01 2.27602595983762e-01 -2.27658341002371e-07 
2.32154637815015e-01 2.32154646445651e-01 -2.05627761716198e-07 
2.36706689536878e-01 2.36706696354059e-01 -1.80038541890896e-07 
2.41258741258741e-01 2.41258745611328e-01 -1.51568358751708e-07 
2.45810792980604e-01 2.45810794110212e-01 -1.21189715356125e-07 
2.50362844702467e-01 2.50362841733644e-01 -9.02156201579952e-08 
2.54914896424330e-01 2.54914888354581e-01 -6.03477281961693e-08 
2.59466948146193e-01 2.59466933835930e-01 -3.37273428657507e-08 
2.64018999868056e-01 2.64018978030565e-01 -1.29885457748809e-08 
2.68571051589920e-01 2.68571020781451e-01 -1.31347345798861e-09 
2.73123103311783e-01 2.73123061921872e-01 -2.48924837836631e-09 
2.77675155033646e-01 2.77675101275784e-01 -2.09663091509657e-08 
2.82227206755509e-01 2.82227138658290e-01 -6.19174207160318e-08 
2.86779258477372e-01 2.86779173876254e-01 -1.31297409594332e-07 
2.91331310199235e-01 2.91331206729052e-01 -2.35902215285017e-07 
2.95883361921098e-01 2.95883237009474e-01 -3.83427848092081e-07 
3.00435413642961e-01 3.00435264504773e-01 -5.82527488416479e-07 
3.04987465364824e-01 3.04987288997868e-01 -8.42866831661720e-07 
3.09539517086687e-01 3.09539310268720e-01 -1.17517656613842e-06 
3.14091568808550e-01 3.14091328095840e-01 -1.59130139597575e-06 
3.18643620530413e-01 3.18643342257992e-01 -2.10424484050641e-06 
3.23195672252276e-01 3.23195352536015e-01 -2.72820886744317e-06 
3.27747723974139e-01 3.27747358714831e-01 -3.47862771895079e-06 
3.32299775696002e-01 3.32299360585582e-01 -4.37219490322437e-06 
3.36851827417865e-01 3.36851357947921e-01 -5.42688257107793e-06 
3.41403879139728e-01 3.41403350612431e-01 -6.66195243704159e-06 
3.45955930861591e-01 3.45955338403165e-01 -8.09795733295337e-06 
3.50507982583454e-01 3.50507321160299e-01 -9.75673247507952e-06 
3.55060034305317e-01 3.55059298742882e-01 -1.16613758701961e-05 
3.59612086027180e-01 3.59611271031659e-01 -1.38362165473840e-05 
3.64164137749043e-01 3.64163237931951e-01 -1.63067704661781e-05 
3.68716189470906e-01 3.68715199376580e-01 -1.90996827945807e-05 
3.73268241192769e-01 3.73267155328801e-01 -2.22426562637087e-05 
3.77820292914632e-01 3.77819105785224e-01 -2.57643646881413e-05 
3.82372344636496e-01 3.82371050778701e-01 -2.96943513848275e-05 
3.86924396358359e-01 3.86922990381135e-01 -3.40629117541616e-05 
3.91476448080222e-01 3.91474924706199e-01 -3.89009597002305e-05 
3.96028499802085e-01 3.96026853911913e-01 -4.42398778506298e-05 
4.00580551523948e-01 4.00578778203064e-01 -5.01113510117805e-05 
4.05132603245811e-01 4.05130697833407e-01 -5.65471830622505e-05 
4.09684654967674e-01 4.09682613107637e-01 -6.35790972145831e-05 
4.14236706689537e-01 4.14234524383078e-01 -7.12385199454029e-05 
4.18788758411400e-01 4.18786432071048e-01 -7.95563489960083e-05 
4.23340810133263e-01 4.23338336637866e-01 -8.85627054838567e-05 
4.27892861855126e-01 4.27890238605463e-01 -9.82866714872058e-05 
4.32444913576989e-01 4.32442138551548e-01 -1.08756013382356e-04 
4.36996965298852e-01 4.36994037109293e-01 -1.19996891883151e-04 
4.41549017020715e-01 4.41545934966494e-01 -1.32033560397013e-04 
4.46101068742578e-01 4.46097832864184e-01 -1.44888052337521e-04 
4.50653120464441e-01 4.50649731594626e-01 -1.58579859740062e-04 
4.55205172186304e-01 4.55201631998692e-01 -1.73125603734846e-04 
4.59757223908167e-01 4.59753534962557e-01 -1.88538699908667e-04 
4.64309275630030e-01 4.64305441413699e-01 -2.04829019649208e-04 
4.68861327351893e-01 4.68857352316159e-01 -2.22002550148108e-04 
4.73413379073756e-01 4.73409268665049e-01 -2.40061055315854e-04 
4.77965430795619e-01 4.77961191480264e-01 -2.59001740040998e-04 
4.82517482517482e-01 4.82513121799408e-01 -2.78816920553540e-04 
4.87069534239346e-01 4.87065060669880e-01 -2.99493703759471e-04 
4.91621585961209e-01 4.91617009140139e-01 -3.21013678433102e-04 
4.96173637683072e-01 4.96168968250136e-01 -3.43352621391101e-04 
5.00725689404935e-01 5.00720939020887e-01 -3.66480221885015e-04 
5.05277741126798e-01 5.05272922443229e-01 -3.90359827457566e-04 
5.09829792848661e-01 5.09824919465737e-01 -4.14948214836935e-04 
5.14381844570524e-01 5.14376930981832e-01 -4.40195389003265e-04 
5.18933896292387e-01 5.18928957816110e-01 -4.66044414391885e-04 
5.23485948014250e-01 5.23481000709893e-01 -4.92431281305833e-04 
5.28037999736113e-01 5.28033060306070e-01 -5.19284811529539e-04 
5.32590051457976e-01 5.32585137133259e-01 -5.46526606325724e-04 
5.37142103179839e-01 5.37137231589323e-01 -5.74071040542813e-04 
5.41694154901702e-01 5.41689343924333e-01 -6.01825306265964e-04 
5.46246206623565e-01 5.46241474223005e-01 -6.29689509136221e-04 
5.50798258345428e-01 5.50793622386724e-01 -6.57556820918350e-04 
5.55350310067291e-01 5.55345788115193e-01 -6.85313690943055e-04 
5.59902361789154e-01 5.59897970887831e-01 -7.12840119933836e-04 
5.64454413511017e-01 5.64450169945000e-01 -7.40009998357470e-04 
5.69006465232880e-01 5.69002384269164e-01 -7.66691511964456e-04 
5.73558516954743e-01 5.73554612566092e-01 -7.92747616914104e-04 
5.78110568676606e-01 5.78106853246225e-01 -8.18036586064311e-04 
5.82662620398469e-01 5.82659104406327e-01 -8.42412628252227e-04 
5.87214672120332e-01 5.87211363811556e-01 -8.65726581483065e-04 
5.91766723842196e-01 5.91763628878087e-01 -8.87826681186128e-04 
5.96318775564059e-01 5.96315896656417e-01 -9.08559403820308e-04 
6.00870827285922e-01 6.00868163815538e-01 -9.27770385570170e-04 
6.05422879007785e-01 6.05420426628062e-01 -9.45305415675273e-04 
6.09974930729648e-01 6.09972680956528e-01 -9.61011503784067e-04 
6.14526982451511e-01 6.14524922240977e-01 -9.74738019011367e-04 
6.19079034173374e-01 6.19077145488015e-01 -9.86337899115682e-04 
6.23631085895237e-01 6.23629345261471e-01 -9.95668926995379e-04 
6.28183137617100e-01 6.28181515674838e-01 -1.00259507097966e-03 
6.32735189338963e-01 6.32733650385656e-01 -1.00698788520098e-03 
6.37287241060826e-01 6.37285742591983e-01 -1.00872796572336e-03 
6.41839292782689e-01 6.41837785031097e-01 -1.00770645641139e-03 
6.46391344504552e-01 6.46389769980612e-01 -1.00382659984130e-03 
6.50943396226415e-01 6.50941689262109e-01 -9.97005325920941e-04 
6.55495447948278e-01 6.55493534247442e-01 -9.87174871665180e-04 
6.60047499670141e-01 6.60045295867850e-01 -9.74284423820207e-04 
6.64599551392004e-01 6.64596964625970e-01 -9.58301776679003e-04 
6.69151603113867e-01 6.69148530610889e-01 -9.39214995431390e-04 
6.73703654835730e-01 6.73699983516297e-01 -9.17034075694775e-04 
6.78255706557593e-01 6.78251312661851e-01 -8.91792589519511e-04 
6.82807758279456e-01 6.82802507017796e-01 -8.63549306462554e-04 
6.87359810001319e-01 6.87353555232911e-01 -8.32389779025310e-04 
6.91911861723182e-01 6.91904445665796e-01 -7.98427880466171e-04 
6.96463913445046e-01 6.96455166419530e-01 -7.61807283882018e-04 
7.01015965166909e-01 7.01005705379680e-01 -7.22702868158199e-04 
7.05568016888772e-01 7.05556050255657e-01 -6.81322040911622e-04 
7.10120068610635e-01 7.10106188625333e-01 -6.37905962547509e-04 
7.14672120332498e-01 7.14656107982905e-01 -5.92730660437440e-04 
7.19224172054361e-01 7.19205795789854e-01 -5.46108018946555e-04 
7.23776223776224e-01 7.23755239528907e-01 -4.98386632626523e-04 
7.28328275498087e-01 7.28304426760891e-01 -4.49952508633148e-04 
7.32880327219950e-01 7.32853345184228e-01 -4.01229606092087e-04 
7.37432378941813e-01 7.37401982696976e-01 -3.52680199266180e-04 
7.41984430663676e-01 7.41950327461114e-01 -3.04805051937816e-04 
7.46536482385539e-01 7.46498367968876e-01 -2.58143390753520e-04 
7.51088534107402e-01 7.51046093110845e-01 -2.13272666288441e-04 
7.55640585829265e-01 7.55593492245520e-01 -1.70808090781037e-04 
7.60192637551128e-01 7.60140555270015e-01 -1.31401941472301e-04 
7.64744689272991e-01 7.64687272691575e-01 -9.57426209670799e-05 
7.69296740994854e-01 7.69233635699531e-01 -6.45534651941283e-05 
7.73848792716717e-01 7.73779636237278e-01 -3.85912913232494e-05 
7.78400844438580e-01 7.78325267073926e-01 -1.86446790236252e-05 
7.82952896160443e-01 7.82870521875131e-01 -5.53197938162312e-06 
7.87504947882306e-01 7.87415395272699e-01 -9.90470371671426e-08 
7.92056999604169e-01 7.91959882932485e-01 -3.21669206955404e-06 
7.96609051326032e-01 7.96503981620112e-01 -1.57778504249482e-05 
8.01161103047896e-01 8.01047689264014e-01 -3.86944717098134e-05 
8.05713154769759e-01 8.05591005015317e-01 -7.28941261285776e-05 
8.10265206491621e-01 8.10133929304024e-01 -1.19316332023211e-04 
8.14817258213484e-01 8.14676463891008e-01 -1.78908609487068e-04 
8.19369309935348e-01 8.19218611915279e-01 -2.52622264556194e-04 
8.23921361657211e-01 8.23760377936011e-01 -3.41407911510638e-04 
8.28473413379074e-01 8.28301767968800e-01 -4.46210742859354e-04 
8.33025465100937e-01 8.32842789515644e-01 -5.67965556787686e-04 
8.37577516822800e-01 8.37383451588097e-01 -7.07591554854407e-04 
8.42129568544663e-01 8.41923764723154e-01 -8.65986923935173e-04 
8.46681620266526e-01 8.46463740991284e-01 -1.04402321766774e-03 
8.51233671988389e-01 8.51003393996217e-01 -1.24253955556788e-03 
8.55785723710252e-01 8.55542738865923e-01 -1.46233665792039e-03 
8.60337775432115e-01 8.60081792234409e-01 -1.70417073824231e-03 
8.64889827153978e-01 8.64620572213834e-01 -1.96874727485053e-03 
8.69441878875841e-01 8.69159098356586e-01 -2.25671468640994e-03 
8.73993930597704e-01 8.73697391606876e-01 -2.56865793620062e-03 
8.78545982319567e-01 8.78235474241515e-01 -2.90509209374418e-03 
8.83098034041430e-01 8.82773369799549e-01 -3.26645588136871e-03 
8.87650085763293e-01 8.87311103000403e-01 -3.65310523737739e-03 
8.92202137485156e-01 8.91848699650314e-01 -4.06530692660446e-03 
8.96754189207019e-01 8.96386186536773e-01 -4.50323223331072e-03 
9.01306240928882e-01 9.00923591310791e-01 -4.96695076989916e-03 
9.05858292650745e-01 9.05460942356854e-01 -5.45642443932097e-03 
9.10410344372608e-01 9.09998268650394e-01 -5.97150158777100e-03 
9.14962396094471e-01 9.14535599602776e-01 -6.51191138799397e-03 
9.19514447816335e-01 9.19072964893718e-01 -7.07725849281568e-03 
9.24066499538198e-01 9.23610394291211e-01 -7.66701800139984e-03 
9.28618551260061e-01 9.28147917459015e-01 -8.28053078082985e-03 
9.33170602981924e-01 9.32685563751883e-01 -8.91699918761638e-03 
9.37722654703787e-01 9.37223361998698e-01 -9.57548323415359e-03 
9.42274706425650e-01 9.41761340273836e-01 -1.02548972466670e-02 
9.46826758147513e-01 9.46299525657067e-01 -1.09540070612532e-02 
9.51378809869376e-01 9.50837943982438e-01 -1.16714278071700e-02 
9.55930861591239e-01 9.55376619576632e-01 -1.24056223248700e-02 
9.60482913313102e-01 9.59915574987385e-01 -1.31549002682715e-02 
9.65034965034965e-01 9.64454830702669e-01 -1.39174179411623e-02 
9.69587016756828e-01 9.68994404861368e-01 -1.46911789163996e-02 
9.74139068478691e-01 9.73534312956371e-01 -1.54740354877547e-02 
9.78691120200554e-01 9.78074567531026e-01 -1.62636910032780e-02 
9.83243171922417e-01 9.82615177870088e-01 -1.70577031275628e-02 
9.87795223644280e-01 9.87156149686322e-01 -1.78534880806734e-02 
9.92347275366143e-01 9.91697484804145e-01 -1.86483258982684e-02 
9.96899327088006e-01 9.96239180841713e-01 -1.94393667564965e-02 
1.00145137880987e+00 1.00078123089310e+00 -2.02236384021985e-02 
1.00600343053173e+00 1.00532362321222e+00 -2.09980547255169e-02 
1.01055548225360e+00 1.00986634090039e+00 -2.17594255095590e-02 
1.01510753397546e+00 1.01440936159952e+00 -2.25044673849946e-02 
1.01965958569732e+00 1.01895265719301e+00 -2.32298160149837e-02 
1.02421163741918e+00 1.02349619351668e+00 -2.39320395278216e-02 
1.02876368914105e+00 1.02803993008199e+00 -2.46076532086261e-02 
1.03331574086291e+00 1.03258381981424e+00 -2.52531354547735e-02 
1.03786779258477e+00 1.03712780880811e+00 -2.58649449894469e-02 
1.04241984430664e+00 1.04167183610353e+00 -2.64395393198713e-02 
1.04697189602850e+00 1.04621583348444e+00 -2.69733944164805e-02 
1.05152394775036e+00 1.05075972530343e+00 -2.74630255772090e-02 
1.05607599947223e+00 1.05530342833526e+00 -2.79050094300321e-02 
1.06062805119409e+00 1.05984685166194e+00 -2.82960070146077e-02 
1.06518010291595e+00 1.06438989659261e+00 -2.86327878690810e-02 
1.06973215463781e+00 1.06893245662098e+00 -2.89122550357997e-02 
1.07428420635968e+00 1.07347441742318e+00 -2.91314708835138e-02 
1.07883625808154e+00 1.07801565689883e+00 -2.92876836307138e-02 
1.08338830980340e+00 1.08255604525794e+00 -2.93783544377202e-02 
1.08794036152527e+00 1.08709544515600e+00 -2.94011849220683e-02 
1.09249241324713e+00 1.09163371187956e+00 -2.93541449354235e-02 
1.09704446496899e+00 1.09617069358426e+00 -2.92355004270209e-02 
1.10159651669086e+00 1.10070623158682e+00 -2.90438412045603e-02 
1.10614856841272e+00 1.10524016071243e+00 -2.87781083917026e-02 
1.11070062013458e+00 1.10977230969834e+00 -2.84376213686934e-02 
1.11525267185645e+00 1.11430250165409e+00 -2.80221039749843e-02 
1.11980472357831e+00 1.11883055457840e+00 -2.75317097435962e-02 
1.12435677530017e+00 1.12335628193218e+00 -2.69670459313070e-02 
1.12890882702203e+00 1.12787949326650e+00 -2.63291961070767e-02 
1.13346087874390e+00 1.13239999490408e+00 -2.56197410591787e-02 
1.13801293046576e+00 1.13691759067184e+00 -2.48407777841732e-02 
1.14256498218762e+00 1.14143208268200e+00 -2.39949363271042e-02 
1.14711703390949e+00 1.14594327215818e+00 -2.30853942490693e-02 
1.15166908563135e+00 1.15045096030275e+00 -2.21158885120192e-02 
1.15622113735321e+00 1.15495494920087e+00 -2.10907245827531e-02 
1.16077318907508e+00 1.15945504275633e+00 -2.00147825784974e-02 
1.16532524079694e+00 1.16395104765392e+00 -1.88935202943447e-02 
1.16987729251880e+00 1.16844277434228e+00 -1.77329729773123e-02 
1.17442934424066e+00 1.17293003803133e+00 -1.65397497379657e-02 
1.17898139596253e+00 1.17741265969788e+00 -1.53210265145165e-02 
1.18353344768439e+00 1.18189046709261e+00 -1.40845355377479e-02 
1.18808549940625e+00 1.18636329574200e+00 -1.28385512693940e-02 
1.19263755112812e+00 1.19083098993833e+00 -1.15918728213437e-02 
1.19718960284998e+00 1.19529340371118e+00 -1.03538028915014e-02 
1.20174165457184e+00 1.19975040177384e+00 -9.13412327868999e-03 
1.20629370629371e+00 1.20420186043847e+00 -7.94306707229941e-03 
1.21084575801557e+00 1.20864766849403e+00 -6.79128763468778e-03 
1.21539780973743e+00 1.21308772804137e+00 -5.68982451959831e-03 
1.21994986145930e+00 1.21752195528044e+00 -4.65006649250996e-03 
1.22450191318116e+00 1.22195028124498e+00 -3.68371183544721e-03 
1.22905396490302e+00 1.22637265248074e+00 -2.80272613422159e-03 
1.23360601662488e+00 1.23078903166359e+00 -2.01929775853843e-03 
1.23815806834675e+00 1.23519939815494e+00 -1.34579125005480e-03 
1.24271012006861e+00 1.23960374849203e+00 -7.94698839571401e-04 
1.24726217179047e+00 1.24400209681153e+00 -3.78590312592589e-04 
1.25181422351234e+00 1.24839447520551e+00 -1.10061437344592e-04 
1.25636627523420e+00 1.25278093400927e+00 -1.68116308451514e-06 
1.26091832695606e+00 1.25716154202100e+00 -6.59377823234927e-05 
1.26547037867793e+00 1.26153638665404e+00 -3.15184238407003e-04 
1.27002243039979e+00 1.26590557402237e+00 -7.61582737806153e-04 
1.27457448212165e+00 1.27026922896091e+00 -1.41704881172927e-03 
1.27912653384351e+00 1.27462749498193e+00 -2.29319494234535e-03 
1.28367858556538e+00 1.27898053416945e+00 -3.40127385030516e-03 
1.28823063728724e+00 1.28332852701330e+00 -4.75212151062450e-03 
1.29278268900910e+00 1.28767167218471e+00 -6.35609993940502e-03 
1.29733474073097e+00 1.29201018625516e+00 -8.22303976544370e-03 
1.30188679245283e+00 1.29634430335981e+00 -1.03621825752439e-02 
1.30643884417469e+00 1.30067427480694e+00 -1.27821229910219e-02 
1.31099089589656e+00 1.30500036863403e+00 -1.54907504183248e-02 
1.31554294761842e+00 1.30932286911086e+00 -1.84951903716926e-02 
1.32009499934028e+00 1.31364207618928e+00 -2.18017452666959e-02 
1.32464705106215e+00 1.31795830489867e+00 -2.54158345441267e-02 
1.32919910278401e+00 1.32227188468524e+00 -2.93419339732894e-02 
1.33375115450587e+00 1.32658315869245e+00 -3.35835139659182e-02 
1.33830320622773e+00 1.33089248297868e+00 -3.81429767202876e-02 
1.34285525794960e+00 1.33520022566729e+00 -4.30215920061644e-02 
1.34740730967146e+00 1.33950676602276e+00 -4.82194313957956e-02 
1.35195936139332e+00 1.34381249344538e+00 -5.37353007518501e-02 
1.35651141311519e+00 1.34811780637515e+00 -5.95666707856361e-02 
1.36106346483705e+00 1.35242311109431e+00 -6.57096055180239e-02 
1.36561551655891e+00 1.35672882041550e+00 -7.21586884970270e-02 
1.37016756828078e+00 1.36103535224128e+00 -7.89069466603501e-02 
1.37471962000264e+00 1.36534312797801e+00 -8.59457717773933e-02 
1.37927167172450e+00 1.36965257078522e+00 -9.32648394635986e-02 
1.38382372344636e+00 1.37396410363907e+00 -1.00852025837651e-01 
1.38837577516823e+00 1.37827814718593e+00 -1.08693321987376e-01 
1.39292782689009e+00 1.38259511735970e+00 -1.16772746528496e-01 
1.39747987861195e+00 1.38691542273337e+00 -1.25072256687398e-01 
1.40203193033382e+00 1.39123946157327e+00 -1.33571658513700e-01 
1.40658398205568e+00 1.39556761856108e+00 -1.42248517043370e-01 
1.41113603377754e+00 1.39990026114698e+00 -1.51078067486070e-01 
1.41568808549941e+00 1.40423773549445e+00 -1.60033128812138e-01 
1.42024013722127e+00 1.40858036197619e+00 -1.69084021468348e-01 
1.42479218894313e+00 1.41292843017948e+00 -1.78198491364669e-01 
1.42934424066500e+00 1.41728219337926e+00 -1.87341642749414e-01 
1.43389629238686e+00 1.42164186243928e+00 -1.96475883132723e-01 
1.43844834410872e+00 1.42600759910469e+00 -2.05560884032401e-01 
1.44300039583058e+00 1.43037950865555e+00 -2.14553561991404e-01 
1.44755244755245e+00 1.43475763189977e+00 -2.23408085059298e-01 
1.45210449927431e+00 1.43914193649683e+00 -2.32075910716079e-01 
1.45665655099617e+00 1.44353230762112e+00 -2.40505862028998e-01 
1.46120860271804e+00 1.44792853799700e+00 -2.48644249640283e-01 
1.46576065443990e+00 1.45233031736694e+00 -2.56435047933189e-01 
1.47031270616176e+00 1.45673722149133e+00 -2.63820134349734e-01 
1.47486475788363e+00 1.46114870082270e+00 -2.70739601260596e-01 
1.47941680960549e+00 1.46556406905010e+00 -2.77132149893096e-01 
1.48396886132735e+00 1.46998249176991e+00 -2.82935575492893e-01 
1.48852091304921e+00 1.47440297560621e+00 -2.88087351974701e-01 
1.49307296477108e+00 1.47882435817588e+00 -2.92525322649205e-01 
1.49762501649294e+00 1.48324529936573e+00 -2.96188501043975e-01 
1.50217706821480e+00 1.48766427445753e+00 -2.99017982219500e-01 
1.50672911993667e+00 1.49207956969401e+00 -3.00957960236219e-01 
1.51128117165853e+00 1.49648928091645e+00 -3.01956841533772e-01 
1.51583322338039e+00 1.50089131591308e+00 -3.01968437039834e-01 
1.52038527510226e+00 1.50528340108655e+00 -3.00953208097447e-01 
1.52493732682412e+00 1.50966309296866e+00 -2.98879533201530e-01 
1.52948937854598e+00 1.51402779497438e+00 -2.95724954704331e-01 
1.53404143026785e+00 1.51837477959216e+00 -2.91477357860593e-01 
1.53859348198971e+00 1.52270121595578e+00 -2.86136029750332e-01 
1.54314553371157e+00 1.52700420244654e+00 -2.79712543657625e-01 
1.54769758543343e+00 1.53128080365110e+00 -2.72231416190096e-01 
1.55224963715530e+00 1.53552809067721e+00 -2.63730490341975e-01 
1.55680168887716e+00 1.53974318353799e+00 -2.54261007936438e-01 
1.56135374059902e+00 1.54392329408884e+00 -2.43887349025811e-01 
1.56590579232089e+00 1.54806576786995e+00 -2.32686432935821e-01 
1.57045784404275e+00 1.55216812319140e+00 -2.20746794271047e-01 
1.57500989576461e+00 1.55622808590806e+00 -2.08167365614911e-01 
1.57956194748648e+00 1.56024361855923e+00 -1.95056015053284e-01 
1.58411399920834e+00 1.56421294287389e+00 -1.81527899412376e-01 
1.58866605093020e+00 1.56813455503339e+00 -1.67703702071398e-01 
1.59321810265206e+00 1.57200723349873e+00 -1.53707826830446e-01 
1.59777015437393e+00 1.57583003961198e+00 -1.39666616691697e-01 
1.60232220609579e+00 1.57960231153213e+00 -1.25706659232400e-01 
1.60687425781765e+00 1.58332365234250e+00 -1.11953229652640e-01 
1.61142630953952e+00 1.58699391335294e+00 -9.85289099105393e-02 
1.61597836126138e+00 1.59061317371477e+00 -8.55524089975967e-02 
1.62053041298324e+00 1.59418171747621e+00 -7.31375965435234e-02 
1.62508246470511e+00 1.59770000914565e+00 -6.13927505186424e-02 
1.62963451642697e+00 1.60116866871816e+00 -5.04200104057436e-02 
1.63418656814883e+00 1.60458844697581e+00 -4.03150201172810e-02 
1.63873861987070e+00 1.60796020171243e+00 -3.11667401484304e-02 
1.64329067159256e+00 1.61128487537305e+00 -2.30574057694346e-02 
1.64784272331442e+00 1.61456347444761e+00 -1.60626071474795e-02 
1.65239477503628e+00 1.61779705082642e+00 -1.02514677800348e-02 
1.65694682675815e+00 1.62098668521206e+00 -5.68689910775782e-03 
1.66149887848001e+00 1.62413347259389e+00 -2.42591132756965e-03 
1.66605093020187e+00 1.62723850972257e+00 -5.19962928708987e-04 
1.67060298192374e+00 1.63030288447380e+00 -1.53341033043005e-05 
1.67515503364560e+00 1.63332766695807e+00 -9.53511761320829e-04 
1.67970708536746e+00 1.63631390221506e+00 -3.37157628778810e-03 
1.68425913708933e+00 1.63926260432358e+00 -7.30258234924865e-03 
1.68881118881119e+00 1.64217475175822e+00 -1.27759279574118e-02 
1.69336324053305e+00 1.64505128383015e+00 -1.98177076091444e-02 
1.69791529225491e+00 1.64789309805949e+00 -2.84510466660051e-02 
1.70246734397678e+00 1.65070104833886e+00 -3.86964152259694e-02 
1.70701939569864e+00 1.65347594376161e+00 -5.05719206090640e-02 
1.71157144742050e+00 1.65621854800165e+00 -6.40935782501482e-02 
1.71612349914237e+00 1.65892957914571e+00 -7.92755613000200e-02 
1.72067555086423e+00 1.66160970989156e+00 -9.61304296111661e-02 
1.72522760258609e+00 1.66425956803773e+00 -1.14669339041569e-01 
1.72977965430796e+00 1.66687973720109e+00 -1.34902232187485e-01 
1.73433170602982e+00 1.66947075770843e+00 -1.56838011754684e-01 
1.73888375775168e+00 1.67203312761664e+00 -1.80484697831418e-01 
1.74343580947355e+00 1.67456730382388e+00 -2.05849570331862e-01 
1.74798786119541e+00 1.67707370324040e+00 -2.32939297862028e-01 
1.75253991291727e+00 1.67955270399355e+00 -2.61760054215776e-01 
1.75709196463913e+00 1.68200464664611e+00 -2.92317623655894e-01 
1.76164401636100e+00 1.68442983541140e+00 -3.24617496068579e-01 
1.76619606808286e+00 1.68682853935191e+00 -3.58664953011688e-01 
1.77074811980472e+00 1.68920099355113e+00 -3.94465145606246e-01 
1.77530017152659e+00 1.69154740025085e+00 -4.32023165149261e-01 
1.77985222324845e+00 1.69386792994788e+00 -4.71344107256342e-01 
1.78440427497031e+00 1.69616272244633e+00 -5.12433130280612e-01 
1.78895632669218e+00 1.69843188786234e+00 -5.55295508686759e-01 
1.79350837841404e+00 1.70067550757991e+00 -5.99936682006854e-01 
1.79806043013590e+00 1.70289363515687e+00 -6.46362299947771e-01 
1.80261248185776e+00 1.70508629718127e+00 -6.94578264173529e-01 
1.80716453357963e+00 1.70725349407857e+00 -7.44590767238910e-01 
1.81171658530149e+00 1.70939520087105e+00 -7.96406329113882e-01 
1.81626863702335e+00 1.71151136789075e+00 -8.50031831699915e-01 
1.82082068874522e+00 1.71360192144809e+00 -9.05474551707915e-01 
1.82537274046708e+00 1.71566676445801e+00 -9.62742192239858e-01 
1.82992479218894e+00 1.71770577702636e+00 -1.02184291338939e+00 
1.83447684391081e+00 1.71971881699882e+00 -1.08278536215741e+00 
1.83902889563267e+00 1.72170572047538e+00 -1.14557870195547e+00 
1.84358094735453e+00 1.72366630229310e+00 -1.21023264195807e+00 
1.84813299907640e+00 1.72560035648036e+00 -1.27675746654795e+00 
1.85268505079826e+00 1.72750765668583e+00 -1.34516406508707e+00 
1.85723710252012e+00 1.72938795658561e+00 -1.41546396223576e+00 
1.86178915424198e+00 1.73124099027211e+00 -1.48766934903729e+00 
1.86634120596385e+00 1.73306647262864e+00 -1.56179311497345e+00 
1.87089325768571e+00 1.73486409969369e+00 -1.63784888119560e+00 
1.87544530940757e+00 1.73663354901937e+00 -1.71585103513159e+00 
1.87999736112944e+00 1.73837448002866e+00 -1.79581476666112e+00 
1.88454941285130e+00 1.74008653437667e+00 -1.87775610605549e+00 
1.88910146457316e+00 1.74176933632126e+00 -1.96169196387224e+00 
1.89365351629503e+00 1.74342249310930e+00 -2.04764017299198e+00 
1.89820556801689e+00 1.74504559538486e+00 -2.13561953298615e+00 
1.90275761973875e+00 1.74663821762683e+00 -2.22564985699783e+00 
1.90730967146061e+00 1.74819991862385e+00 -2.31775202131497e+00 
1.91186172318248e+00 1.74973024199521e+00 -2.41194801780968e+00 
1.91641377490434e+00 1.75122871676783e+00 -2.50826100940969e+00 
1.92096582662620e+00 1.75269485801964e+00 -2.60671538875440e+00 
1.92551787834807e+00 1.75412816760175e+00 -2.70733684017612e+00 
1.93006993006993e+00 1.75552813495252e+00 -2.81015240512372e+00 
1.93462198179179e+00 1.75689423801823e+00 -2.91519055112187e+00 
1.93917403351366e+00 1.75822594429681e+00 -3.02248124432226e+00 
1.94372608523552e+00 1.75952271202275e+00 -3.13205602566029e+00 
1.94827813695738e+00 1.76078399151320e+00 -3.24394809057570e+00 
1.95283018867924e+00 1.76200922669736e+00 -3.35819237218161e+00 
1.95738224040111e+00 1.76319785685366e+00 -3.47482562768518e+00 
1.96193429212297e+00 1.76434931858132e+00 -3.59388652774939e+00 
1.96648634384483e+00 1.76546304803544e+00 -3.71541574835705e+00 
1.97103839556670e+00 1.76653848345753e+00 -3.83945606457755e+00 
1.97559044728856e+00 1.76757506803532e+00 -3.96605244544332e+00 
1.98014249901042e+00 1.76857225312882e+00 -4.09525214890933e+00 
1.98469455073229e+00 1.76952950190104e+00 -4.22710481559646e+00 
1.98924660245415e+00 1.77044629339411e+00 -4.36166255969147e+00 
1.99379865417601e+00 1.77132212709241e+00 -4.49898005499734e+00 
1.99835070589788e+00 1.77215652801468e+00 -4.63911461368098e+00 
2.00290275761974e+00 1.77294905237631e+00 -4.78212625476633e+00 
2.00745480934160e+00 1.77369929386005e+00 -4.92807775883470e+00 
2.01200686106346e+00 1.77440689052911e+00 -5.07703470475679e+00 
2.01655891278533e+00 1.77507153240884e+00 -5.22906548356995e+00 
2.02111096450719e+00 1.77569296975217e+00 -5.38424128384758e+00 
2.02566301622905e+00 1.77627102198910e+00 -5.54263604210875e+00 
2.03021506795092e+00 1.77680558733972e+00 -5.70432635100186e+00 
2.03476711967278e+00 1.77729665304418e+00 -5.86939131721548e+00 
2.03931917139464e+00 1.77774430612982e+00 -6.03791236037207e+00 
2.04387122311651e+00 1.77814874459450e+00 -6.20997294363371e+00 
2.04842327483837e+00 1.77851028883684e+00 -6.38565822646669e+00 
2.05297532656023e+00 1.77882939310665e+00 -6.56505463012375e+00 
2.05752737828210e+00 1.77910665668527e+00 -6.74824930701387e+00 
2.06207943000396e+00 1.77934283443510e+00 -6.93532950642218e+00 
2.06663148172582e+00 1.77953884628545e+00 -7.12638183115857e+00 
2.07118353344768e+00 1.77969578515031e+00 -7.32149138280817e+00 
2.07573558516955e+00 1.77981492271044e+00 -7.52074079745518e+00 
2.08028763689141e+00 1.77989771244360e+00 -7.72420917909605e+00 
2.08483968861327e+00 1.77994578926312e+00 -7.93197094441574e+00 
2.08939174033514e+00 1.77996096513548e+00 -8.14409459999628e+00 
2.09394379205700e+00 1.77994522010303e+00 -8.36064148101169e+00 
2.09849584377886e+00 1.77990068824622e+00 -8.58166448851106e+00 
2.10304789550073e+00 1.77982963828640e+00 -8.80720686978933e+00 
2.10759994722259e+00 1.77973444875537e+00 -9.03730109223904e+00 
2.11215199894445e+00 1.77961757793476e+00 -9.27196786452613e+00 
2.11670405066631e+00 1.77948152908133e+00 -9.51121535908316e+00 
2.12125610238818e+00 1.77932881178129e+00 -9.75503868606288e+00 
2.12580815411004e+00 1.77916190058776e+00 -1.00034196607271e+01 
2.13036020583190e+00 1.77898319235682e+00 -1.02563268938983e+01 
2.13491225755377e+00 1.77879496387855e+00 -1.05137162192726e+01 
2.13946430927563e+00 1.77859933147215e+00 -1.07755314532939e+01 
2.14401636099749e+00 1.77839821416507e+00 -1.10417054645396e+01 
2.14856841271936e+00 1.77819330190328e+00 -1.13121615119925e+01 
2.15312046444122e+00 1.77798602995704e+00 -1.15868147968725e+01 
2.15767251616308e+00 1.77777756032263e+00 -1.18655741623368e+01 
2.16222456788494e+00 1.77756877051155e+00 -1.21483438701211e+01 
2.16677661960681e+00 1.77736024970485e+00 -1.24350253833642e+01 
2.17132867132867e+00 1.77715230187102e+00 -1.27255190899586e+01 
2.17588072305053e+00 1.77694495513075e+00 -1.30197259098941e+01 
2.18043277477240e+00 1.77673797642064e+00 -1.33175487419111e+01 
2.18498482649426e+00 1.77653089036994e+00 -1.36188937179830e+01 
2.18953687821612e+00 1.77632300125472e+00 -1.39236712473961e+01 
2.19408892993799e+00 1.77611341692272e+00 -1.42317968444101e+01 
2.19864098165985e+00 1.77590107367155e+00 -1.45431917439300e+01 
2.20319303338171e+00 1.77568476119411e+00 -1.48577833178396e+01 
2.20774508510358e+00 1.77546314685997e+00 -1.51755053105521e+01 
2.21229713682544e+00 1.77523479876318e+00 -1.54962979160081e+01 
2.21684918854730e+00 1.77499820712324e+00 -1.58201077200821e+01 
2.22140124026916e+00 1.77475180376827e+00 -1.61468875325200e+01 
2.22595329199103e+00 1.77449397955149e+00 -1.64765961314780e+01 
2.23050534371289e+00 1.77422309965256e+00 -1.68091979418867e+01 
2.23505739543475e+00 1.77393751679401e+00 -1.71446626665062e+01 
2.23960944715662e+00 1.77363558246044e+00 -1.74829648859578e+01 
2.24416149887848e+00 1.77331565624878e+00 -1.78240836414182e+01 
2.24871355060034e+00 1.77297611350222e+00 -1.81680020111646e+01 
2.25326560232221e+00 1.77261535139383e+00 -1.85147066898858e+01 
2.25781765404407e+00 1.77223179362923e+00 -1.88641875776483e+01 
2.26236970576593e+00 1.77182389393458e+00 -1.92164373836657e+01 
2.26692175748780e+00 1.77139013848829e+00 -1.95714512485544e+01 
2.27147380920966e+00 1.77092904744416e+00 -1.99292263875522e+01 
2.27602586093152e+00 1.77043917568083e+00 -2.02897617562067e+01 
2.28057791265338e+00 1.76991911289933e+00 -2.06530577392735e+01 
2.28512996437525e+00 1.76936748317757e+00 -2.10191158629806e+01 
2.28968201609711e+00 1.76878294407738e+00 -2.13879385303638e+01 
2.29423406781897e+00 1.76816418538840e+00 -2.17595287790663e+01 
2.29878611954084e+00 1.76750992758195e+00 -2.21338900607573e+01 
2.30333817126270e+00 1.76681892003829e+00 -2.25110260411808e+01 
2.30789022298456e+00 1.76608993910200e+00 -2.28909404197487e+01 
2.31244227470643e+00 1.76532178601265e+00 -2.32736367675434e+01 
2.31699432642829e+00 1.76451328475112e+00 -2.36591183825788e+01 
2.32154637815015e+00 1.76366327983607e+00 -2.40473881611693e+01 
2.32609842987201e+00 1.76277063410041e+00 -2.44384484842870e+01 
2.33065048159388e+00 1.76183422647282e+00 -2.48323011178084e+01 
2.33520253331574e+00 1.76085294978592e+00 -2.52289471255972e+01 
2.33975458503760e+00 1.75982570862938e+00 -2.56283867944097e+01 
2.34430663675947e+00 1.75875141726359e+00 -2.60306195696495e+01 
2.34885868848133e+00 1.75762899760676e+00 -2.64356440010433e+01 
2.35341074020319e+00 1.75645737730651e+00 -2.68434576973513e+01 
2.35796279192506e+00 1.75523548790481e+00 -2.72540572892646e+01 
2.36251484364692e+00 1.75396226310372e+00 -2.76674383996836e+01 
2.36706689536878e+00 1.75263663713772e+00 -2.80835956206086e+01 
2.37161894709065e+00 1.75125754325681e+00 -2.85025224959096e+01 
2.37617099881251e+00 1.74982391232381e+00 -2.89242115092808e+01 
2.38072305053437e+00 1.74833467152770e+00 -2.93486540767207e+01 
2.38527510225623e+00 1.74678874321397e+00 -2.97758405429118e+01 
2.38982715397810e+00 1.74518504383194e+00 -3.02057601809140e+01 
2.39437920569996e+00 1.74352248299823e+00 -3.06384011946171e+01 
2.39893125742182e+00 1.74179996267463e+00 -3.10737507234369e+01 
2.40348330914369e+00 1.74001637645798e+00 -3.15117948487724e+01 
2.40803536086555e+00 1.73817060897900e+00 -3.19525186017820e+01 
2.41258741258741e+00 1.73626153540653e+00 -3.23959059720701e+01 
2.41713946430928e+00 1.73428802105307e+00 -3.28419399169112e+01 
2.42169151603114e+00 1.73224892107706e+00 -3.32906023706798e+01 
2.42624356775300e+00 1.73014308027734e+00 -3.37418742541824e+01 
2.43079561947486e+00 1.72796933297445e+00 -3.41957354836329e+01 
2.43534767119673e+00 1.72572650297376e+00 -3.46521649790375e+01 
2.43989972291859e+00 1.72341340360499e+00 -3.51111406717951e+01 
2.44445177464045e+00 1.72102883783281e+00 -3.55726395113490e+01 
2.44900382636232e+00 1.71857159843308e+00 -3.60366374707560e+01 
2.45355587808418e+00 1.71604046822945e+00 -3.65031095510682e+01 
2.45810792980604e+00 1.71343422038529e+00 -3.69720297844507e+01 
2.46265998152791e+00 1.71075161874567e+00 -3.74433712359808e+01 
2.46721203324977e+00 1.70799141822480e+00 -3.79171060041040e+01 
2.47176408497163e+00 1.70515236523428e+00 -3.83932052197320e+01 
2.47631613669349e+00 1.70223319814782e+00 -3.88716390440003e+01 
2.48086818841536e+00 1.69923264779834e+00 -3.93523766647073e+01 
2.48542024013722e+00 1.69614943800379e+00 -3.98353862914833e+01 
2.48997229185908e+00 1.69298228611816e+00 -4.03206351497387e+01 
2.49452434358095e+00 1.68972990360449e+00 -4.08080894734614e+01 
2.49907639530281e+00 1.68639099662715e+00 -4.12977144969394e+01 
2.50362844702467e+00 1.68296426666063e+00 -4.17894744454875e+01 
2.50818049874654e+00 1.67944841111283e+00 -4.22833325252696e+01 
2.51273255046840e+00 1.67584212396064e+00 -4.27792509123081e+01 
2.51728460219026e+00 1.67214409639619e+00 -4.32771907407764e+01 
2.52183665391213e+00 1.66835301748230e+00 -4.37771120906696e+01 
2.52638870563399e+00 1.66446757481602e+00 -4.42789739749556e+01 
2.53094075735585e+00 1.66048645519893e+00 -4.47827343262967e+01 
2.53549280907771e+00 1.65640834531384e+00 -4.52883499834477e+01 
2.54004486079958e+00 1.65223193240692e+00 -4.57957766774156e+01 
2.54459691252144e+00 1.64795590497498e+00 -4.63049690174778e+01 
2.54914896424330e+00 1.64357895345759e+00 -4.68158804771464e+01 
2.55370101596517e+00 1.63909977093376e+00 -4.73284633801657e+01 
2.55825306768703e+00 1.63451705382337e+00 -4.78426688866229e+01 
2.56280511940889e+00 1.62982950259295e+00 -4.83584469792496e+01 
2.56735717113076e+00 1.62503582246648e+00 -4.88757464499936e+01 
2.57190922285262e+00 1.62013472414086e+00 -4.93945148869234e+01 
2.57646127457448e+00 1.61512492450664e+00 -4.99146986615392e+01 
2.58101332629635e+00 1.61000514737409e+00 -5.04362429165472e+01 
2.58556537801821e+00 1.60477412420491e+00 -5.09590915541597e+01 
2.59011742974007e+00 1.59943059485000e+00 -5.14831872249725e+01 
2.59466948146193e+00 1.59397330829337e+00 -5.20084713174723e+01 
2.59922153318380e+00 1.58840102340270e+00 -5.25348839482221e+01 
2.60377358490566e+00 1.58271250968672e+00 -5.30623639527674e+01 
2.60832563662752e+00 1.57690654805958e+00 -5.35908488773045e+01 
2.61287768834939e+00 1.57098193161266e+00 -5.41202749711517e+01 
2.61742974007125e+00 1.56493746639377e+00 -5.46505771800555e+01 
2.62198179179311e+00 1.55877197219404e+00 -5.51816891403674e+01 
2.62653384351498e+00 1.55248428334258e+00 -5.57135431741211e+01 
2.63108589523684e+00 1.54607324950893e+00 -5.62460702850386e+01 
2.63563794695870e+00 1.53953773651335e+00 -5.67792001554931e+01 
2.64018999868056e+00 1.53287662714497e+00 -5.73128611444539e+01 
2.64474205040243e+00 1.52608882198756e+00 -5.78469802864338e+01 
2.64929410212429e+00 1.51917324025295e+00 -5.83814832914662e+01 
2.65384615384615e+00 1.51212882062188e+00 -5.89162945461285e+01 
2.65839820556802e+00 1.50495452209189e+00 -5.94513371156339e+01 
2.66295025728988e+00 1.49764932483221e+00 -5.99865327470082e+01 
2.66750230901174e+00 1.49021223104508e+00 -6.05218018733722e+01 
2.67205436073361e+00 1.48264226583325e+00 -6.10570636193439e+01 
2.67660641245547e+00 1.47493847807316e+00 -6.15922358075787e+01 
2.68115846417733e+00 1.46709994129332e+00 -6.21272349664593e+01 
2.68571051589920e+00 1.45912575455741e+00 -6.26619763389572e+01 
2.69026256762106e+00 1.45101504335143e+00 -6.31963738926714e+01 
2.69481461934292e+00 1.44276696047436e+00 -6.37303403310627e+01 
2.69936667106478e+00 1.43438068693161e+00 -6.42637871058958e+01 
2.70391872278665e+00 1.42585543283070e+00 -6.47966244309003e+01 
2.70847077450851e+00 1.41719043827818e+00 -6.53287612966637e+01 
2.71302282623037e+00 1.40838497427732e+00 -6.58601054867635e+01 
2.71757487795224e+00 1.39943834362553e+00 -6.63905635951545e+01 
2.72212692967410e+00 1.39034988181086e+00 -6.69200410448141e+01 
2.72667898139596e+00 1.38111895790653e+00 -6.74484421076612e+01 
2.73123103311783e+00 1.37174497546281e+00 -6.79756699257496e+01 
2.73578308483969e+00 1.36222737339524e+00 -6.85016265337484e+01 
2.74033513656155e+00 1.35256562686810e+00 -6.90262128827108e+01 
2.74488718828341e+00 1.34275924817254e+00 -6.95493288651435e+01 
2.74943924000528e+00 1.33280778759801e+00 -7.00708733413699e+01 
2.75399129172714e+00 1.32271083429628e+00 -7.05907441672010e+01 
2.75854334344900e+00 1.31246801713683e+00 -7.11088382229097e+01 
2.76309539517087e+00 1.30207900555274e+00 -7.16250514435096e+01 
2.76764744689273e+00 1.29154351037599e+00 -7.21392788503389e+01 
2.77219949861459e+00 1.28086128466105e+00 -7.26514145839479e+01 
2.77675155033646e+00 1.27003212449580e+00 -7.31613519382831e+01 
2.78130360205832e+00 1.25905586979871e+00 -7.36689833961689e+01 
2.78585565378018e+00 1.24793240510108e+00 -7.41742006660738e+01 
2.79040770550204e+00 1.23666166031346e+00 -7.46768947201587e+01 
2.79495975722391e+00 1.22524361147496e+00 -7.51769558335945e+01 
2.79951180894577e+00 1.21367828148456e+00 -7.56742736251376e+01 
2.80406386066763e+00 1.20196574081314e+00 -7.61687370989541e+01 
2.80861591238950e+00 1.19010610819536e+00 -7.66602346876718e+01 
2.81316796411136e+00 1.17809955130011e+00 -7.71486542966497e+01 
2.81772001583322e+00 1.16594628737857e+00 -7.76338833494422e+01 
2.82227206755509e+00 1.15364658388881e+00 -7.81158088344396e+01 
2.82682411927695e+00 1.14120075909581e+00 -7.85943173526643e+01 
2.83137617099881e+00 1.12860918264587e+00 -7.90692951666963e+01 
2.83592822272068e+00 1.11587227611444e+00 -7.95406282507015e+01 
2.84048027444254e+00 1.10299051352618e+00 -8.00082023415411e+01 
2.84503232616440e+00 1.08996442184646e+00 -8.04719029909250e+01 
2.84958437788626e+00 1.07679458144301e+00 -8.09316156185813e+01 
2.85413642960813e+00 1.06348162651708e+00 -8.13872255664091e+01 
2.85868848132999e+00 1.05002624550286e+00 -8.18386181535783e+01 
2.86324053305185e+00 1.03642918143438e+00 -8.22856787325422e+01 
2.86779258477372e+00 1.02269123227888e+00 -8.27282927459121e+01 
2.87234463649558e+00 1.00881325123589e+00 -8.31663457841753e+01 
2.87689668821744e+00 9.94796147000995e-01 -8.35997236441890e+01 
2.88144873993931e+00 9.80640883993554e-01 -8.40283123884255e+01 
2.88600079166117e+00 9.66348482547512e-01 -8.44519984049088e+01 
2.89055284338303e+00 9.51920019064622e-01 -8.48706684678053e+01 
2.89510489510489e+00 9.37356626129185e-01 -8.52842097986104e+01 
2.89965694682676e+00 9.22659492583720e-01 -8.56925101278864e+01 
2.90420899854862e+00 9.07829863564873e-01 -8.60954577574954e+01 
2.90876105027048e+00 8.92869040498894e-01 -8.64929416232742e+01 
2.91331310199235e+00 8.77778381056164e-01 -8.68848513580978e+01 
2.91786515371421e+00 8.62559299064125e-01 -8.72710773552688e+01 
2.92241720543607e+00 8.47213264378188e-01 -8.76515108321811e+01 
2.92696925715794e+00 8.31741802710166e-01 -8.80260438941964e+01 
2.93152130887980e+00 8.16146495413753e-01 -8.83945695986685e+01 
2.93607336060166e+00 8.00428979226705e-01 -8.87569820190622e+01 
2.94062541232353e+00 7.84590945969503e-01 -8.91131763090972e+01 
2.94517746404539e+00 7.68634142200047e-01 -8.94630487668540e+01 
2.94972951576725e+00 7.52560368824346e-01 -8.98064968987839e+01 
2.95428156748911e+00 7.36371480662971e-01 -9.01434194835494e+01 
2.95883361921098e+00 7.20069385973104e-01 -9.04737166356368e+01 
2.96338567093284e+00 7.03656045926271e-01 -9.07972898686691e+01 
2.96793772265470e+00 6.87133474041636e-01 -9.11140421583542e+01 
2.97248977437657e+00 6.70503735574943e-01 -9.14238780050059e+01 
2.97704182609843e+00 6.53768946863313e-01 -9.17267034955645e+01 
2.98159387782029e+00 6.36931274625957e-01 -9.20224263650501e+01 
2.98614592954216e+00 6.19992935221052e-01 -9.23109560573854e+01 
2.99069798126402e+00 6.02956193859184e-01 -9.25922037855198e+01 
2.99525003298588e+00 5.85823363773556e-01 -9.28660825907809e+01 
2.99980208470775e+00 5.68596805347461e-01 -9.31325074013960e+01 
3.00435413642961e+00 5.51278925199486e-01 -9.33913950901125e+01 
3.00890618815147e+00 5.33872175226929e-01 -9.36426645308500e+01 
3.01345823987333e+00 5.16379051608043e-01 -9.38862366543224e+01 
3.01801029159520e+00 4.98802093763760e-01 -9.41220345025594e+01 
3.02256234331706e+00 4.81143883279580e-01 -9.43499832822749e+01 
3.02711439503892e+00 4.63407042788353e-01 -9.45700104170033e+01 
3.03166644676079e+00 4.45594234814869e-01 -9.47820455979594e+01 
3.03621849848265e+00 4.27708160582979e-01 -9.49860208335427e+01 
3.04077055020451e+00 4.09751558786305e-01 -9.51818704974478e+01 
3.04532260192638e+00 3.91727204323447e-01 -9.53695313753010e+01 
3.04987465364824e+00 3.73637906998742e-01 -9.55489427097858e+01 
3.05442670537010e+00 3.55486510189647e-01 -9.57200462441869e+01 
3.05897875709196e+00 3.37275889481867e-01 -9.58827862643084e+01 
3.06353080881383e+00 3.19008951273463e-01 -9.60371096387156e+01 
3.06808286053569e+00 3.00688631349114e-01 -9.61829658572401e+01 
3.07263491225755e+00 2.82317893425807e-01 -9.63203070677147e+01 
3.07718696397942e+00 2.63899727671311e-01 -9.64490881108798e+01 
3.08173901570128e+00 2.45437149196794e-01 -9.65692665534256e+01 
3.08629106742314e+00 2.26933196524898e-01 -9.66808027191252e+01 
3.09084311914501e+00 2.08390930034845e-01 -9.67836597180204e+01 
3.09539517086687e+00 1.89813430385919e-01 -9.68778034736234e+01 
3.09994722258873e+00 1.71203796920939e-01 -9.69632027480960e+01 
3.10449927431059e+00 1.52565146051158e-01 -9.70398291653863e+01 
3.10905132603246e+00 1.33900609624201e-01 -9.71076572322730e+01 
3.11360337775432e+00 1.15213333276703e-01 -9.71666643573140e+01 
3.11815542947618e+00 9.65064747731213e-02 -9.72168308676568e+01 
3.12270748119805e+00 7.77832023324747e-02 -9.72581400236969e+01 
3.12725953291991e+00 5.90466929446459e-02 -9.72905780315647e+01 
3.13181158464177e+00 4.03001306778424e-02 -9.73141340534272e+01 
3.13636363636364e+00 2.15467049790438e-02 -9.73288002155850e+01 
