Data Format: k_val_normalized w_real_normalized w_imag 
num_pts 940 
0.00000000000000e+00 -6.05783647658994e-17 -2.05783743377536e-14 
3.33688320908768e-03 3.33688320908769e-03 1.12060604144433e-14 
6.67376641817536e-03 6.67376641817550e-03 -1.33752277555886e-14 
1.00106496272630e-02 1.00106496272631e-02 -1.91565615905690e-14 
1.33475328363507e-02 1.33475328363508e-02 -6.48485998095568e-14 
1.66844160454384e-02 1.66844160454384e-02 -2.86338543817179e-14 
2.00212992545261e-02 2.00212992545259e-02 -1.07024403402404e-14 
2.33581824636138e-02 2.33581824636138e-02 -3.57794974583438e-14 
2.66950656727015e-02 2.66950656727013e-02 4.57433652162632e-14 
3.00319488817891e-02 3.00319488817892e-02 -1.92464464504831e-14 
3.33688320908768e-02 3.33688320908767e-02 1.04511718157763e-14 
3.67057152999645e-02 3.67057152999645e-02 2.24632873100795e-14 
4.00425985090522e-02 4.00425985090520e-02 2.85493999187699e-14 
4.33794817181399e-02 4.33794817181399e-02 1.58779045425384e-14 
4.67163649272275e-02 4.67163649272281e-02 -4.00709246201547e-14 
5.00532481363152e-02 5.00532481363150e-02 1.34648067990018e-14 
5.33901313454029e-02 5.33901313454028e-02 -3.40023840158818e-15 
5.67270145544906e-02 5.67270145544907e-02 -2.63972797117261e-14 
6.00638977635783e-02 6.00638977635782e-02 -3.64534944481446e-14 
6.34007809726660e-02 6.34007809726656e-02 -9.13674580274925e-16 
6.67376641817536e-02 6.67376641817539e-02 -5.04346782852759e-14 
7.00745473908413e-02 7.00745473908408e-02 -1.06442549769733e-14 
7.34114305999290e-02 7.34114305999289e-02 2.96555065428441e-14 
7.67483138090167e-02 7.67483138090164e-02 4.49929462452940e-14 
8.00851970181044e-02 8.00851970181044e-02 -1.87584867216043e-14 
8.34220802271921e-02 8.34220802271922e-02 -1.83470630827744e-14 
8.67589634362797e-02 8.67589634362802e-02 -2.08355360219492e-15 
9.00958466453674e-02 9.00958466453674e-02 -9.78327622886902e-15 
9.34327298544551e-02 9.34327298544548e-02 3.96399171488841e-14 
9.67696130635428e-02 9.67696130635423e-02 4.56176644551843e-15 
1.00106496272630e-01 1.00106496272631e-01 -1.62000097681319e-14 
1.03443379481718e-01 1.03443379481718e-01 -9.24763974276732e-15 
1.06780262690806e-01 1.06780262690806e-01 6.15934986966849e-16 
1.10117145899894e-01 1.10117145899893e-01 -8.19896031976262e-15 
1.13454029108981e-01 1.13454029108981e-01 2.38128845659020e-14 
1.16790912318069e-01 1.16790912318069e-01 -2.37275658454897e-14 
1.20127795527157e-01 1.20127795527156e-01 -4.67718586698065e-15 
1.23464678736244e-01 1.23464678736244e-01 2.49430208157786e-14 
1.26801561945332e-01 1.26801561945332e-01 -8.69462846298323e-16 
1.30138445154420e-01 1.30138445154419e-01 2.86886823774428e-14 
1.33475328363507e-01 1.33475328363507e-01 3.83511857529446e-15 
1.36812211572595e-01 1.36812211572595e-01 -5.96613410931616e-15 
1.40149094781683e-01 1.40149094781682e-01 2.56169455914145e-15 
1.43485977990770e-01 1.43485977990770e-01 -2.48023169076538e-15 
1.46822861199858e-01 1.46822861199857e-01 6.62496726928202e-15 
1.50159744408946e-01 1.50159744408946e-01 -6.17144307702039e-15 
1.53496627618033e-01 1.53496627618034e-01 1.65513056397170e-15 
1.56833510827121e-01 1.56833510827120e-01 -2.29802726521234e-14 
1.60170394036209e-01 1.60170394036209e-01 6.02785899610867e-15 
1.63507277245296e-01 1.63507277245296e-01 -5.20411439677518e-15 
1.66844160454384e-01 1.66844160454384e-01 1.74341028181807e-14 
1.70181043663472e-01 1.70181043663472e-01 4.48430118744749e-15 
1.73517926872559e-01 1.73517926872559e-01 3.92241679947103e-15 
1.76854810081647e-01 1.76854810081647e-01 -4.58963114155002e-16 
1.80191693290735e-01 1.80191693290734e-01 -3.44684462005302e-14 
1.83528576499823e-01 1.83528576499823e-01 4.05119255450343e-15 
1.86865459708910e-01 1.86865459708909e-01 -4.54786577101885e-14 
1.90202342917998e-01 1.90202342917997e-01 -3.99980735024865e-14 
1.93539226127086e-01 1.93539226127084e-01 -5.38147789509220e-14 
1.96876109336173e-01 1.96876109336173e-01 -1.32553023469145e-14 
2.00212992545261e-01 2.00212992545260e-01 -7.44878020303572e-14 
2.03549875754349e-01 2.03549875754347e-01 -7.86585142442474e-14 
2.06886758963436e-01 2.06886758963435e-01 -8.34117590337779e-14 
2.10223642172524e-01 2.10223642172523e-01 -1.03127228544421e-13 
2.13560525381612e-01 2.13560525381610e-01 -7.94411521513965e-14 
2.16897408590699e-01 2.16897408590697e-01 -1.08902931675076e-13 
2.20234291799787e-01 2.20234291799784e-01 -1.33525324771361e-13 
2.23571175008875e-01 2.23571175008872e-01 -1.66594885669344e-13 
2.26908058217962e-01 2.26908058217958e-01 -1.92615399006252e-13 
2.30244941427050e-01 2.30244941427045e-01 -2.22900699770043e-13 
2.33581824636138e-01 2.33581824636133e-01 -2.38076304423584e-13 
2.36918707845225e-01 2.36918707845219e-01 -2.62315700539368e-13 
2.40255591054313e-01 2.40255591054305e-01 -3.55979890595026e-13 
2.43592474263401e-01 2.43592474263392e-01 -3.43677350450133e-13 
2.46929357472488e-01 2.46929357472477e-01 -4.01092469523685e-13 
2.50266240681576e-01 2.50266240681563e-01 -4.55950956398509e-13 
2.53603123890664e-01 2.53603123890649e-01 -5.40807894207367e-13 
2.56940007099752e-01 2.56940007099733e-01 -5.42077994398273e-13 
2.60276890308839e-01 2.60276890308817e-01 -6.43181498022919e-13 
2.63613773517927e-01 2.63613773517901e-01 -7.33157182001225e-13 
2.66950656727015e-01 2.66950656726984e-01 -7.89318684543123e-13 
2.70287539936102e-01 2.70287539936065e-01 -8.49284972205448e-13 
2.73624423145190e-01 2.73624423145146e-01 -9.29643395385902e-13 
2.76961306354278e-01 2.76961306354225e-01 -1.00763402266933e-12 
2.80298189563365e-01 2.80298189563303e-01 -1.05853316196569e-12 
2.83635072772453e-01 2.83635072772380e-01 -1.09805441906984e-12 
2.86971955981541e-01 2.86971955981454e-01 -1.15496059686984e-12 
2.90308839190628e-01 2.90308839190526e-01 -1.16286766165951e-12 
2.93645722399716e-01 2.93645722399594e-01 -1.18728394573763e-12 
2.96982605608804e-01 2.96982605608659e-01 -1.27161455933547e-12 
3.00319488817891e-01 3.00319488817720e-01 -1.22157300500289e-12 
3.03656372026979e-01 3.03656372026777e-01 -1.23126109616834e-12 
3.06993255236067e-01 3.06993255235829e-01 -1.16942878255563e-12 
3.10330138445154e-01 3.10330138444874e-01 -1.13885985808866e-12 
3.13667021654242e-01 3.13667021653912e-01 -1.02138406044675e-12 
3.17003904863330e-01 3.17003904862941e-01 -9.77219228273279e-13 
3.20340788072418e-01 3.20340788071961e-01 -8.38299569325127e-13 
3.23677671281505e-01 3.23677671280970e-01 -7.04662128194617e-13 
3.27014554490593e-01 3.27014554489966e-01 -5.69720422721743e-13 
3.30351437699681e-01 3.30351437698947e-01 -3.91423601283562e-13 
3.33688320908768e-01 3.33688320907914e-01 -2.56332455560487e-13 
3.37025204117856e-01 3.37025204116859e-01 -1.30310916754686e-13 
3.40362087326944e-01 3.40362087325784e-01 2.78502508574141e-14 
3.43698970536031e-01 3.43698970534684e-01 5.99565115042012e-15 
3.47035853745119e-01 3.47035853743556e-01 -4.48654713026087e-14 
3.50372736954207e-01 3.50372736952397e-01 -2.66184512641132e-13 
3.53709620163294e-01 3.53709620161202e-01 -6.41688723714774e-13 
3.57046503372382e-01 3.57046503369966e-01 -1.22258321850741e-12 
3.60383386581470e-01 3.60383386578685e-01 -2.16961504144783e-12 
3.63720269790557e-01 3.63720269787353e-01 -3.55373125975683e-12 
3.67057152999645e-01 3.67057152995965e-01 -5.36962045244143e-12 
3.70394036208733e-01 3.70394036204512e-01 -7.88342296705101e-12 
3.73730919417820e-01 3.73730919412987e-01 -1.12019281509672e-11 
3.77067802626908e-01 3.77067802621382e-01 -1.54666850473424e-11 
3.80404685835996e-01 3.80404685829691e-01 -2.09561214904302e-11 
3.83741569045083e-01 3.83741569037899e-01 -2.78370242753652e-11 
3.87078452254171e-01 3.87078452245999e-01 -3.64755367670671e-11 
3.90415335463259e-01 3.90415335453977e-01 -4.71044605421587e-11 
3.93752218672346e-01 3.93752218661822e-01 -6.01968925424989e-11 
3.97089101881434e-01 3.97089101869520e-01 -7.60774489443078e-11 
4.00425985090522e-01 4.00425985077056e-01 -9.54023473492102e-11 
4.03762868299610e-01 4.03762868284413e-01 -1.18614921949842e-10 
4.07099751508697e-01 4.07099751491575e-01 -1.46357409279144e-10 
4.10436634717785e-01 4.10436634698524e-01 -1.79470796617852e-10 
4.13773517926873e-01 4.13773517905238e-01 -2.18614533890752e-10 
4.17110401135960e-01 4.17110401111699e-01 -2.64858586837739e-10 
4.20447284345048e-01 4.20447284317882e-01 -3.19142777821528e-10 
4.23784167554136e-01 4.23784167523765e-01 -3.82634034885076e-10 
4.27121050763223e-01 4.27121050729320e-01 -4.56714107610802e-10 
4.30457933972311e-01 4.30457933934521e-01 -5.42723388062698e-10 
4.33794817181399e-01 4.33794817139341e-01 -6.42342112500060e-10 
4.37131700390486e-01 4.37131700343748e-01 -7.57296097924398e-10 
4.40468583599574e-01 4.40468583547713e-01 -8.89530630638914e-10 
4.43805466808662e-01 4.43805466751200e-01 -1.04124271661370e-09 
4.47142350017749e-01 4.47142349954177e-01 -1.21481449545446e-09 
4.50479233226837e-01 4.50479233156606e-01 -1.41282953336332e-09 
4.53816116435925e-01 4.53816116358451e-01 -1.63809598676173e-09 
4.57152999645012e-01 4.57152999559673e-01 -1.89385439175165e-09 
4.60489882854100e-01 4.60489882760233e-01 -2.18334022354314e-09 
4.63826766063188e-01 4.63826765960088e-01 -2.51033116227806e-09 
4.67163649272275e-01 4.67163649159197e-01 -2.87880249549252e-09 
4.70500532481363e-01 4.70500532357518e-01 -3.29308882077923e-09 
4.73837415690451e-01 4.73837415555006e-01 -3.75789520773906e-09 
4.77174298899539e-01 4.77174298751617e-01 -4.27822534116005e-09 
4.80511182108626e-01 4.80511181947306e-01 -4.85952541051039e-09 
4.83848065317714e-01 4.83848065142030e-01 -5.50753545201542e-09 
4.87184948526802e-01 4.87184948335743e-01 -6.22854088753251e-09 
4.90521831735889e-01 4.90521831528402e-01 -7.02919134008422e-09 
4.93858714944977e-01 4.93858714719964e-01 -7.91644573533941e-09 
4.97195598154065e-01 4.97195597910384e-01 -8.89802347079864e-09 
5.00532481363152e-01 5.00532481099625e-01 -9.98181404378154e-09 
5.03869364572240e-01 5.03869364287645e-01 -1.11762079838797e-08 
5.07206247781328e-01 5.07206247474409e-01 -1.24902184581569e-08 
5.10543130990415e-01 5.10543130659882e-01 -1.39331456098841e-08 
5.13880014199503e-01 5.13880013844032e-01 -1.55148314683916e-08 
5.17216897408591e-01 5.17216897026833e-01 -1.72457564657672e-08 
5.20553780617678e-01 5.20553780208259e-01 -1.91364631476366e-08 
5.23890663826766e-01 5.23890663388292e-01 -2.11984087486581e-08 
5.27227547035854e-01 5.27227546566915e-01 -2.34431716038995e-08 
5.30564430244941e-01 5.30564429744121e-01 -2.58827955711311e-08 
5.33901313454029e-01 5.33901312919906e-01 -2.85297561263175e-08 
5.37238196663117e-01 5.37238196094270e-01 -3.13969587958097e-08 
5.40575079872205e-01 5.40575079267225e-01 -3.44975458247803e-08 
5.43911963081292e-01 5.43911962438784e-01 -3.78448774160760e-08 
5.47248846290380e-01 5.47248845608971e-01 -4.14526076534322e-08 
5.50585729499467e-01 5.50585728777817e-01 -4.53346217978786e-08 
5.53922612708555e-01 5.53922611945360e-01 -4.95047412509726e-08 
5.57259495917643e-01 5.57259495111646e-01 -5.39771032432392e-08 
5.60596379126731e-01 5.60596378276729e-01 -5.87654660691863e-08 
5.63933262335818e-01 5.63933261440670e-01 -6.38835999210659e-08 
5.67270145544906e-01 5.67270144603538e-01 -6.93451178120046e-08 
5.70607028753994e-01 5.70607027765411e-01 -7.51631947746196e-08 
5.73943911963081e-01 5.73943910926371e-01 -8.13505010951482e-08 
5.77280795172169e-01 5.77280794086506e-01 -8.79191823426837e-08 
5.80617678381257e-01 5.80617677245912e-01 -9.48806682207315e-08 
5.83954561590344e-01 5.83954560404686e-01 -1.02245399937235e-07 
5.87291444799432e-01 5.87291443562929e-01 -1.10022977986026e-07 
5.90628328008520e-01 5.90628326720741e-01 -1.18221607280013e-07 
5.93965211217607e-01 5.93965209878223e-01 -1.26848178238480e-07 
5.97302094426695e-01 5.97302093035471e-01 -1.35908072017587e-07 
6.00638977635783e-01 6.00638976192573e-01 -1.45404914987413e-07 
6.03975860844871e-01 6.03975859349612e-01 -1.55340259487950e-07 
6.07312744053958e-01 6.07312742506650e-01 -1.65713524799987e-07 
6.10649627263046e-01 6.10649625663742e-01 -1.76521853353186e-07 
6.13986510472133e-01 6.13986508820912e-01 -1.87759714479563e-07 
6.17323393681221e-01 6.17323391978163e-01 -1.99418667271645e-07 
6.20660276890309e-01 6.20660275135459e-01 -2.11487268018338e-07 
6.23997160099397e-01 6.23997158292730e-01 -2.23950772818701e-07 
6.27334043308484e-01 6.27334041449856e-01 -2.36790958633291e-07 
6.30670926517572e-01 6.30670924606666e-01 -2.49985615510219e-07 
6.34007809726660e-01 6.34007807762922e-01 -2.63508840720679e-07 
6.37344692935747e-01 6.37344690918317e-01 -2.77330381934808e-07 
6.40681576144835e-01 6.40681574072460e-01 -2.91415435848777e-07 
6.44018459353923e-01 6.44018457224865e-01 -3.05724843204145e-07 
6.47355342563010e-01 6.47355340374941e-01 -3.20214470230449e-07 
6.50692225772098e-01 6.50692223521979e-01 -3.34835191510317e-07 
6.54029108981186e-01 6.54029106665134e-01 -3.49532906322955e-07 
6.57365992190273e-01 6.57365989803415e-01 -3.64248164134285e-07 
6.60702875399361e-01 6.60702872935668e-01 -3.78916355169785e-07 
6.64039758608449e-01 6.64039756060551e-01 -3.93467381594438e-07 
6.67376641817536e-01 6.67376639176526e-01 -4.07825725907133e-07 
6.70713525026624e-01 6.70713522281836e-01 -4.21910892941374e-07 
6.74050408235712e-01 6.74050405374478e-01 -4.35636727717165e-07 
6.77387291444799e-01 6.77387288452185e-01 -4.48912357291572e-07 
6.80724174653887e-01 6.80724171512408e-01 -4.61641876184431e-07 
6.84061057862975e-01 6.84061054552284e-01 -4.73724750343749e-07 
6.87397941072062e-01 6.87397937568608e-01 -4.85056531326493e-07 
6.90734824281150e-01 6.90734820557814e-01 -4.95528829621104e-07 
6.94071707490238e-01 6.94071703515941e-01 -5.05030098182972e-07 
6.97408590699326e-01 6.97408586438601e-01 -5.13446240417054e-07 
7.00745473908413e-01 7.00745469320955e-01 -5.20661517128483e-07 
7.04082357117501e-01 7.04082352157674e-01 -5.26559226374514e-07 
7.07419240326589e-01 7.07419234942908e-01 -5.31022805031896e-07 
7.10756123535676e-01 7.10756117670252e-01 -5.33936992248071e-07 
7.14093006744764e-01 7.14093000332704e-01 -5.35189177655015e-07 
7.17429889953852e-01 7.17429882922643e-01 -5.34670865581644e-07 
7.20766773162939e-01 7.20766765431774e-01 -5.32278950715287e-07 
7.24103656372027e-01 7.24103647851096e-01 -5.27918376729865e-07 
7.27440539581115e-01 7.27440530170869e-01 -5.21503039294912e-07 
7.30777422790202e-01 7.30777412380566e-01 -5.12958990498600e-07 
7.34114305999290e-01 7.34114294468833e-01 -5.02225979986593e-07 
7.37451189208378e-01 7.37451176423452e-01 -4.89260853204559e-07 
7.40788072417465e-01 7.40788058231300e-01 -4.74040068339578e-07 
7.44124955626553e-01 7.44124939878302e-01 -4.56562598119083e-07 
7.47461838835641e-01 7.47461821349396e-01 -4.36853533499459e-07 
7.50798722044728e-01 7.50798702628490e-01 -4.14967796707856e-07 
7.54135605253816e-01 7.54135583698427e-01 -3.90993772858409e-07 
7.57472488462904e-01 7.57472464540936e-01 -3.65057675855878e-07 
7.60809371671991e-01 7.60809345136603e-01 -3.37327889754990e-07 
7.64146254881079e-01 7.64146225464837e-01 -3.08019741064164e-07 
7.67483138090167e-01 7.67483105503821e-01 -2.77400733204136e-07 
7.70820021299255e-01 7.70819985230499e-01 -2.45795703706702e-07 
7.74156904508342e-01 7.74156864620526e-01 -2.13592400479347e-07 
7.77493787717430e-01 7.77493743648262e-01 -1.81248129839641e-07 
7.80830670926518e-01 7.80830622286726e-01 -1.49295238708230e-07 
7.84167554135605e-01 7.84167500507595e-01 -1.18348502870413e-07 
7.87504437344693e-01 7.87504378281171e-01 -8.91116232653111e-08 
7.90841320553781e-01 7.90841255576383e-01 -6.23850504433808e-08 
7.94178203762868e-01 7.94178132360768e-01 -3.90732326513185e-08 
7.97515086971956e-01 7.97515008600475e-01 -2.01928499380079e-08 
8.00851970181044e-01 8.00851884260273e-01 -6.88105942188445e-09 
8.04188853390131e-01 8.04188759303551e-01 -4.04286103708696e-10 
8.07525736599219e-01 8.07525633692340e-01 -2.16681359170569e-09 
8.10862619808307e-01 8.10862507387343e-01 -1.37207823653701e-08 
8.14199503017395e-01 8.14199380347954e-01 -3.67746122003721e-08 
8.17536386226482e-01 8.17536252532317e-01 -7.32042367282734e-08 
8.20873269435570e-01 8.20873123897357e-01 -1.25061850389990e-07 
8.24210152644657e-01 8.24209994398856e-01 -1.94587265360852e-07 
8.27547035853745e-01 8.27546863991507e-01 -2.84217796579579e-07 
8.30883919062833e-01 8.30883732629003e-01 -3.96599355958321e-07 
8.34220802271921e-01 8.34220600264139e-01 -5.34597285669443e-07 
8.37557685481008e-01 8.37557466848888e-01 -7.01307394909294e-07 
8.40894568690096e-01 8.40894332334544e-01 -9.00067050987516e-07 
8.44231451899184e-01 8.44231196671837e-01 -1.13446645214762e-06 
8.47568335108271e-01 8.47568059811081e-01 -1.40835996742661e-06 
8.50905218317359e-01 8.50904921702321e-01 -1.72587717124210e-06 
8.54242101526447e-01 8.54241782295517e-01 -2.09143412357875e-06 
8.57578984735534e-01 8.57578641540723e-01 -2.50974446478003e-06 
8.60915867944622e-01 8.60915499388289e-01 -2.98583027709655e-06 
8.64252751153710e-01 8.64252355789074e-01 -3.52503261897765e-06 
8.67589634362797e-01 8.67589210694690e-01 -4.13302203170979e-06 
8.70926517571885e-01 8.70926064057745e-01 -4.81580877273780e-06 
8.74263400780973e-01 8.74262915832104e-01 -5.57975189902123e-06 
8.77600283990060e-01 8.77599765973191e-01 -6.43156898352662e-06 
8.80937167199148e-01 8.80936614438276e-01 -7.37834432897623e-06 
8.84274050408236e-01 8.84273461186792e-01 -8.42753696687856e-06 
8.87610933617323e-01 8.87610306180683e-01 -9.58698802816992e-06 
8.90947816826411e-01 8.90947149384752e-01 -1.08649270648453e-05 
8.94284700035499e-01 8.94283990767029e-01 -1.22699775699295e-05 
8.97621583244586e-01 8.97620830299166e-01 -1.38111614357364e-05 
9.00958466453674e-01 9.00957667956837e-01 -1.54979025307743e-05 
9.04295349662762e-01 9.04294503720167e-01 -1.73400291290648e-05 
9.07632232871849e-01 9.07631337574160e-01 -1.93477745517647e-05 
9.10969116080937e-01 9.10968169509165e-01 -2.15317773464512e-05 
9.14305999290025e-01 9.14304999521340e-01 -2.39030789232215e-05 
9.17642882499113e-01 9.17641827613122e-01 -2.64731207109165e-05 
9.20979765708200e-01 9.20978653793756e-01 -2.92537385451039e-05 
9.24316648917288e-01 9.24315478079769e-01 -3.22571561420928e-05 
9.27653532126376e-01 9.27652300495508e-01 -3.54959764289736e-05 
9.30990415335463e-01 9.30989121073671e-01 -3.89831703449729e-05 
9.34327298544551e-01 9.34325939855833e-01 -4.27320645187956e-05 
9.37664181753639e-01 9.37662756893004e-01 -4.67563257827562e-05 
9.41001064962726e-01 9.40999572246168e-01 -5.10699436950138e-05 
9.44337948171814e-01 9.44336385986846e-01 -5.56872112862548e-05 
9.47674831380902e-01 9.47673198197640e-01 -6.06227019674498e-05 
9.51011714589989e-01 9.51010008972788e-01 -6.58912449204534e-05 
9.54348597799077e-01 9.54346818418725e-01 -7.15078976667295e-05 
9.57685481008165e-01 9.57683626654607e-01 -7.74879147127974e-05 
9.61022364217252e-01 9.61020433812860e-01 -8.38467150904678e-05 
9.64359247426340e-01 9.64357240039696e-01 -9.05998452858117e-05 
9.67696130635428e-01 9.67694045495622e-01 -9.77629403419705e-05 
9.71033013844515e-01 9.71030850355930e-01 -1.05351680756031e-04 
9.74369897053603e-01 9.74367654811172e-01 -1.13381747146929e-04 
9.77706780262691e-01 9.77704459067586e-01 -1.21868771319446e-04 
9.81043663471779e-01 9.81041263347535e-01 -1.30828283694564e-04 
9.84380546680866e-01 9.84378067889867e-01 -1.40275658355550e-04 
9.87717429889954e-01 9.87714872950273e-01 -1.50226053626638e-04 
9.91054313099042e-01 9.91051678801593e-01 -1.60694350465703e-04 
9.94391196308129e-01 9.94388485734065e-01 -1.71695086503215e-04 
9.97728079517217e-01 9.97725294055546e-01 -1.83242387831744e-04 
1.00106496272630e+00 1.00106210409166e+00 -1.95349896526512e-04 
1.00440184593539e+00 1.00439891618591e+00 -2.08030695548590e-04 
1.00773872914448e+00 1.00773573069966e+00 -2.21297230458075e-04 
1.01107561235357e+00 1.01107254801219e+00 -2.35161227934025e-04 
1.01441249556266e+00 1.01440936852048e+00 -2.49633611081840e-04 
1.01774937877174e+00 1.01774619263910e+00 -2.64724412509098e-04 
1.02108626198083e+00 1.02108302079990e+00 -2.80442684371726e-04 
1.02442314518992e+00 1.02441985345164e+00 -2.96796405519260e-04 
1.02776002839901e+00 1.02775669105954e+00 -3.13792386775906e-04 
1.03109691160809e+00 1.03109353410475e+00 -3.31436174071445e-04 
1.03443379481718e+00 1.03443038308361e+00 -3.49731949318376e-04 
1.03777067802627e+00 1.03776723850695e+00 -3.68682429712609e-04 
1.04110756123536e+00 1.04110410089915e+00 -3.88288765850638e-04 
1.04444444444444e+00 1.04444097079713e+00 -4.08550438573375e-04 
1.04778132765353e+00 1.04777784874923e+00 -4.29465154657486e-04 
1.05111821086262e+00 1.05111473531392e+00 -4.51028743304087e-04 
1.05445509407171e+00 1.05445163105838e+00 -4.73235050725786e-04 
1.05779197728080e+00 1.05778853655697e+00 -4.96075837351638e-04 
1.06112886048988e+00 1.06112545238950e+00 -5.19540673157569e-04 
1.06446574369897e+00 1.06446237913944e+00 -5.43616837416807e-04 
1.06780262690806e+00 1.06779931739184e+00 -5.68289216669581e-04 
1.07113951011715e+00 1.07113626773124e+00 -5.93540208622532e-04 
1.07447639332623e+00 1.07447323073931e+00 -6.19349625724804e-04 
1.07781327653532e+00 1.07781020699239e+00 -6.45694603937509e-04 
1.08115015974441e+00 1.08114719705879e+00 -6.72549515298958e-04 
1.08448704295350e+00 1.08448420149604e+00 -6.99885884198481e-04 
1.08782392616258e+00 1.08782122084784e+00 -7.27672309716400e-04 
1.09116080937167e+00 1.09115825564094e+00 -7.55874394327987e-04 
1.09449769258076e+00 1.09449530638176e+00 -7.84454677698726e-04 
1.09783457578985e+00 1.09783237355292e+00 -8.13372579225801e-04 
1.10117145899893e+00 1.10116945760953e+00 -8.42584348594758e-04 
1.10450834220802e+00 1.10450655897538e+00 -8.72043023849181e-04 
1.10784522541711e+00 1.10784367803885e+00 -9.01698401396633e-04 
1.11118210862620e+00 1.11118081514880e+00 -9.31497014404731e-04 
1.11451899183529e+00 1.11451797061019e+00 -9.61382123757034e-04 
1.11785587504437e+00 1.11785514467953e+00 -9.91293720463012e-04 
1.12119275825346e+00 1.12119233756027e+00 -1.02116854152679e-03 
1.12452964146255e+00 1.12452954939800e+00 -1.05094009964171e-03 
1.12786652467164e+00 1.12786678027543e+00 -1.08053872684324e-03 
1.13120340788072e+00 1.13120403020736e+00 -1.10989163520095e-03 
1.13454029108981e+00 1.13454129913549e+00 -1.13892299220899e-03 
1.13787717429890e+00 1.13787858692303e+00 -1.16755401531585e-03 
1.14121405750799e+00 1.14121589334932e+00 -1.19570308338068e-03 
1.14455094071707e+00 1.14455321810429e+00 -1.22328586719914e-03 
1.14788782392616e+00 1.14789056078291e+00 -1.25021548138644e-03 
1.15122470713525e+00 1.15122792087946e+00 -1.27640265486790e-03 
1.15456159034434e+00 1.15456529778187e+00 -1.30175592461541e-03 
1.15789847355343e+00 1.15790269076597e+00 -1.32618185127144e-03 
1.16123535676251e+00 1.16124009898971e+00 -1.34958525747734e-03 
1.16457223997160e+00 1.16457752148745e+00 -1.37186949053652e-03 
1.16790912318069e+00 1.16791495716420e+00 -1.39293670906951e-03 
1.17124600638978e+00 1.17125240478996e+00 -1.41268819595611e-03 
1.17458288959886e+00 1.17458986299408e+00 -1.43102469538368e-03 
1.17791977280795e+00 1.17792733025979e+00 -1.44784677774312e-03 
1.18125665601704e+00 1.18126480491875e+00 -1.46305523068971e-03 
1.18459353922613e+00 1.18460228514583e+00 -1.47655147673479e-03 
1.18793042243521e+00 1.18793976895399e+00 -1.48823802004135e-03 
1.19126730564430e+00 1.19127725418942e+00 -1.49801891985135e-03 
1.19460418885339e+00 1.19461473852687e+00 -1.50580029178797e-03 
1.19794107206248e+00 1.19795221946525e+00 -1.51149083821846e-03 
1.20127795527157e+00 1.20128969432354e+00 -1.51500240602314e-03 
1.20461483848065e+00 1.20462716023698e+00 -1.51625057269120e-03 
1.20795172168974e+00 1.20796461415365e+00 -1.51515526016637e-03 
1.21128860489883e+00 1.21130205283147e+00 -1.51164137659681e-03 
1.21462548810792e+00 1.21463947283554e+00 -1.50563948393506e-03 
1.21796237131700e+00 1.21797687053603e+00 -1.49708649384670e-03 
1.22129925452609e+00 1.22131424210652e+00 -1.48592638790456e-03 
1.22463613773518e+00 1.22465158352286e+00 -1.47211096357595e-03 
1.22797302094427e+00 1.22798889056270e+00 -1.45560060411852e-03 
1.23130990415335e+00 1.23132615880547e+00 -1.43636507098628e-03 
1.23464678736244e+00 1.23466338363316e+00 -1.41438431874766e-03 
1.23798367057153e+00 1.23800056023168e+00 -1.38964932849873e-03 
1.24132055378062e+00 1.24133768359298e+00 -1.36216296195747e-03 
1.24465743698971e+00 1.24467474851794e+00 -1.33194083069743e-03 
1.24799432019879e+00 1.24801174962003e+00 -1.29901218102998e-03 
1.25133120340788e+00 1.25134868132979e+00 -1.26342079167190e-03 
1.25466808661697e+00 1.25468553790021e+00 -1.22522588149747e-03 
1.25800496982606e+00 1.25802231341295e+00 -1.18450302590810e-03 
1.26134185303514e+00 1.26135900178558e+00 -1.14134507760297e-03 
1.26467873624423e+00 1.26469559677967e+00 -1.09586309119869e-03 
1.26801561945332e+00 1.26803209200993e+00 -1.04818724586844e-03 
1.27135250266241e+00 1.27136848095437e+00 -9.98467766289978e-04 
1.27468938587149e+00 1.27470475696549e+00 -9.46875834572746e-04 
1.27802626908058e+00 1.27804091328252e+00 -8.93604492958775e-04 
1.28136315228967e+00 1.28137694304473e+00 -8.38869531563886e-04 
1.28470003549876e+00 1.28471283930592e+00 -7.82910358668678e-04 
1.28803691870785e+00 1.28804859504991e+00 -7.25990848031076e-04 
1.29137380191693e+00 1.29138420320729e+00 -6.68400160396807e-04 
1.29471068512602e+00 1.29471965667313e+00 -6.10453534350186e-04 
1.29804756833511e+00 1.29805494832605e+00 -5.52493040745405e-04 
1.30138445154420e+00 1.30139007104819e+00 -4.94888299165207e-04 
1.30472133475328e+00 1.30472501774653e+00 -4.38037147807183e-04 
1.30805821796237e+00 1.30805978137517e+00 -3.82366265570893e-04 
1.31139510117146e+00 1.31139435495884e+00 -3.28331737774805e-04 
1.31473198438055e+00 1.31472873161742e+00 -2.76419564176893e-04 
1.31806886758963e+00 1.31806290459159e+00 -2.27146100726144e-04 
1.32140575079872e+00 1.32139686726952e+00 -1.81058432689314e-04 
1.32474263400781e+00 1.32473061321451e+00 -1.38734671387269e-04 
1.32807951721690e+00 1.32806413619370e+00 -1.00784171354125e-04 
1.33141640042599e+00 1.33139743020761e+00 -6.78476613998948e-05 
1.33475328363507e+00 1.33473048952065e+00 -4.05972844521115e-05 
1.33809016684416e+00 1.33806330869240e+00 -1.97365416801884e-05 
1.34142705005325e+00 1.34139588260963e+00 -6.00013392667689e-06 
1.34476393326234e+00 1.34472820651909e+00 -1.53698256342402e-07 
1.34810081647142e+00 1.34806027606086e+00 -2.99343075924790e-06 
1.35143769968051e+00 1.35139208730225e+00 -1.53455944488131e-05 
1.35477458288960e+00 1.35472363677217e+00 -3.80659038056092e-05 
1.35811146609869e+00 1.35805492149585e+00 -7.20387847012652e-05 
1.36144834930777e+00 1.36138593902985e+00 -1.18176502421101e-04 
1.36478523251686e+00 1.36471668749718e+00 -1.77418154818505e-04 
1.36812211572595e+00 1.36804716562252e+00 -2.50728526605659e-04 
1.37145899893504e+00 1.37137737276738e+00 -3.39096799961309e-04 
1.37479588214412e+00 1.37470730896501e+00 -4.43535118233396e-04 
1.37813276535321e+00 1.37803697495505e+00 -5.65077000024923e-04 
1.38146964856230e+00 1.38136637221775e+00 -7.04775598929333e-04 
1.38480653177139e+00 1.38469550300756e+00 -8.63701808609284e-04 
1.38814341498048e+00 1.38802437038599e+00 -1.04294220786070e-03 
1.39148029818956e+00 1.39135297825367e+00 -1.24359684563926e-03 
1.39481718139865e+00 1.39468133138127e+00 -1.46677686330013e-03 
1.39815406460774e+00 1.39800943543933e+00 -1.71360195408258e-03 
1.40149094781683e+00 1.40133729702669e+00 -1.98519765545718e-03 
1.40482783102591e+00 1.40466492369741e+00 -2.28269247851226e-03 
1.40816471423500e+00 1.40799232398606e+00 -2.60721487014715e-03 
1.41150159744409e+00 1.41131950743106e+00 -2.95989001045620e-03 
1.41483848065318e+00 1.41464648459604e+00 -3.34183644528686e-03 
1.41817536386226e+00 1.41797326708900e+00 -3.75416255554825e-03 
1.42151224707135e+00 1.42129986757900e+00 -4.19796286416336e-03 
1.42484913028044e+00 1.42462629981037e+00 -4.67431418359121e-03 
1.42818601348953e+00 1.42795257861403e+00 -5.18427160641966e-03 
1.43152289669862e+00 1.43127871991589e+00 -5.72886434100235e-03 
1.43485977990770e+00 1.43460474074211e+00 -6.30909139757528e-03 
1.43819666311679e+00 1.43793065922097e+00 -6.92591712769868e-03 
1.44153354632588e+00 1.44125649458114e+00 -7.58026662079711e-03 
1.44487042953497e+00 1.44458226714626e+00 -8.27302096648419e-03 
1.44820731274405e+00 1.44790799832554e+00 -9.00501238366625e-03 
1.45154419595314e+00 1.45123371060012e+00 -9.77701922683920e-03 
1.45488107916223e+00 1.45455942750512e+00 -1.05897608739227e-02 
1.45821796237132e+00 1.45788517360707e+00 -1.14438925043657e-02 
1.46155484558040e+00 1.46121097447657e+00 -1.23399997753572e-02 
1.46489172878949e+00 1.46453685665590e+00 -1.32785934039161e-02 
1.46822861199858e+00 1.46786284762141e+00 -1.42601036670733e-02 
1.47156549520767e+00 1.47118897574049e+00 -1.52848748266891e-02 
1.47490237841676e+00 1.47451527022288e+00 -1.63531594923055e-02 
1.47823926162584e+00 1.47784176106605e+00 -1.74651129331926e-02 
1.48157614483493e+00 1.48116847899456e+00 -1.86207873508827e-02 
1.48491302804402e+00 1.48449545539303e+00 -1.98201261281770e-02 
1.48824991125311e+00 1.48782272223257e+00 -2.10629580642195e-02 
1.49158679446219e+00 1.49115031199053e+00 -2.23489916169414e-02 
1.49492367767128e+00 1.49447825756310e+00 -2.36778091633170e-02 
1.49826056088037e+00 1.49780659217083e+00 -2.50488612986255e-02 
1.50159744408946e+00 1.50113534925663e+00 -2.64614611913876e-02 
1.50493432729854e+00 1.50446456237612e+00 -2.79147790137089e-02 
1.50827121050763e+00 1.50779426508009e+00 -2.94078364687877e-02 
1.51160809371672e+00 1.51112449078881e+00 -3.09395014379904e-02 
1.51494497692581e+00 1.51445527265805e+00 -3.25084827699481e-02 
1.51828186013490e+00 1.51778664343651e+00 -3.41133252398765e-02 
1.52161874334398e+00 1.52111863531450e+00 -3.57524047031463e-02 
1.52495562655307e+00 1.52445127976362e+00 -3.74239234751252e-02 
1.52829250976216e+00 1.52778460736734e+00 -3.91259059673172e-02 
1.53162939297125e+00 1.53111864764220e+00 -4.08561946115570e-02 
1.53496627618033e+00 1.53445342884942e+00 -4.26124461091091e-02 
1.53830315938942e+00 1.53778897779696e+00 -4.43921280422999e-02 
1.54164004259851e+00 1.54112531963168e+00 -4.61925158882182e-02 
1.54497692580760e+00 1.54446247762156e+00 -4.80106904768675e-02 
1.54831380901668e+00 1.54780047292794e+00 -4.98435359376851e-02 
1.55165069222577e+00 1.55113932436771e+00 -5.16877381868947e-02 
1.55498757543486e+00 1.55447904816528e+00 -5.35397840015594e-02 
1.55832445864395e+00 1.55781965769462e+00 -5.53959607354969e-02 
1.56166134185304e+00 1.56116116321112e+00 -5.72523567368965e-02 
1.56499822506212e+00 1.56450357157375e+00 -5.91048625216714e-02 
1.56833510827121e+00 1.56784688595723e+00 -6.09491727716276e-02 
1.57167199148030e+00 1.57119110555503e+00 -6.27807892187173e-02 
1.57500887468939e+00 1.57453622527293e+00 -6.45950244862283e-02 
1.57834575789847e+00 1.57788223541410e+00 -6.63870069590646e-02 
1.58168264110756e+00 1.58122912135573e+00 -6.81516867552982e-02 
1.58501952431665e+00 1.58457686321814e+00 -6.98838428800326e-02 
1.58835640752574e+00 1.58792543552701e+00 -7.15780916349153e-02 
1.59169329073482e+00 1.59127480686950e+00 -7.32288963709823e-02 
1.59503017394391e+00 1.59462493954531e+00 -7.48305786605991e-02 
1.59836705715300e+00 1.59797578921391e+00 -7.63773309770299e-02 
1.60170394036209e+00 1.60132730453905e+00 -7.78632309614644e-02 
1.60504082357118e+00 1.60467942683218e+00 -7.92822573625742e-02 
1.60837770678026e+00 1.60803208969637e+00 -8.06283077265719e-02 
1.61171458998935e+00 1.61138521867263e+00 -8.18952179211478e-02 
1.61505147319844e+00 1.61473873089054e+00 -8.30767835625957e-02 
1.61838835640753e+00 1.61809253472573e+00 -8.41667834205278e-02 
1.62172523961661e+00 1.62144652946639e+00 -8.51590048600182e-02 
1.62506212282570e+00 1.62480060499167e+00 -8.60472713782190e-02 
1.62839900603479e+00 1.62815464146500e+00 -8.68254722790109e-02 
1.63173588924388e+00 1.63150850904518e+00 -8.74875945194060e-02 
1.63507277245296e+00 1.63486206761896e+00 -8.80277567458539e-02 
1.63840965566205e+00 1.63821516655847e+00 -8.84402455235561e-02 
1.64174653887114e+00 1.64156764450728e+00 -8.87195537429918e-02 
1.64508342208023e+00 1.64491932919920e+00 -8.88604211683615e-02 
1.64842030528931e+00 1.64827003731371e+00 -8.88578770643404e-02 
1.65175718849840e+00 1.65161957437242e+00 -8.87072848202152e-02 
1.65509407170749e+00 1.65496773468078e+00 -8.84043884553451e-02 
1.65843095491658e+00 1.65831430131933e+00 -8.79453608640993e-02 
1.66176783812567e+00 1.66165904618886e+00 -8.73268536250791e-02 
1.66510472133475e+00 1.66500173011378e+00 -8.65460481655271e-02 
1.66844160454384e+00 1.66834210300761e+00 -8.56007080374986e-02 
1.67177848775293e+00 1.67167990410463e+00 -8.44892320292896e-02 
1.67511537096202e+00 1.67501486226107e+00 -8.32107077927284e-02 
1.67845225417110e+00 1.67834669632923e+00 -8.17649656422964e-02 
1.68178913738019e+00 1.68167511560700e+00 -8.01526321348364e-02 
1.68512602058928e+00 1.68499982036494e+00 -7.83751830177870e-02 
1.68846290379837e+00 1.68832050245254e+00 -7.64349950986994e-02 
1.69179978700745e+00 1.69163684598398e+00 -7.43353965601780e-02 
1.69513667021654e+00 1.69494852810371e+00 -7.20807152322553e-02 
1.69847355342563e+00 1.69825521983026e+00 -6.96763243077832e-02 
1.70181043663472e+00 1.70155658697664e+00 -6.71286849873058e-02 
1.70514731984381e+00 1.70485229114392e+00 -6.44453855299171e-02 
1.70848420305289e+00 1.70814199078394e+00 -6.16351762024145e-02 
1.71182108626198e+00 1.71142534232584e+00 -5.87079996245593e-02 
1.71515796947107e+00 1.71470200135991e+00 -5.56750160433513e-02 
1.71849485268016e+00 1.71797162387145e+00 -5.25486230953042e-02 
1.72183173588924e+00 1.72123386751598e+00 -4.93424696675895e-02 
1.72516861909833e+00 1.72448839292656e+00 -4.60714635132316e-02 
1.72850550230742e+00 1.72773486504278e+00 -4.27517723499748e-02 
1.73184238551651e+00 1.73097295445066e+00 -3.94008182289111e-02 
1.73517926872559e+00 1.73420233872168e+00 -3.60372650505948e-02 
1.73851615193468e+00 1.73742270373942e+00 -3.26809991749831e-02 
1.74185303514377e+00 1.74063374500137e+00 -2.93531031704531e-02 
1.74518991835286e+00 1.74383516888412e+00 -2.60758228279378e-02 
1.74852680156195e+00 1.74702669385992e+00 -2.28725276581619e-02 
1.75186368477103e+00 1.75020805165341e+00 -1.97676651795304e-02 
1.75520056798012e+00 1.75337898832760e+00 -1.67867093804361e-02 
1.75853745118921e+00 1.75653926528918e+00 -1.39561038277000e-02 
1.76187433439830e+00 1.75968866020443e+00 -1.13031999540084e-02 
1.76521121760738e+00 1.76282696781775e+00 -8.85619112312129e-03 
1.76854810081647e+00 1.76595400066652e+00 -6.64404312072157e-03 
1.77188498402556e+00 1.76906958968720e+00 -4.69642175812073e-03 
1.77522186723465e+00 1.77217358470898e+00 -3.04361830244765e-03 
1.77855875044373e+00 1.77526585483305e+00 -1.71647346026977e-03 
1.78189563365282e+00 1.77834628869671e+00 -7.46300644748425e-04 
1.78523251686191e+00 1.78141479462322e+00 -1.64809242702822e-04 
1.78856940007100e+00 1.78447130065980e+00 -4.02858047290073e-06 
1.79190628328009e+00 1.78751575450697e+00 -2.96233245296209e-04 
1.79524316648917e+00 1.79054812334441e+00 -1.07387038677087e-03 
1.79858004969826e+00 1.79356839355874e+00 -2.36948956528907e-03 
1.80191693290735e+00 1.79657657038021e+00 -4.21567565761432e-03 
1.80525381611644e+00 1.79957267743560e+00 -6.64498527112416e-03 
1.80859069932552e+00 1.80255675622543e+00 -9.68988705017809e-03 
1.81192758253461e+00 1.80552886553382e+00 -1.33827061885168e-02 
1.81526446574370e+00 1.80848908077998e+00 -1.77555734018600e-02 
1.81860134895279e+00 1.81143749331980e+00 -2.28403785383520e-02 
1.82193823216187e+00 1.81437420970666e+00 -2.86687289496661e-02 
1.82527511537096e+00 1.81729935091984e+00 -3.52719126783798e-02 
1.82861199858005e+00 1.82021305156910e+00 -4.26808664649732e-02 
1.83194888178914e+00 1.82311545908321e+00 -5.09261485252463e-02 
1.83528576499823e+00 1.82600673289015e+00 -6.00379160012365e-02 
1.83862264820731e+00 1.82888704359591e+00 -7.00459069507336e-02 
1.84195953141640e+00 1.83175657216836e+00 -8.09794267045593e-02 
1.84529641462549e+00 1.83461550913209e+00 -9.28673383917976e-02 
1.84863329783458e+00 1.83746405377943e+00 -1.05738057411410e-01 
1.85197018104366e+00 1.84030241340241e+00 -1.19619549607937e-01 
1.85530706425275e+00 1.84313080254958e+00 -1.34539332901437e-01 
1.85864394746184e+00 1.84594944231117e+00 -1.50524482105036e-01 
1.86198083067093e+00 1.84875855963552e+00 -1.67601636669820e-01 
1.86531771388001e+00 1.85155838667908e+00 -1.85797011088399e-01 
1.86865459708910e+00 1.85434916019188e+00 -2.05136407694819e-01 
1.87199148029819e+00 1.85713112093972e+00 -2.25645231605076e-01 
1.87532836350728e+00 1.85990451316419e+00 -2.47348507545905e-01 
1.87866524671637e+00 1.86266958408106e+00 -2.70270898337703e-01 
1.88200212992545e+00 1.86542658341718e+00 -2.94436724797671e-01 
1.88533901313454e+00 1.86817576298593e+00 -3.19869986852986e-01 
1.88867589634363e+00 1.87091737630095e+00 -3.46594385656783e-01 
1.89201277955272e+00 1.87365167822749e+00 -3.74633346520945e-01 
1.89534966276180e+00 1.87637892467074e+00 -4.04010042488103e-01 
1.89868654597089e+00 1.87909937230030e+00 -4.34747418381082e-01 
1.90202342917998e+00 1.88181327830979e+00 -4.66868215182628e-01 
1.90536031238907e+00 1.88452090021046e+00 -5.00394994605531e-01 
1.90869719559815e+00 1.88722249565782e+00 -5.35350163733011e-01 
1.91203407880724e+00 1.88991832230992e+00 -5.71755999614488e-01 
1.91537096201633e+00 1.89260863771630e+00 -6.09634673715682e-01 
1.91870784522542e+00 1.89529369923614e+00 -6.49008276132350e-01 
1.92204472843450e+00 1.89797376398462e+00 -6.89898839483757e-01 
1.92538161164359e+00 1.90064908880626e+00 -7.32328362411860e-01 
1.92871849485268e+00 1.90331993027396e+00 -7.76318832622624e-01 
1.93205537806177e+00 1.90598654471281e+00 -8.21892249401866e-01 
1.93539226127086e+00 1.90864918824744e+00 -8.69070645561710e-01 
1.93872914447994e+00 1.91130811687197e+00 -9.17876108758352e-01 
1.94206602768903e+00 1.91396358654149e+00 -9.68330802142083e-01 
1.94540291089812e+00 1.91661585328430e+00 -1.02045698429499e+00 
1.94873979410721e+00 1.91926517333379e+00 -1.07427702841909e+00 
1.95207667731629e+00 1.92191180327937e+00 -1.12981344073373e+00 
1.95541356052538e+00 1.92455600023543e+00 -1.18708887805167e+00 
1.95875044373447e+00 1.92719802202780e+00 -1.24612616449416e+00 
1.96208732694356e+00 1.92983812739687e+00 -1.30694830731184e+00 
1.96542421015264e+00 1.93247657621661e+00 -1.36957851177653e+00 
1.96876109336173e+00 1.93511362972916e+00 -1.43404019510680e+00 
1.97209797657082e+00 1.93774955079393e+00 -1.50035699938837e+00 
1.97543485977991e+00 1.94038460415096e+00 -1.56855280345522e+00 
1.97877174298900e+00 1.94301905669770e+00 -1.63865173368240e+00 
1.98210862619808e+00 1.94565317777868e+00 -1.71067817365564e+00 
1.98544550940717e+00 1.94828723948744e+00 -1.78465677266482e+00 
1.98878239261626e+00 1.95092151698000e+00 -1.86061245297752e+00 
1.99211927582535e+00 1.95355628879929e+00 -1.93857041583685e+00 
1.99545615903443e+00 1.95619183720967e+00 -2.01855614613567e+00 
1.99879304224352e+00 1.95882844854086e+00 -2.10059541570224e+00 
2.00212992545261e+00 1.96146641354032e+00 -2.18471428514343e+00 
2.00546680866170e+00 1.96410602773318e+00 -2.27093910418100e+00 
2.00880369187078e+00 1.96674759178876e+00 -2.35929651041583e+00 
2.01214057507987e+00 1.96939141189225e+00 -2.44981342645367e+00 
2.01547745828896e+00 1.97203780012076e+00 -2.54251705532472e+00 
2.01881434149805e+00 1.97468707482169e+00 -2.63743487412763e+00 
2.02215122470714e+00 1.97733956099251e+00 -2.73459462582821e+00 
2.02548810791622e+00 1.97999559065974e+00 -2.83402430914413e+00 
2.02882499112531e+00 1.98265550325555e+00 -2.93575216644860e+00 
2.03216187433440e+00 1.98531964598965e+00 -3.03980666962912e+00 
2.03549875754349e+00 1.98798837421449e+00 -3.14621650383990e+00 
2.03883564075257e+00 1.99066205178090e+00 -3.25501054909142e+00 
2.04217252396166e+00 1.99334105138194e+00 -3.36621785963187e+00 
2.04550940717075e+00 1.99602575488161e+00 -3.47986764107754e+00 
2.04884629037984e+00 1.99871655362561e+00 -3.59598922526563e+00 
2.05218317358892e+00 2.00141384873071e+00 -3.71461204280878e+00 
2.05552005679801e+00 2.00411805134907e+00 -3.83576559335595e+00 
2.05885694000710e+00 2.00682958290396e+00 -3.95947941356633e+00 
2.06219382321619e+00 2.00954887529288e+00 -4.08578304283663e+00 
2.06553070642528e+00 2.01227637105381e+00 -4.21470598683553e+00 
2.06886758963436e+00 2.01501252349072e+00 -4.34627767892356e+00 
2.07220447284345e+00 2.01775779675371e+00 -4.48052743956724e+00 
2.07554135605254e+00 2.02051266586955e+00 -4.61748443388094e+00 
2.07887823926163e+00 2.02327761671817e+00 -4.75717762745990e+00 
2.08221512247071e+00 2.02605314595088e+00 -4.89963574070827e+00 
2.08555200567980e+00 2.02883976084591e+00 -5.04488720188631e+00 
2.08888888888889e+00 2.03163797909741e+00 -5.19296009915174e+00 
2.09222577209798e+00 2.03444832853400e+00 -5.34388213189017e+00 
2.09556265530706e+00 2.03727134676360e+00 -5.49768056168033e+00 
2.09889953851615e+00 2.04010758074128e+00 -5.65438216326228e+00 
2.10223642172524e+00 2.04295758625800e+00 -5.81401317591695e+00 
2.10557330493433e+00 2.04582192734808e+00 -5.97659925569686e+00 
2.10891018814341e+00 2.04870117561450e+00 -6.14216542897026e+00 
2.11224707135250e+00 2.05159590947150e+00 -6.31073604777105e+00 
2.11558395456159e+00 2.05450671330517e+00 -6.48233474746206e+00 
2.11892083777068e+00 2.05743417655344e+00 -6.65698440723099e+00 
2.12225772097977e+00 2.06037889270809e+00 -6.83470711394721e+00 
2.12559460418885e+00 2.06334145824221e+00 -7.01552412990218e+00 
2.12893148739794e+00 2.06632247146793e+00 -7.19945586494538e+00 
2.13226837060703e+00 2.06932253133023e+00 -7.38652185350994e+00 
2.13560525381612e+00 2.07234223614352e+00 -7.57674073699248e+00 
2.13894213702520e+00 2.07538218227916e+00 -7.77013025190676e+00 
2.14227902023429e+00 2.07844296281263e+00 -7.96670722419407e+00 
2.14561590344338e+00 2.08152516614029e+00 -8.16648756999882e+00 
2.14895278665247e+00 2.08462937457630e+00 -8.36948630316994e+00 
2.15228966986155e+00 2.08775616294084e+00 -8.57571754966052e+00 
2.15562655307064e+00 2.09090609715142e+00 -8.78519456892469e+00 
2.15896343627973e+00 2.09407973282929e+00 -8.99792978232377e+00 
2.16230031948882e+00 2.09727761393290e+00 -9.21393480847005e+00 
2.16563720269791e+00 2.10050027143055e+00 -9.43322050533723e+00 
2.16897408590699e+00 2.10374822202371e+00 -9.65579701889330e+00 
2.17231096911608e+00 2.10702196693238e+00 -9.88167383790874e+00 
2.17564785232517e+00 2.11032199075257e+00 -1.01108598545257e+01 
2.17898473553426e+00 2.11364876039575e+00 -1.03433634300923e+01 
2.18232161874334e+00 2.11700272411832e+00 -1.05791924656990e+01 
2.18565850195243e+00 2.12038431064853e+00 -1.08183544768048e+01 
2.18899538516152e+00 2.12379392841661e+00 -1.10608566712863e+01 
2.19233226837061e+00 2.12723196489243e+00 -1.13067060302178e+01 
2.19566915157969e+00 2.13069878603380e+00 -1.15559093906603e+01 
2.19900603478878e+00 2.13419473584675e+00 -1.18084735297416e+01 
2.20234291799787e+00 2.13772013605770e+00 -1.20644052492996e+01 
2.20567980120696e+00 2.14127528589626e+00 -1.23237114603871e+01 
2.20901668441605e+00 2.14486046198556e+00 -1.25863992669653e+01 
2.21235356762513e+00 2.14847591833633e+00 -1.28524760481362e+01 
2.21569045083422e+00 2.15212188643933e+00 -1.31219495383307e+01 
2.21902733404331e+00 2.15579857545014e+00 -1.33948279049057e+01 
2.22236421725240e+00 2.15950617245906e+00 -1.36711198226748e+01 
2.22570110046148e+00 2.16324484283869e+00 -1.39508345449500e+01 
2.22903798367057e+00 2.16701473066097e+00 -1.42339819707497e+01 
2.23237486687966e+00 2.17081595917499e+00 -1.45205727078847e+01 
2.23571175008875e+00 2.17464863133714e+00 -1.48106181317067e+01 
2.23904863329783e+00 2.17851283038462e+00 -1.51041304393678e+01 
2.24238551650692e+00 2.18240862044379e+00 -1.54011226994965e+01 
2.24572239971601e+00 2.18633604716499e+00 -1.57016088972654e+01 
2.24905928292510e+00 2.19029513837558e+00 -1.60056039748625e+01 
2.25239616613419e+00 2.19428590474358e+00 -1.63131238674454e+01 
2.25573304934327e+00 2.19830834044483e+00 -1.66241855346819e+01 
2.25906993255236e+00 2.20236242382670e+00 -1.69388069880338e+01 
2.26240681576145e+00 2.20644811806266e+00 -1.72570073139593e+01 
2.26574369897054e+00 2.21056537179187e+00 -1.75788066932451e+01 
2.26908058217962e+00 2.21471411973906e+00 -1.79042264166898e+01 
2.27241746538871e+00 2.21889428331063e+00 -1.82332888973838e+01 
2.27575434859780e+00 2.22310577116282e+00 -1.85660176798321e+01 
2.27909123180689e+00 2.22734847973953e+00 -1.89024374461824e+01 
2.28242811501597e+00 2.23162229377667e+00 -1.92425740198105e+01 
2.28576499822506e+00 2.23592708677140e+00 -1.95864543665218e+01 
2.28910188143415e+00 2.24026272141465e+00 -1.99341065936188e+01 
2.29243876464324e+00 2.24462904998574e+00 -2.02855599470785e+01 
2.29577564785233e+00 2.24902591470874e+00 -2.06408448070719e+01 
2.29911253106141e+00 2.25345314806975e+00 -2.09999926820472e+01 
2.30244941427050e+00 2.25791057309568e+00 -2.13630362015882e+01 
2.30578629747959e+00 2.26239800359434e+00 -2.17300091082414e+01 
2.30912318068868e+00 2.26691524435673e+00 -2.21009462484937e+01 
2.31246006389776e+00 2.27146209132194e+00 -2.24758835630674e+01 
2.31579694710685e+00 2.27603833170574e+00 -2.28548580766868e+01 
2.31913383031594e+00 2.28064374409395e+00 -2.32379078874502e+01 
2.32247071352503e+00 2.28527809850137e+00 -2.36250721559356e+01 
2.32580759673411e+00 2.28994115639799e+00 -2.40163910941457e+01 
2.32914447994320e+00 2.29463267070320e+00 -2.44119059543928e+01 
2.33248136315229e+00 2.29935238574973e+00 -2.48116590182029e+01 
2.33581824636138e+00 2.30410003721837e+00 -2.52156935853198e+01 
2.33915512957046e+00 2.30887535204476e+00 -2.56240539628571e+01 
2.34249201277955e+00 2.31367804829987e+00 -2.60367854546646e+01 
2.34582889598864e+00 2.31850783504494e+00 -2.64539343509382e+01 
2.34916577919773e+00 2.32336441216243e+00 -2.68755479181088e+01 
2.35250266240682e+00 2.32824747016415e+00 -2.73016743890405e+01 
2.35583954561590e+00 2.33315668997758e+00 -2.77323629535468e+01 
2.35917642882499e+00 2.33809174271150e+00 -2.81676637492402e+01 
2.36251331203408e+00 2.34305228940204e+00 -2.86076278527157e+01 
2.36585019524317e+00 2.34803798073993e+00 -2.90523072710736e+01 
2.36918707845225e+00 2.35304845678010e+00 -2.95017549337673e+01 
2.37252396166134e+00 2.35808334663419e+00 -2.99560246847711e+01 
2.37586084487043e+00 2.36314226814699e+00 -3.04151712750539e+01 
2.37919772807952e+00 2.36822482755739e+00 -3.08792503553388e+01 
2.38253461128861e+00 2.37333061914449e+00 -3.13483184691289e+01 
2.38587149449769e+00 2.37845922485966e+00 -3.18224330459797e+01 
2.38920837770678e+00 2.38361021394482e+00 -3.23016523949879e+01 
2.39254526091587e+00 2.38878314253763e+00 -3.27860356984721e+01 
2.39588214412496e+00 2.39397755326403e+00 -3.32756430058169e+01 
2.39921902733404e+00 2.39919297481843e+00 -3.37705352274501e+01 
2.40255591054313e+00 2.40442892153201e+00 -3.42707741289204e+01 
2.40589279375222e+00 2.40968489292938e+00 -3.47764223250442e+01 
2.40922967696131e+00 2.41496037327388e+00 -3.52875432740884e+01 
2.41256656017039e+00 2.42025483110184e+00 -3.58042012719545e+01 
2.41590344337948e+00 2.42556771874593e+00 -3.63264614463290e+01 
2.41924032658857e+00 2.43089847184778e+00 -3.68543897507656e+01 
2.42257720979766e+00 2.43624650886005e+00 -3.73880529586649e+01 
2.42591409300675e+00 2.44161123053812e+00 -3.79275186571116e+01 
2.42925097621583e+00 2.44699201942139e+00 -3.84728552405365e+01 
2.43258785942492e+00 2.45238823930441e+00 -3.90241319041654e+01 
2.43592474263401e+00 2.45779923469786e+00 -3.95814186372178e+01 
2.43926162584310e+00 2.46322433027926e+00 -4.01447862158162e+01 
2.44259850905218e+00 2.46866283033388e+00 -4.07143061955743e+01 
2.44593539226127e+00 2.47411401818540e+00 -4.12900509038180e+01 
2.44927227547036e+00 2.47957715561665e+00 -4.18720934314100e+01 
2.45260915867945e+00 2.48505148228036e+00 -4.24605076241309e+01 
2.45594604188853e+00 2.49053621509992e+00 -4.30553680735873e+01 
2.45928292509762e+00 2.49603054766013e+00 -4.36567501075999e+01 
2.46261980830671e+00 2.50153364958809e+00 -4.42647297800379e+01 
2.46595669151580e+00 2.50704466592402e+00 -4.48793838600579e+01 
2.46929357472488e+00 2.51256271648227e+00 -4.55007898207085e+01 
2.47263045793397e+00 2.51808689520231e+00 -4.61290258268585e+01 
2.47596734114306e+00 2.52361626948984e+00 -4.67641707224116e+01 
2.47930422435215e+00 2.52914987954811e+00 -4.74063040167615e+01 
2.48264110756124e+00 2.53468673769933e+00 -4.80555058704525e+01 
2.48597799077032e+00 2.54022582769631e+00 -4.87118570799956e+01 
2.48931487397941e+00 2.54576610402440e+00 -4.93754390618076e+01 
2.49265175718850e+00 2.55130649119378e+00 -5.00463338352172e+01 
2.49598864039759e+00 2.55684588302218e+00 -5.07246240045098e+01 
2.49932552360667e+00 2.56238314190817e+00 -5.14103927399535e+01 
2.50266240681576e+00 2.56791709809500e+00 -5.21037237577685e+01 
2.50599929002485e+00 2.57344654892539e+00 -5.28047012989953e+01 
2.50933617323394e+00 2.57897025808718e+00 -5.35134101072125e+01 
2.51267305644302e+00 2.58448695485011e+00 -5.42299354050570e+01 
2.51600993965211e+00 2.58999533329391e+00 -5.49543628695048e+01 
2.51934682286120e+00 2.59549405152810e+00 -5.56867786058610e+01 
2.52268370607029e+00 2.60098173090330e+00 -5.64272691204082e+01 
2.52602058927938e+00 2.60645695521493e+00 -5.71759212916701e+01 
2.52935747248846e+00 2.61191826989904e+00 -5.79328223402357e+01 
2.53269435569755e+00 2.61736418122101e+00 -5.86980597970998e+01 
2.53603123890664e+00 2.62279315545723e+00 -5.94717214704582e+01 
2.53936812211573e+00 2.62820361807025e+00 -6.02538954109186e+01 
2.54270500532481e+00 2.63359395287791e+00 -6.10446698750696e+01 
2.54604188853390e+00 2.63896250121665e+00 -6.18441332873522e+01 
2.54937877174299e+00 2.64430756109989e+00 -6.26523742001886e+01 
2.55271565495208e+00 2.64962738637155e+00 -6.34694812523041e+01 
2.55605253816116e+00 2.65492018585574e+00 -6.42955431252019e+01 
2.55938942137025e+00 2.66018412250285e+00 -6.51306484977240e+01 
2.56272630457934e+00 2.66541731253301e+00 -6.59748859986511e+01 
2.56606318778843e+00 2.67061782457744e+00 -6.68283441572857e+01 
2.56940007099752e+00 2.67578367881835e+00 -6.76911113519578e+01 
2.57273695420660e+00 2.68091284612844e+00 -6.85632757564074e+01 
2.57607383741569e+00 2.68600324721070e+00 -6.94449252839830e+01 
2.57941072062478e+00 2.69105275173937e+00 -7.03361475296001e+01 
2.58274760383387e+00 2.69605917750294e+00 -7.12370297094049e+01 
2.58608448704295e+00 2.70102028955047e+00 -7.21476585980969e+01 
2.58942137025204e+00 2.70593379934193e+00 -7.30681204638397e+01 
2.59275825346113e+00 2.71079736390387e+00 -7.39985010007229e+01 
2.59609513667022e+00 2.71560858499149e+00 -7.49388852587083e+01 
2.59943201987930e+00 2.72036500825849e+00 -7.58893575710194e+01 
2.60276890308839e+00 2.72506412243558e+00 -7.68500014789076e+01 
2.60610578629748e+00 2.72970335851960e+00 -7.78208996537613e+01 
2.60944266950657e+00 2.73428008897403e+00 -7.88021338164914e+01 
2.61277955271566e+00 2.73879162694277e+00 -7.97937846541579e+01 
2.61611643592474e+00 2.74323522547856e+00 -8.07959317337817e+01 
2.61945331913383e+00 2.74760807678762e+00 -8.18086534132959e+01 
2.62279020234292e+00 2.75190731149227e+00 -8.28320267496048e+01 
2.62612708555201e+00 2.75612999791317e+00 -8.38661274036841e+01 
2.62946396876109e+00 2.76027314137296e+00 -8.49110295427137e+01 
2.63280085197018e+00 2.76433368352332e+00 -8.59668057391763e+01 
2.63613773517927e+00 2.76830850169721e+00 -8.70335268669075e+01 
2.63947461838836e+00 2.77219440828833e+00 -8.81112619940557e+01 
2.64281150159744e+00 2.77598815016007e+00 -8.92000782729222e+01 
2.64614838480653e+00 2.77968640808581e+00 -9.03000408266641e+01 
2.64948526801562e+00 2.78328579622299e+00 -9.14112126328233e+01 
2.65282215122471e+00 2.78678286162320e+00 -9.25336544036804e+01 
2.65615903443379e+00 2.79017408378058e+00 -9.36674244634033e+01 
2.65949591764288e+00 2.79345587422113e+00 -9.48125786219917e+01 
2.66283280085197e+00 2.79662457613523e+00 -9.59691700460083e+01 
2.66616968406106e+00 2.79967646405602e+00 -9.71372491260873e+01 
2.66950656727015e+00 2.80260774358649e+00 -9.83168633412447e+01 
2.67284345047923e+00 2.80541455117752e+00 -9.95080571199812e+01 
2.67618033368832e+00 2.80809295396008e+00 -1.00710871698199e+02 
2.67951721689741e+00 2.81063894963426e+00 -1.01925344973967e+02 
2.68285410010650e+00 2.81304846641801e+00 -1.03151511359138e+02 
2.68619098331558e+00 2.81531736305842e+00 -1.04389401627878e+02 
2.68952786652467e+00 2.81744142890890e+00 -1.05639042762136e+02 
2.69286474973376e+00 2.81941638407488e+00 -1.06900457794102e+02 
2.69620163294285e+00 2.82123787963155e+00 -1.08173665645728e+02 
2.69953851615193e+00 2.82290149791636e+00 -1.09458680965347e+02 
2.70287539936102e+00 2.82440275289993e+00 -1.10755513961497e+02 
2.70621228257011e+00 2.82573709063823e+00 -1.12064170234012e+02 
2.70954916577920e+00 2.82689988980943e+00 -1.13384650602468e+02 
2.71288604898829e+00 2.82788646233885e+00 -1.14716950932111e+02 
2.71622293219737e+00 2.82869205411486e+00 -1.16061061957340e+02 
2.71955981540646e+00 2.82931184579977e+00 -1.17416969102901e+02 
2.72289669861555e+00 2.82974095373816e+00 -1.18784652302897e+02 
2.72623358182464e+00 2.82997443096681e+00 -1.20164085817769e+02 
2.72957046503372e+00 2.83000726832900e+00 -1.21555238049397e+02 
2.73290734824281e+00 2.82983439569664e+00 -1.22958071354477e+02 
2.73624423145190e+00 2.82945068330355e+00 -1.24372541856370e+02 
2.73958111466099e+00 2.82885094319316e+00 -1.25798599255569e+02 
2.74291799787007e+00 2.82802993078377e+00 -1.27236186639035e+02 
2.74625488107916e+00 2.82698234655449e+00 -1.28685240288562e+02 
2.74959176428825e+00 2.82570283785511e+00 -1.30145689488425e+02 
2.75292864749734e+00 2.82418600084280e+00 -1.31617456332534e+02 
2.75626553070642e+00 2.82242638254860e+00 -1.33100455531340e+02 
2.75960241391551e+00 2.82041848307664e+00 -1.34594594218755e+02 
2.76293929712460e+00 2.81815675793872e+00 -1.36099771759359e+02 
2.76627618033369e+00 2.81563562052705e+00 -1.37615879556177e+02 
2.76961306354278e+00 2.81284944472740e+00 -1.39142800859314e+02 
2.77294994675186e+00 2.80979256767539e+00 -1.40680410575785e+02 
2.77628682996095e+00 2.80645929265772e+00 -1.42228575080825e+02 
2.77962371317004e+00 2.80284389216089e+00 -1.43787152031050e+02 
2.78296059637913e+00 2.79894061106867e+00 -1.45355990179784e+02 
2.78629747958821e+00 2.79474367001057e+00 -1.46934929194937e+02 
2.78963436279730e+00 2.79024726886251e+00 -1.48523799479795e+02 
2.79297124600639e+00 2.78544559040094e+00 -1.50122421997092e+02 
2.79630812921548e+00 2.78033280411141e+00 -1.51730608096783e+02 
2.79964501242457e+00 2.77490307015265e+00 -1.53348159347899e+02 
2.80298189563365e+00 2.76915054347619e+00 -1.54974867374918e+02 
2.80631877884274e+00 2.76306937810223e+00 -1.56610513699057e+02 
2.80965566205183e+00 2.75665373155139e+00 -1.58254869584939e+02 
2.81299254526092e+00 2.74989776943219e+00 -1.59907695893060e+02 
2.81632942847000e+00 2.74279567018334e+00 -1.61568742938522e+02 
2.81966631167909e+00 2.73534162997032e+00 -1.63237750356480e+02 
2.82300319488818e+00 2.72752986773426e+00 -1.64914446974767e+02 
2.82634007809727e+00 2.71935463039207e+00 -1.66598550694178e+02 
2.82967696130635e+00 2.71081019818524e+00 -1.68289768376876e+02 
2.83301384451544e+00 2.70189089017530e+00 -1.69987795743403e+02 
2.83635072772453e+00 2.69259106988292e+00 -1.71692317278790e+02 
2.83968761093362e+00 2.68290515106734e+00 -1.73403006148222e+02 
2.84302449414271e+00 2.67282760364262e+00 -1.75119524122773e+02 
2.84636137735179e+00 2.66235295972697e+00 -1.76841521515681e+02 
2.84969826056088e+00 2.65147581982001e+00 -1.78568637129633e+02 
2.85303514376997e+00 2.64019085910378e+00 -1.80300498215576e+02 
2.85637202697906e+00 2.62849283386172e+00 -1.82036720443477e+02 
2.85970891018814e+00 2.61637658800997e+00 -1.83776907885562e+02 
2.86304579339723e+00 2.60383705973511e+00 -1.85520653012437e+02 
2.86638267660632e+00 2.59086928823100e+00 -1.87267536702598e+02 
2.86971955981541e+00 2.57746842052831e+00 -1.89017128265735e+02 
2.87305644302449e+00 2.56362971840890e+00 -1.90768985480282e+02 
2.87639332623358e+00 2.54934856539683e+00 -1.92522654645640e+02 
2.87973020944267e+00 2.53462047381813e+00 -1.94277670649459e+02 
2.88306709265176e+00 2.51944109191989e+00 -1.96033557050377e+02 
2.88640397586085e+00 2.50380621103984e+00 -1.97789826176608e+02 
2.88974085906993e+00 2.48771177281616e+00 -1.99545979240691e+02 
2.89307774227902e+00 2.47115387642808e+00 -2.01301506470779e+02 
2.89641462548811e+00 2.45412878585599e+00 -2.03055887258744e+02 
2.89975150869720e+00 2.43663293715069e+00 -2.04808590325399e+02 
2.90308839190628e+00 2.41866294570011e+00 -2.06559073903090e+02 
2.90642527511537e+00 2.40021561348209e+00 -2.08306785935915e+02 
2.90976215832446e+00 2.38128793629087e+00 -2.10051164297739e+02 
2.91309904153355e+00 2.36187711092531e+00 -2.11791637028210e+02 
2.91643592474263e+00 2.34198054232588e+00 -2.13527622586910e+02 
2.91977280795172e+00 2.32159585064762e+00 -2.15258530125755e+02 
2.92310969116081e+00 2.30072087825591e+00 -2.16983759779713e+02 
2.92644657436990e+00 2.27935369663136e+00 -2.18702702975901e+02 
2.92978345757898e+00 2.25749261317061e+00 -2.20414742761045e+02 
2.93312034078807e+00 2.23513617786874e+00 -2.22119254147289e+02 
2.93645722399716e+00 2.21228318986965e+00 -2.23815604476269e+02 
2.93979410720625e+00 2.18893270387016e+00 -2.25503153801362e+02 
2.94313099041534e+00 2.16508403636362e+00 -2.27181255287927e+02 
2.94646787362442e+00 2.14073677170897e+00 -2.28849255631384e+02 
2.94980475683351e+00 2.11589076801077e+00 -2.30506495492863e+02 
2.95314164004260e+00 2.09054616279602e+00 -2.32152309952178e+02 
2.95647852325169e+00 2.06470337847383e+00 -2.33786028977789e+02 
2.95981540646077e+00 2.03836312756332e+00 -2.35406977913375e+02 
2.96315228966986e+00 2.01152641767636e+00 -2.37014477980662e+02 
2.96648917287895e+00 1.98419455624093e+00 -2.38607846797996e+02 
2.96982605608804e+00 1.95636915495167e+00 -2.40186398914223e+02 
2.97316293929712e+00 1.92805213393429e+00 -2.41749446357293e+02 
2.97649982250621e+00 1.89924572561066e+00 -2.43296299197051e+02 
2.97983670571530e+00 1.86995247825203e+00 -2.44826266121561e+02 
2.98317358892439e+00 1.84017525920771e+00 -2.46338655026328e+02 
2.98651047213348e+00 1.80991725779757e+00 -2.47832773615685e+02 
2.98984735534256e+00 1.77918198785657e+00 -2.49307930015626e+02 
2.99318423855165e+00 1.74797328992049e+00 -2.50763433397292e+02 
2.99652112176074e+00 1.71629533304210e+00 -2.52198594610282e+02 
2.99985800496983e+00 1.68415261622796e+00 -2.53612726824945e+02 
3.00319488817891e+00 1.65154996948654e+00 -2.55005146182747e+02 
3.00653177138800e+00 1.61849255447864e+00 -2.56375172453784e+02 
3.00986865459709e+00 1.58498586476241e+00 -2.57722129700512e+02 
3.01320553780618e+00 1.55103572562518e+00 -2.59045346946651e+02 
3.01654242101526e+00 1.51664829349576e+00 -2.60344158850295e+02 
3.01987930422435e+00 1.48183005493119e+00 -2.61617906380161e+02 
3.02321618743344e+00 1.44658782517280e+00 -2.62865937493912e+02 
3.02655307064253e+00 1.41092874626716e+00 -2.64087607817460e+02 
3.02988995385162e+00 1.37486028474884e+00 -2.65282281324152e+02 
3.03322683706070e+00 1.33839022888192e+00 -2.66449331012706e+02 
3.03656372026979e+00 1.30152668545870e+00 -2.67588139582757e+02 
3.03990060347888e+00 1.26427807615481e+00 -2.68698100106860e+02 
3.04323748668797e+00 1.22665313344071e+00 -2.69778616697794e+02 
3.04657436989705e+00 1.18866089605058e+00 -2.70829105169997e+02 
3.04991125310614e+00 1.15031070401043e+00 -2.71848993693959e+02 
3.05324813631523e+00 1.11161219322851e+00 -2.72837723442424e+02 
3.05658501952432e+00 1.07257528965152e+00 -2.73794749227189e+02 
3.05992190273340e+00 1.03321020299155e+00 -2.74719540125385e+02 
3.06325878594249e+00 9.93527420029377e-01 -2.75611580094063e+02 
3.06659566915158e+00 9.53537697500753e-01 -2.76470368571945e+02 
3.06993255236067e+00 9.13252054573187e-01 -2.77295421067200e+02 
3.07326943556976e+00 8.72681764921800e-01 -2.78086269730177e+02 
3.07660631877884e+00 8.31838348413461e-01 -2.78842463909941e+02 
3.07994320198793e+00 7.90733562409787e-01 -2.79563570693605e+02 
3.08328008519702e+00 7.49379392699898e-01 -2.80249175427392e+02 
3.08661696840611e+00 7.07788044075028e-01 -2.80898882218387e+02 
3.08995385161519e+00 6.65971930557996e-01 -2.81512314416055e+02 
3.09329073482428e+00 6.23943665301072e-01 -2.82089115072544e+02 
3.09662761803337e+00 5.81716050166734e-01 -2.82628947380868e+02 
3.09996450124246e+00 5.39302065006557e-01 -2.83131495090100e+02 
3.10330138445154e+00 4.96714856654168e-01 -2.83596462896759e+02 
3.10663826766063e+00 4.53967727648872e-01 -2.84023576811595e+02 
3.10997515086972e+00 4.11074124707236e-01 -2.84412584501036e+02 
3.11331203407881e+00 3.68047626960478e-01 -2.84763255602629e+02 
3.11664891728790e+00 3.24901933976207e-01 -2.85075382013791e+02 
3.11998580049698e+00 2.81650853583319e-01 -2.85348778153346e+02 
3.12332268370607e+00 2.38308289519665e-01 -2.85583281195262e+02 
3.12665956691516e+00 1.94888228922292e-01 -2.85778751274141e+02 
3.12999645012425e+00 1.51404729680540e-01 -2.85935071662029e+02 
3.13333333333333e+00 1.07871907672596e-01 -2.86052148916200e+02 
