Data Format: k_val_normalized w_real_normalized w_imag 
num_pts 435 
0.00000000000000e+00 3.01213313440364e-16 -4.21197246600120e-15 
7.15931533903884e-03 7.15931533903886e-03 -1.96298448817868e-14 
1.43186306780777e-02 1.43186306780784e-02 -3.88923372930997e-13 
2.14779460171165e-02 2.14779460171272e-02 -4.46148137479881e-12 
2.86372613561554e-02 2.86372613562346e-02 -2.49649222861065e-11 
3.57965766951942e-02 3.57965766955703e-02 -9.47453715317442e-11 
4.29558920342330e-02 4.29558920355743e-02 -2.81012736757050e-10 
5.01152073732719e-02 5.01152073771946e-02 -7.03014217040498e-10 
5.72745227123107e-02 5.72745227222327e-02 -1.55224435950635e-09 
6.44338380513496e-02 6.44338380738050e-02 -3.11434502111037e-09 
7.15931533903884e-02 7.15931534369344e-02 -5.79240786913690e-09 
7.87524687294272e-02 7.87524688192686e-02 -1.01299594903622e-08 
8.59117840684661e-02 8.59117842319309e-02 -1.68333060212870e-08 
9.30710994075049e-02 9.30710996904905e-02 -2.67918119873155e-08 
1.00230414746544e-01 1.00230415216040e-01 -4.10952563904002e-08 
1.07389730085583e-01 1.07389730836360e-01 -6.10469004303250e-08 
1.14549045424621e-01 1.14549046587149e-01 -8.81717042053541e-08 
1.21708360763660e-01 1.21708362513270e-01 -1.24218120607909e-07 
1.28867676102699e-01 1.28867678669995e-01 -1.71152945270418e-07 
1.36026991441738e-01 1.36026995124184e-01 -2.31148301102686e-07 
1.43186306780777e-01 1.43186311955352e-01 -3.06559858459619e-07 
1.50345622119816e-01 1.50345629256568e-01 -3.99895974981846e-07 
1.57504937458854e-01 1.57504947135118e-01 -5.13777248805099e-07 
1.64664252797893e-01 1.64664265712861e-01 -6.50886200086444e-07 
1.71823568136932e-01 1.71823585126217e-01 -8.13907311444334e-07 
1.78982883475971e-01 1.78982905525697e-01 -1.00545751408581e-06 
1.86142198815010e-01 1.86142227074903e-01 -1.22800773675060e-06 
1.93301514154049e-01 1.93301549948916e-01 -1.48379612019437e-06 
2.00460829493088e-01 2.00460874332004e-01 -1.77473442713304e-06 
2.07620144832126e-01 2.07620200414541e-01 -2.10230822906859e-06 
2.14779460171165e-01 2.14779528389095e-01 -2.46747356355142e-06 
2.21938775510204e-01 2.21938858445587e-01 -2.87055098784124e-06 
2.29098090849243e-01 2.29098190765456e-01 -3.31112023067361e-06 
2.36257406188282e-01 2.36257525514770e-01 -3.78791728292656e-06 
2.43416721527321e-01 2.43416862836228e-01 -4.29873743861134e-06 
2.50576036866359e-01 2.50576202839991e-01 -4.84034709301931e-06 
2.57735352205398e-01 2.57735545593325e-01 -5.40840773396502e-06 
2.64894667544437e-01 2.64894891109008e-01 -5.99741604978847e-06 
2.72053982883476e-01 2.72054239332504e-01 -6.60066394688823e-06 
2.79213298222515e-01 2.79213590127889e-01 -7.21022255873804e-06 
2.86372613561554e-01 2.86372943262553e-01 -7.81695463766709e-06 
2.93531928900592e-01 2.93532298390711e-01 -8.41055959237636e-06 
3.00691244239631e-01 3.00691655035756e-01 -8.97965597693621e-06 
3.07850559578670e-01 3.07851012571540e-01 -9.51190557951728e-06 
3.15009874917709e-01 3.15010370202653e-01 -9.99418397394640e-06 
3.22169190256748e-01 3.22169726943814e-01 -1.04128019712163e-05 
3.29328505595787e-01 3.29329081598494e-01 -1.07537820470080e-05 
3.36487820934826e-01 3.36488432736914e-01 -1.10031945529008e-05 
3.43647136273864e-01 3.43647778673599e-01 -1.11475569737955e-05 
3.50806451612903e-01 3.50807117444652e-01 -1.11743005240686e-05 
3.57965766951942e-01 3.57966446784976e-01 -1.10723069668493e-05 
3.65125082290981e-01 3.65125764105655e-01 -1.08325188039745e-05 
3.72284397630020e-01 3.72285066471755e-01 -1.04486251299876e-05 
3.79443712969059e-01 3.79444350580796e-01 -9.91782496790217e-06 
3.86603028308097e-01 3.86603612742184e-01 -9.24166939720663e-06 
3.93762343647136e-01 3.93762848857902e-01 -8.42698278422210e-06 
4.00921658986175e-01 4.00922054404764e-01 -7.48686308035123e-06 
4.08080974325214e-01 4.08081224418565e-01 -6.44176001143180e-06 
4.15240289664253e-01 4.15240353480449e-01 -5.32062902244152e-06 
4.22399605003292e-01 4.22399435705849e-01 -4.16215852537960e-06 
4.29558920342330e-01 4.29558464736330e-01 -3.01606583937934e-06 
4.36718235681369e-01 4.36717433734698e-01 -1.94445759613757e-06 
4.43877551020408e-01 4.43876335383702e-01 -1.02324810717737e-06 
4.51036866359447e-01 4.51035161888692e-01 -3.43628611613005e-07 
4.58196181698486e-01 4.58193904984545e-01 -1.35791875803219e-08 
4.65355497037525e-01 4.65352555947187e-01 -1.59413721923717e-07 
4.72514812376564e-01 4.72511105610021e-01 -9.27347405840576e-07 
4.79674127715602e-01 4.79669544385531e-01 -2.48507467938432e-06 
4.86833443054641e-01 4.86827862292332e-01 -5.02334471079199e-06 
4.93992758393680e-01 4.93986048987881e-01 -8.75752039156024e-06 
5.01152073732719e-01 5.01144093807057e-01 -1.39291048986892e-05 
5.08311389071758e-01 5.08301985806760e-01 -2.08072201781203e-05 
5.15470704410797e-01 5.15459713816643e-01 -2.96900192768389e-05 
5.22630019749835e-01 5.22617266496028e-01 -4.09060142202338e-05 
5.29789335088874e-01 5.29774632397058e-01 -5.48153002574131e-05 
5.36948650427913e-01 5.36931800033995e-01 -7.18106560717968e-05 
5.44107965766952e-01 5.44088757958595e-01 -9.23184991414887e-05 
5.51267281105991e-01 5.51245494841379e-01 -1.16799674792941e-04 
5.58426596445030e-01 5.58401999558563e-01 -1.45750056930658e-04 
5.65585911784068e-01 5.65558261284345e-01 -1.79700938370743e-04 
5.72745227123107e-01 5.72714269588159e-01 -2.19219187736449e-04 
5.79904542462146e-01 5.79870014536450e-01 -2.64907151181526e-04 
5.87063857801185e-01 5.87025486798410e-01 -3.17402275825619e-04 
5.94223173140224e-01 5.94180677755075e-01 -3.77376433336398e-04 
6.01382488479263e-01 6.01335579611057e-01 -4.45534921740520e-04 
6.08541803818301e-01 6.08490185508133e-01 -5.22615124848165e-04 
6.15701119157340e-01 6.15644489639817e-01 -6.09384808988943e-04 
6.22860434496379e-01 6.22798487365948e-01 -7.06640038333377e-04 
6.30019749835418e-01 6.29952175326247e-01 -8.15202691005498e-04 
6.37179065174457e-01 6.37105551551721e-01 -9.35917559835376e-04 
6.44338380513496e-01 6.44258615572711e-01 -1.06964902320858e-03 
6.51497695852535e-01 6.51411368522253e-01 -1.21727727344955e-03 
6.58657011191573e-01 6.58563813233443e-01 -1.37969409220594e-03 
6.65816326530612e-01 6.65715954329299e-01 -1.55779816441729e-03 
6.72975641869651e-01 6.72867798303653e-01 -1.75248992536786e-03 
6.80134957208690e-01 6.80019353591457e-01 -1.96466593753172e-03 
6.87294272547729e-01 6.87170630626865e-01 -2.19521279714115e-03 
6.94453587886768e-01 6.94321641887385e-01 -2.44500057311632e-03 
7.01612903225806e-01 7.01472401922343e-01 -2.71487578472778e-03 
7.08772218564845e-01 7.08622927363822e-01 -3.00565392715027e-03 
7.15931533903884e-01 7.15773236918273e-01 -3.31811155806627e-03 
7.23090849242923e-01 7.22923351336823e-01 -3.65297796247309e-03 
7.30250164581962e-01 7.30073293362443e-01 -4.01092641581415e-03 
7.37409479921001e-01 7.37223087651959e-01 -4.39256507124484e-03 
7.44568795260039e-01 7.44372760670948e-01 -4.79842749890130e-03 
7.51728110599078e-01 7.51522340559566e-01 -5.22896291241409e-03 
7.58887425938117e-01 7.58671856967250e-01 -5.68452611955417e-03 
7.66046741277156e-01 7.65821340854380e-01 -6.16536724089861e-03 
7.73206056616195e-01 7.72970824258853e-01 -6.67162124486733e-03 
7.80365371955234e-01 7.80120340025661e-01 -7.20329735209001e-03 
7.87524687294272e-01 7.87269921497489e-01 -7.76026836844708e-03 
7.94684002633311e-01 7.94419602164475e-01 -8.34226001180768e-03 
8.01843317972350e-01 8.01569415271267e-01 -8.94884030255309e-03 
8.09002633311389e-01 8.08719393379585e-01 -9.57940909599582e-03 
8.16161948650428e-01 8.15869567884613e-01 -1.02331878392053e-02 
8.23321263989467e-01 8.23019968483548e-01 -1.09092096439391e-02 
8.30480579328506e-01 8.30170622594876e-01 -1.16063097724753e-02 
8.37639894667544e-01 8.37321554726938e-01 -1.23231166422928e-02 
8.44799210006583e-01 8.44472785794622e-01 -1.30580434624544e-02 
8.51958525345622e-01 8.51624332383113e-01 -1.38092806228815e-02 
8.59117840684661e-01 8.58776205957914e-01 -1.45747889660342e-02 
8.66277156023700e-01 8.65928412020560e-01 -1.53522940799616e-02 
8.73436471362739e-01 8.73080949209734e-01 -1.61392817591173e-02 
8.80595786701777e-01 8.80233808347862e-01 -1.69329947896533e-02 
8.87755102040816e-01 8.87386971433585e-01 -1.77304312245225e-02 
8.94914417379855e-01 8.94540410580994e-01 -1.85283443226716e-02 
9.02073732718894e-01 9.01694086906975e-01 -1.93232443351216e-02 
9.09233048057933e-01 9.08847949368562e-01 -2.01114023306031e-02 
9.16392363396972e-01 9.16001933552839e-01 -2.08888562590570e-02 
9.23551678736011e-01 9.23155960422612e-01 -2.16514194605367e-02 
9.30710994075049e-01 9.30309935021851e-01 -2.23946918315780e-02 
9.37870309414088e-01 9.37463745145754e-01 -2.31140738665156e-02 
9.45029624753127e-01 9.44617259981240e-01 -2.38047837932224e-02 
9.52188940092166e-01 9.51770328724663e-01 -2.44618780234955e-02 
9.59348255431205e-01 9.58922779184683e-01 -2.50802751363275e-02 
9.66507570770244e-01 9.66074416379399e-01 -2.56547836060355e-02 
9.73666886109282e-01 9.73225021138065e-01 -2.61801334786189e-02 
9.80826201448321e-01 9.80374348719125e-01 -2.66510121853341e-02 
9.87985516787360e-01 9.87522127457543e-01 -2.70621046641603e-02 
9.95144832126399e-01 9.94668057455905e-01 -2.74081379354360e-02 
1.00230414746544e+00 1.00181180933513e+00 -2.76839302467866e-02 
1.00946346280448e+00 1.00895302306201e+00 -2.78844448662294e-02 
1.01662277814352e+00 1.01609130687208e+00 -2.80048485563120e-02 
1.02378209348255e+00 1.02322623630772e+00 -2.80405747112195e-02 
1.03094140882159e+00 1.03035735339224e+00 -2.79873910778478e-02 
1.03810072416063e+00 1.03748416596177e+00 -2.78414719137451e-02 
1.04526003949967e+00 1.04460614717735e+00 -2.75994743595757e-02 
1.05241935483871e+00 1.05172273524000e+00 -2.72586187198035e-02 
1.05957867017775e+00 1.05883333333151e+00 -2.68167722561054e-02 
1.06673798551679e+00 1.06593730980313e+00 -2.62725360020833e-02 
1.07389730085583e+00 1.07303399863355e+00 -2.56253340099491e-02 
1.08105661619486e+00 1.08012270017598e+00 -2.48755043363914e-02 
1.08821593153390e+00 1.08720268221188e+00 -2.40243909765872e-02 
1.09537524687294e+00 1.09427318132656e+00 -2.30744358548059e-02 
1.10253456221198e+00 1.10133340461805e+00 -2.20292698897933e-02 
1.10969387755102e+00 1.10838253174687e+00 -2.08938020701119e-02 
1.11685319289006e+00 1.11541971732972e+00 -1.96743054051245e-02 
1.12401250822910e+00 1.12244409367457e+00 -1.83784985644461e-02 
1.13117182356814e+00 1.12945477384937e+00 -1.70156219870580e-02 
1.13833113890718e+00 1.13645085507003e+00 -1.55965072307685e-02 
1.14549045424621e+00 1.14343142238723e+00 -1.41336383521876e-02 
1.15264976958525e+00 1.15039555264500e+00 -1.26412041519998e-02 
1.15980908492429e+00 1.15734231867761e+00 -1.11351401978606e-02 
1.16696840026333e+00 1.16427079370524e+00 -9.63315964414056e-03 
1.17412771560237e+00 1.17118005588318e+00 -8.15477200456147e-03 
1.18128703094141e+00 1.17806919295433e+00 -6.72128919992552e-03 
1.18844634628045e+00 1.18493730695089e+00 -5.35581839277658e-03 
1.19560566161949e+00 1.19178351888778e+00 -4.08324133280525e-03 
1.20276497695853e+00 1.19860697338888e+00 -2.93018016324306e-03 
1.20992429229756e+00 1.20540684318653e+00 -1.92494987457560e-03 
1.21708360763660e+00 1.21218233343565e+00 -1.09749783088284e-03 
1.22424292297564e+00 1.21893268578619e+00 -4.79331026836815e-04 
1.23140223831468e+00 1.22565718216134e+00 -1.03431955608491e-04 
1.23856155365372e+00 1.23235514819376e+00 -4.16417020987230e-06 
1.24572086899276e+00 1.23902595627817e+00 -2.17168798172377e-04 
1.25288018433180e+00 1.24566902820574e+00 -7.79253415088539e-04 
1.26003949967084e+00 1.25228383735323e+00 -1.72827479683854e-03 
1.26719881500987e+00 1.25886991040803e+00 -3.10301714178793e-03 
1.27435813034891e+00 1.26542682861883e+00 -4.94306739343092e-03 
1.28151744568795e+00 1.27195422856956e+00 -7.28868928921670e-03 
1.28867676102699e+00 1.27845180248270e+00 -1.01806977234162e-02 
1.29583607636603e+00 1.28491929806515e+00 -1.36603349398118e-02 
1.30299539170507e+00 1.29135651791716e+00 -1.77691499653146e-02 
1.31015470704411e+00 1.29776331853029e+00 -2.25488825716217e-02 
1.31731402238315e+00 1.30413960890573e+00 -2.80413529012300e-02 
1.32447333772219e+00 1.31048534882819e+00 -3.42883577367218e-02 
1.33163265306122e+00 1.31680054683345e+00 -4.13315742203138e-02 
1.33879196840026e+00 1.32308525790969e+00 -4.92124716595856e-02 
1.34595128373930e+00 1.32933958097353e+00 -5.79722318845677e-02 
1.35311059907834e+00 1.33556365616170e+00 -6.76516784561528e-02 
1.36026991441738e+00 1.34175766197865e+00 -7.82912148726215e-02 
1.36742922975642e+00 1.34792181233842e+00 -8.99307717776369e-02 
1.37458854509546e+00 1.35405635353765e+00 -1.02609763047782e-01 
1.38174786043450e+00 1.36016156119333e+00 -1.16367050524225e-01 
1.38890717577354e+00 1.36623773717648e+00 -1.31240917061753e-01 
1.39606649111257e+00 1.37228520656957e+00 -1.47269047489525e-01 
1.40322580645161e+00 1.37830431467227e+00 -1.64488517017488e-01 
1.41038512179065e+00 1.38429542407670e+00 -1.82935786578332e-01 
1.41754443712969e+00 1.39025891183048e+00 -2.02646704563159e-01 
1.42470375246873e+00 1.39619516670200e+00 -2.23656514393550e-01 
1.43186306780777e+00 1.40210458656018e+00 -2.45999867364143e-01 
1.43902238314681e+00 1.40798757587772e+00 -2.69710840198017e-01 
1.44618169848585e+00 1.41384454336419e+00 -2.94822956765700e-01 
1.45334101382488e+00 1.41967589973359e+00 -3.21369213442153e-01 
1.46050032916392e+00 1.42548205560823e+00 -3.49382107597104e-01 
1.46765964450296e+00 1.43126341955972e+00 -3.78893668747064e-01 
1.47481895984200e+00 1.43702039628568e+00 -4.09935491925381e-01 
1.48197827518104e+00 1.44275338492008e+00 -4.42538772863537e-01 
1.48913759052008e+00 1.44846277747355e+00 -4.76734344609067e-01 
1.49629690585912e+00 1.45414895739956e+00 -5.12552715241254e-01 
1.50345622119816e+00 1.45981229828134e+00 -5.50024106379346e-01 
1.51061553653720e+00 1.46545316263433e+00 -5.89178492211155e-01 
1.51777485187623e+00 1.47107190081819e+00 -6.30045638800815e-01 
1.52493416721527e+00 1.47666885005249e+00 -6.72655143464875e-01 
1.53209348255431e+00 1.48224433352993e+00 -7.17036474033982e-01 
1.53925279789335e+00 1.48779865962120e+00 -7.63219007840750e-01 
1.54641211323239e+00 1.49333212116526e+00 -8.11232070301296e-01 
1.55357142857143e+00 1.49884499483938e+00 -8.61104972976550e-01 
1.56073074391047e+00 1.50433754060325e+00 -9.12867051019138e-01 
1.56789005924951e+00 1.50981000121196e+00 -9.66547699929512e-01 
1.57504937458854e+00 1.51526260179242e+00 -1.02217641155898e+00 
1.58220868992758e+00 1.52069554947890e+00 -1.07978280930987e+00 
1.58936800526662e+00 1.52610903310294e+00 -1.13939668249609e+00 
1.59652732060566e+00 1.53150322293359e+00 -1.20104801983442e+00 
1.60368663594470e+00 1.53687827046434e+00 -1.26476704204589e+00 
1.61084595128374e+00 1.54223430824324e+00 -1.33058423355285e+00 
1.61800526662278e+00 1.54757144974307e+00 -1.39853037326182e+00 
1.62516458196182e+00 1.55288978926897e+00 -1.46863656442579e+00 
1.63232389730086e+00 1.55818940190102e+00 -1.54093426358163e+00 
1.63948321263989e+00 1.56347034346964e+00 -1.61545530856073e+00 
1.64664252797893e+00 1.56873265056206e+00 -1.69223194556920e+00 
1.65380184331797e+00 1.57397634055837e+00 -1.77129685533480e+00 
1.66096115865701e+00 1.57920141169578e+00 -1.85268317831548e+00 
1.66812047399605e+00 1.58440784316016e+00 -1.93642453896116e+00 
1.67527978933509e+00 1.58959559520421e+00 -2.02255506901774e+00 
1.68243910467413e+00 1.59476460929141e+00 -2.11110942985870e+00 
1.68959842001317e+00 1.59991480826579e+00 -2.20212283382284e+00 
1.69675773535221e+00 1.60504609654697e+00 -2.29563106453329e+00 
1.70391705069124e+00 1.61015836035076e+00 -2.39167049616505e+00 
1.71107636603028e+00 1.61525146793517e+00 -2.49027811162237e+00 
1.71823568136932e+00 1.62032526987223e+00 -2.59149151957881e+00 
1.72539499670836e+00 1.62537959934585e+00 -2.69534897032614e+00 
1.73255431204740e+00 1.63041427247593e+00 -2.80188937036693e+00 
1.73971362738644e+00 1.63542908866932e+00 -2.91115229567972e+00 
1.74687294272548e+00 1.64042383099771e+00 -3.02317800357230e+00 
1.75403225806452e+00 1.64539826660281e+00 -3.13800744303128e+00 
1.76119157340355e+00 1.65035214712912e+00 -3.25568226346276e+00 
1.76835088874259e+00 1.65528520918401e+00 -3.37624482171007e+00 
1.77551020408163e+00 1.66019717482522e+00 -3.49973818722122e+00 
1.78266951942067e+00 1.66508775207517e+00 -3.62620614522775e+00 
1.78982883475971e+00 1.66995663546142e+00 -3.75569319778529e+00 
1.79698815009875e+00 1.67480350658207e+00 -3.88824456251350e+00 
1.80414746543779e+00 1.67962803469465e+00 -4.02390616886266e+00 
1.81130678077683e+00 1.68442987732628e+00 -4.16272465172195e+00 
1.81846609611587e+00 1.68920868090248e+00 -4.30474734217552e+00 
1.82562541145490e+00 1.69396408139132e+00 -4.45002225520162e+00 
1.83278472679394e+00 1.69869570495857e+00 -4.59859807410372e+00 
1.83994404213298e+00 1.70340316862911e+00 -4.75052413145445e+00 
1.84710335747202e+00 1.70808608094845e+00 -4.90585038633054e+00 
1.85426267281106e+00 1.71274404263747e+00 -5.06462739761452e+00 
1.86142198815010e+00 1.71737664723238e+00 -5.22690629313995e+00 
1.86858130348914e+00 1.72198348170045e+00 -5.39273873446371e+00 
1.87574061882818e+00 1.72656412702101e+00 -5.56217687705665e+00 
1.88289993416722e+00 1.73111815871994e+00 -5.73527332571810e+00 
1.89005924950625e+00 1.73564514734431e+00 -5.91208108504149e+00 
1.89721856484529e+00 1.74014465886258e+00 -6.09265350478099e+00 
1.90437788018433e+00 1.74461625497428e+00 -6.27704422000410e+00 
1.91153719552337e+00 1.74905949331209e+00 -6.46530708595305e+00 
1.91869651086241e+00 1.75347392751735e+00 -6.65749610758659e+00 
1.92585582620145e+00 1.75785910716967e+00 -6.85366536382642e+00 
1.93301514154049e+00 1.76221457754971e+00 -7.05386892659884e+00 
1.94017445687953e+00 1.76653987921381e+00 -7.25816077483050e+00 
1.94733377221856e+00 1.77083454735863e+00 -7.46659470363745e+00 
1.95449308755760e+00 1.77509811095386e+00 -7.67922422903210e+00 
1.96165240289664e+00 1.77933009162136e+00 -7.89610248856430e+00 
1.96881171823568e+00 1.78353000223983e+00 -8.11728213840925e+00 
1.97597103357472e+00 1.78769734525562e+00 -8.34281524751547e+00 
1.98313034891376e+00 1.79183161068189e+00 -8.57275318952283e+00 
1.99028966425280e+00 1.79593227377114e+00 -8.80714653326464e+00 
1.99744897959184e+00 1.79999879234911e+00 -9.04604493275514e+00 
2.00460829493088e+00 1.80403060380188e+00 -9.28949701765394e+00 
2.01176761026991e+00 1.80802712171258e+00 -9.53755028527021e+00 
2.01892692560895e+00 1.81198773214900e+00 -9.79025099522959e+00 
2.02608624094799e+00 1.81591178960919e+00 -1.00476440679658e+01 
2.03324555628703e+00 1.81979861263795e+00 -1.03097729882178e+01 
2.04040487162607e+00 1.82364747913368e+00 -1.05766797147037e+01 
2.04756418696511e+00 1.82745762137136e+00 -1.08484045971097e+01 
2.05472350230415e+00 1.83122822077425e+00 -1.11249863014651e+01 
2.06188281764319e+00 1.83495840247283e+00 -1.14064617448802e+01 
2.06904213298222e+00 1.83864722969580e+00 -1.16928660404971e+01 
2.07620144832126e+00 1.84229369804300e+00 -1.19842324533493e+01 
2.08336076366030e+00 1.84589672969478e+00 -1.22805923676452e+01 
2.09052007899934e+00 1.84945516761563e+00 -1.25819752657866e+01 
2.09767939433838e+00 1.85296776981261e+00 -1.28884087192128e+01 
2.10483870967742e+00 1.85643320370968e+00 -1.31999183909295e+01 
2.11199802501646e+00 1.85985004069911e+00 -1.35165280493418e+01 
2.11915734035550e+00 1.86321675092931e+00 -1.38382595927800e+01 
2.12631665569454e+00 1.86653169838526e+00 -1.41651330838782e+01 
2.13347597103357e+00 1.86979313631349e+00 -1.44971667927571e+01 
2.14063528637261e+00 1.87299920303787e+00 -1.48343772477814e+01 
2.14779460171165e+00 1.87614791820605e+00 -1.51767792924994e+01 
2.15495391705069e+00 1.87923717949886e+00 -1.55243861472560e+01 
2.16211323238973e+00 1.88226475982725e+00 -1.58772094738779e+01 
2.16927254772877e+00 1.88522830503305e+00 -1.62352594417892e+01 
2.17643186306781e+00 1.88812533210162e+00 -1.65985447939007e+01 
2.18359117840685e+00 1.89095322788632e+00 -1.69670729106483e+01 
2.19075049374589e+00 1.89370924833716e+00 -1.73408498706213e+01 
2.19790980908492e+00 1.89639051821922e+00 -1.77198805063132e+01 
2.20506912442396e+00 1.89899403129979e+00 -1.81041684536569e+01 
2.21222843976300e+00 1.90151665097822e+00 -1.84937161941424e+01 
2.21938775510204e+00 1.90395511132829e+00 -1.88885250884864e+01 
2.22654707044108e+00 1.90630601851944e+00 -1.92885954009874e+01 
2.23370638578012e+00 1.90856585258110e+00 -1.96939263138809e+01 
2.24086570111916e+00 1.91073096947340e+00 -2.01045159311867e+01 
2.24802501645820e+00 1.91279760342702e+00 -2.05203612717123e+01 
2.25518433179723e+00 1.91476186951582e+00 -2.09414582510434e+01 
2.26234364713627e+00 1.91661976642719e+00 -2.13678016525040e+01 
2.26950296247531e+00 1.91836717939698e+00 -2.17993850872102e+01 
2.27666227781435e+00 1.91999988327862e+00 -2.22362009434650e+01 
2.28382159315339e+00 1.92151354571877e+00 -2.26782403258500e+01 
2.29098090849243e+00 1.92290373041502e+00 -2.31254929844606e+01 
2.29814022383147e+00 1.92416590043459e+00 -2.35779472348072e+01 
2.30529953917051e+00 1.92529542157640e+00 -2.40355898689614e+01 
2.31245885450955e+00 1.92628756576198e+00 -2.44984060585742e+01 
2.31961816984858e+00 1.92713751444435e+00 -2.49663792504187e+01 
2.32677748518762e+00 1.92784036202687e+00 -2.54394910551328e+01 
2.33393680052666e+00 1.92839111928681e+00 -2.59177211298452e+01 
2.34109611586570e+00 1.92878471680175e+00 -2.64010470553637e+01 
2.34825543120474e+00 1.92901600837826e+00 -2.68894442086012e+01 
2.35541474654378e+00 1.92907977448561e+00 -2.73828856308969e+01 
2.36257406188282e+00 1.92897072569831e+00 -2.78813418928775e+01 
2.36973337722186e+00 1.92868350615318e+00 -2.83847809564749e+01 
2.37689269256090e+00 1.92821269702820e+00 -2.88931680346957e+01 
2.38405200789993e+00 1.92755282005102e+00 -2.94064654497177e+01 
2.39121132323897e+00 1.92669834104638e+00 -2.99246324898528e+01 
2.39837063857801e+00 1.92564367353199e+00 -3.04476252659018e+01 
2.40552995391705e+00 1.92438318237292e+00 -3.09753965673926e+01 
2.41268926925609e+00 1.92291118750503e+00 -3.15078957191751e+01 
2.41984858459513e+00 1.92122196773778e+00 -3.20450684388245e+01 
2.42700789993417e+00 1.91930976464690e+00 -3.25868566952799e+01 
2.43416721527321e+00 1.91716878656723e+00 -3.31331985691312e+01 
2.44132653061224e+00 1.91479321269561e+00 -3.36840281149482e+01 
2.44848584595128e+00 1.91217719731350e+00 -3.42392752260316e+01 
2.45564516129032e+00 1.90931487413837e+00 -3.47988655019494e+01 
2.46280447662936e+00 1.90620036081256e+00 -3.53627201192178e+01 
2.46996379196840e+00 1.90282776353731e+00 -3.59307557054661e+01 
2.47712310730744e+00 1.89919118185961e+00 -3.65028842174245e+01 
2.48428242264648e+00 1.89528471361809e+00 -3.70790128230614e+01 
2.49144173798552e+00 1.89110246005395e+00 -3.76590437881939e+01 
2.49860105332456e+00 1.88663853109198e+00 -3.82428743678861e+01 
2.50576036866359e+00 1.88188705079561e+00 -3.88303967029491e+01 
2.51291968400263e+00 1.87684216299969e+00 -3.94214977218498e+01 
2.52007899934167e+00 1.87149803712307e+00 -4.00160590483361e+01 
2.52723831468071e+00 1.86584887416286e+00 -4.06139569150750e+01 
2.53439763001975e+00 1.85988891287086e+00 -4.12150620836091e+01 
2.54155694535879e+00 1.85361243611195e+00 -4.18192397709207e+01 
2.54871626069783e+00 1.84701377740319e+00 -4.24263495829039e+01 
2.55587557603687e+00 1.84008732763163e+00 -4.30362454550268e+01 
2.56303489137591e+00 1.83282754194756e+00 -4.36487756004766e+01 
2.57019420671494e+00 1.82522894682941e+00 -4.42637824660670e+01 
2.57735352205398e+00 1.81728614731511e+00 -4.48811026961866e+01 
2.58451283739302e+00 1.80899383439416e+00 -4.55005671050609e+01 
2.59167215273206e+00 1.80034679255351e+00 -4.61220006575962e+01 
2.59883146807110e+00 1.79133990746943e+00 -4.67452224590659e+01 
2.60599078341014e+00 1.78196817383678e+00 -4.73700457538921e+01 
2.61315009874918e+00 1.77222670332591e+00 -4.79962779337682e+01 
2.62030941408822e+00 1.76211073265687e+00 -4.86237205553587e+01 
2.62746872942725e+00 1.75161563177943e+00 -4.92521693678025e+01 
2.63462804476629e+00 1.74073691214668e+00 -4.98814143502331e+01 
2.64178736010533e+00 1.72947023506919e+00 -5.05112397595197e+01 
2.64894667544437e+00 1.71781142013590e+00 -5.11414241884168e+01 
2.65610599078341e+00 1.70575645368693e+00 -5.17717406342998e+01 
2.66326530612245e+00 1.69330149732315e+00 -5.24019565786410e+01 
2.67042462146149e+00 1.68044289643614e+00 -5.30318340773721e+01 
2.67758393680053e+00 1.66717718874211e+00 -5.36611298622577e+01 
2.68474325213957e+00 1.65350111280196e+00 -5.42895954533821e+01 
2.69190256747860e+00 1.63941161650994e+00 -5.49169772828385e+01 
2.69906188281764e+00 1.62490586553209e+00 -5.55430168296834e+01 
2.70622119815668e+00 1.60998125167547e+00 -5.61674507661975e+01 
2.71338051349572e+00 1.59463540116890e+00 -5.67900111154747e+01 
2.72053982883476e+00 1.57886618283519e+00 -5.74104254203309e+01 
2.72769914417380e+00 1.56267171613481e+00 -5.80284169235057e+01 
2.73485845951284e+00 1.54605037906055e+00 -5.86437047590993e+01 
2.74201777485188e+00 1.52900081586245e+00 -5.92560041551616e+01 
2.74917709019092e+00 1.51152194458232e+00 -5.98650266473246e+01 
2.75633640552995e+00 1.49361296437693e+00 -6.04704803033408e+01 
2.76349572086899e+00 1.47527336260898e+00 -6.10720699583583e+01 
2.77065503620803e+00 1.45650292168501e+00 -6.16694974607408e+01 
2.77781435154707e+00 1.43730172561953e+00 -6.22624619282044e+01 
2.78497366688611e+00 1.41767016630484e+00 -6.28506600140193e+01 
2.79213298222515e+00 1.39760894946629e+00 -6.34337861829917e+01 
2.79929229756419e+00 1.37711910028291e+00 -6.40115329969093e+01 
2.80645161290323e+00 1.35620196865391e+00 -6.45835914091122e+01 
2.81361092824226e+00 1.33485923409197e+00 -6.51496510678087e+01 
2.82077024358130e+00 1.31309291022468e+00 -6.57094006277412e+01 
2.82792955892034e+00 1.29090534888608e+00 -6.62625280697644e+01 
2.83508887425938e+00 1.26829924378116e+00 -6.68087210278781e+01 
2.84224818959842e+00 1.24527763370646e+00 -6.73476671232296e+01 
2.84940750493746e+00 1.22184390531117e+00 -6.78790543045680e+01 
2.85656682027650e+00 1.19800179538363e+00 -6.84025711946094e+01 
2.86372613561554e+00 1.17375539264932e+00 -6.89179074417524e+01 
2.87088545095458e+00 1.14910913906699e+00 -6.94247540765467e+01 
2.87804476629361e+00 1.12406783061122e+00 -6.99228038723108e+01 
2.88520408163265e+00 1.09863661753015e+00 -7.04117517092580e+01 
2.89236339697169e+00 1.07282100406861e+00 -7.08912949414798e+01 
2.89952271231073e+00 1.04662684764802e+00 -7.13611337661177e+01 
2.90668202764977e+00 1.02006035749547e+00 -7.18209715940269e+01 
2.91384134298881e+00 9.93128092715842e-01 -7.22705154212353e+01 
2.92100065832785e+00 9.65836959802019e-01 -7.27094762004749e+01 
2.92815997366689e+00 9.38194209579550e-01 -7.31375692120606e+01 
2.93531928900592e+00 9.10207433583489e-01 -7.35545144333732e+01 
2.94247860434496e+00 8.81884559866589e-01 -7.39600369062068e+01 
2.94963791968400e+00 8.53233848239192e-01 -7.43538671012222e+01 
2.95679723502304e+00 8.24263884942914e-01 -7.47357412787580e+01 
2.96395655036208e+00 7.94983576761220e-01 -7.51054018452372e+01 
2.97111586570112e+00 7.65402144571787e-01 -7.54625977044200e+01 
2.97827518104016e+00 7.35529116346702e-01 -7.58070846027461e+01 
2.98543449637920e+00 7.05374319608115e-01 -7.61386254680243e+01 
2.99259381171824e+00 6.74947873348262e-01 -7.64569907407265e+01 
2.99975312705727e+00 6.44260179424298e-01 -7.67619586971605e+01 
3.00691244239631e+00 6.13321913439638e-01 -7.70533157638010e+01 
3.01407175773535e+00 5.82144015124912e-01 -7.73308568220829e+01 
3.02123107307439e+00 5.50737678232943e-01 -7.75943855029612e+01 
3.02839038841343e+00 5.19114339963573e-01 -7.78437144705786e+01 
3.03554970375247e+00 4.87285669935149e-01 -7.80786656943891e+01 
3.04270901909151e+00 4.55263558721085e-01 -7.82990707091128e+01 
3.04986833443055e+00 4.23060105970671e-01 -7.85047708619265e+01 
3.05702764976958e+00 3.90687608134875e-01 -7.86956175463128e+01 
3.06418696510862e+00 3.58158545818506e-01 -7.88714724220254e+01 
3.07134628044766e+00 3.25485570781538e-01 -7.90322076206532e+01 
3.07850559578670e+00 2.92681492613077e-01 -7.91777059363054e+01 
3.08566491112574e+00 2.59759265102477e-01 -7.93078610009624e+01 
3.09282422646478e+00 2.26731972332933e-01 -7.94225774440814e+01 
3.09998354180382e+00 1.93612814523626e-01 -7.95217710360770e+01 
3.10714285714286e+00 1.60415093647238e-01 -7.96053688153376e+01 
