Data Format: k_val_normalized w_real_normalized w_imag 
num_pts 940 
0.00000000000000e+00 3.45133922212242e-16 2.92700795954390e-14 
3.33688320908768e-03 3.33688320908774e-03 -5.59637382703379e-15 
6.67376641817536e-03 6.67376641817546e-03 -1.62510863989848e-14 
1.00106496272630e-02 1.00106496272630e-02 1.89827807745707e-14 
1.33475328363507e-02 1.33475328363512e-02 -2.00777524315709e-14 
1.66844160454384e-02 1.66844160454385e-02 -1.23402097108163e-14 
2.00212992545261e-02 2.00212992545259e-02 3.65759773401488e-16 
2.33581824636138e-02 2.33581824636140e-02 1.00861307686584e-15 
2.66950656727015e-02 2.66950656727015e-02 -1.21618670979272e-14 
3.00319488817891e-02 3.00319488817890e-02 -2.68152418962018e-14 
3.33688320908768e-02 3.33688320908766e-02 -2.61842116543537e-14 
3.67057152999645e-02 3.67057152999648e-02 -3.37442214269670e-14 
4.00425985090522e-02 4.00425985090525e-02 -2.65129978529557e-15 
4.33794817181399e-02 4.33794817181397e-02 3.34021912027378e-14 
4.67163649272275e-02 4.67163649272278e-02 3.84946614909008e-15 
5.00532481363152e-02 5.00532481363150e-02 2.97250315340895e-14 
5.33901313454029e-02 5.33901313454029e-02 7.90057127525784e-15 
5.67270145544906e-02 5.67270145544910e-02 -9.49880219993303e-15 
6.00638977635783e-02 6.00638977635782e-02 -7.89612571301562e-15 
6.34007809726660e-02 6.34007809726659e-02 -1.02721624748669e-14 
6.67376641817536e-02 6.67376641817532e-02 -1.87513459859904e-16 
7.00745473908413e-02 7.00745473908409e-02 -2.45210382387863e-14 
7.34114305999290e-02 7.34114305999290e-02 1.04492200264432e-14 
7.67483138090167e-02 7.67483138090169e-02 2.26150198885554e-14 
8.00851970181044e-02 8.00851970181050e-02 -6.20792062755597e-15 
8.34220802271921e-02 8.34220802271921e-02 -1.01850354033391e-14 
8.67589634362797e-02 8.67589634362802e-02 1.86092201140354e-14 
9.00958466453674e-02 9.00958466453674e-02 8.89165425401534e-15 
9.34327298544551e-02 9.34327298544551e-02 3.77752446424615e-15 
9.67696130635428e-02 9.67696130635426e-02 8.22771324972981e-16 
1.00106496272630e-01 1.00106496272631e-01 1.65881829357513e-14 
1.03443379481718e-01 1.03443379481719e-01 -1.75524871138325e-14 
1.06780262690806e-01 1.06780262690806e-01 4.93067429716491e-15 
1.10117145899894e-01 1.10117145899894e-01 -1.45296139513604e-14 
1.13454029108981e-01 1.13454029108982e-01 -2.91520404521994e-14 
1.16790912318069e-01 1.16790912318069e-01 -1.32826083429517e-14 
1.20127795527157e-01 1.20127795527158e-01 -3.14869829214129e-14 
1.23464678736244e-01 1.23464678736245e-01 -4.19221303210478e-14 
1.26801561945332e-01 1.26801561945333e-01 -3.58775191901262e-14 
1.30138445154420e-01 1.30138445154420e-01 -1.38285984669811e-14 
1.33475328363507e-01 1.33475328363507e-01 -3.27919862053722e-14 
1.36812211572595e-01 1.36812211572595e-01 -1.68740900212075e-14 
1.40149094781683e-01 1.40149094781682e-01 -5.41280033197702e-14 
1.43485977990770e-01 1.43485977990770e-01 -9.65841062839575e-14 
1.46822861199858e-01 1.46822861199857e-01 -5.85770575504138e-14 
1.50159744408946e-01 1.50159744408943e-01 -5.29862192424321e-14 
1.53496627618033e-01 1.53496627618030e-01 -7.63780656704520e-14 
1.56833510827121e-01 1.56833510827117e-01 -6.88316909750023e-14 
1.60170394036209e-01 1.60170394036202e-01 -5.73067120135100e-14 
1.63507277245296e-01 1.63507277245285e-01 -2.64482399392179e-14 
1.66844160454384e-01 1.66844160454369e-01 -4.76922015698493e-14 
1.70181043663472e-01 1.70181043663452e-01 -1.77558350700196e-14 
1.73517926872559e-01 1.73517926872533e-01 -1.58871939775272e-14 
1.76854810081647e-01 1.76854810081612e-01 -6.93083440796389e-16 
1.80191693290735e-01 1.80191693290687e-01 -7.53105285474270e-16 
1.83528576499823e-01 1.83528576499761e-01 1.77929660730879e-15 
1.86865459708910e-01 1.86865459708831e-01 -2.78887388507677e-14 
1.90202342917998e-01 1.90202342917897e-01 -8.59181387009719e-14 
1.93539226127086e-01 1.93539226126958e-01 -1.58506645175543e-13 
1.96876109336173e-01 1.96876109336012e-01 -2.98985333626900e-13 
2.00212992545261e-01 2.00212992545059e-01 -5.05960834634146e-13 
2.03549875754349e-01 2.03549875754098e-01 -8.21468528383909e-13 
2.06886758963436e-01 2.06886758963126e-01 -1.27279256704223e-12 
2.10223642172524e-01 2.10223642172142e-01 -1.91938634554966e-12 
2.13560525381612e-01 2.13560525381145e-01 -2.68203684573448e-12 
2.16897408590699e-01 2.16897408590131e-01 -3.81293921412317e-12 
2.20234291799787e-01 2.20234291799099e-01 -5.30238296468713e-12 
2.23571175008875e-01 2.23571175008045e-01 -7.22897100757503e-12 
2.26908058217962e-01 2.26908058216966e-01 -9.75376554915386e-12 
2.30244941427050e-01 2.30244941425859e-01 -1.29134890599914e-11 
2.33581824636138e-01 2.33581824634719e-01 -1.69821014863644e-11 
2.36918707845225e-01 2.36918707843543e-01 -2.20226237156658e-11 
2.40255591054313e-01 2.40255591052325e-01 -2.82739706648098e-11 
2.43592474263401e-01 2.43592474261061e-01 -3.60230343614249e-11 
2.46929357472488e-01 2.46929357469744e-01 -4.55414465365894e-11 
2.50266240681576e-01 2.50266240678367e-01 -5.71467103261765e-11 
2.53603123890664e-01 2.53603123886927e-01 -7.11876564231216e-11 
2.56940007099752e-01 2.56940007095412e-01 -8.81810650436548e-11 
2.60276890308839e-01 2.60276890303818e-01 -1.08543374315240e-10 
2.63613773517927e-01 2.63613773512134e-01 -1.32866982444127e-10 
2.66950656727015e-01 2.66950656720353e-01 -1.61760865886704e-10 
2.70287539936102e-01 2.70287539928465e-01 -1.95951358972387e-10 
2.73624423145190e-01 2.73624423136460e-01 -2.36231734840880e-10 
2.76961306354278e-01 2.76961306344328e-01 -2.83548596254511e-10 
2.80298189563365e-01 2.80298189552057e-01 -3.38800436679546e-10 
2.83635072772453e-01 2.83635072759638e-01 -4.03188032901443e-10 
2.86971955981541e-01 2.86971955967057e-01 -4.77827529874473e-10 
2.90308839190628e-01 2.90308839174304e-01 -5.64126515885350e-10 
2.93645722399716e-01 2.93645722381367e-01 -6.63598208025624e-10 
2.96982605608804e-01 2.96982605588233e-01 -7.77796238247139e-10 
3.00319488817891e-01 3.00319488794889e-01 -9.08540822598918e-10 
3.03656372026979e-01 3.03656372001325e-01 -1.05773190994978e-09 
3.06993255236067e-01 3.06993255207529e-01 -1.22748204059942e-09 
3.10330138445154e-01 3.10330138413488e-01 -1.41995100081643e-09 
3.13667021654242e-01 3.13667021619194e-01 -1.63769623579632e-09 
3.17003904863330e-01 3.17003904824634e-01 -1.88328416805039e-09 
3.20340788072418e-01 3.20340788029800e-01 -2.15936306172898e-09 
3.23677671281505e-01 3.23677671234682e-01 -2.46905638302638e-09 
3.27014554490593e-01 3.27014554439276e-01 -2.81548109285190e-09 
3.30351437699681e-01 3.30351437643575e-01 -3.20188876860688e-09 
3.33688320908768e-01 3.33688320847574e-01 -3.63185035077954e-09 
3.37025204117856e-01 3.37025204051274e-01 -4.10900234457045e-09 
3.40362087326944e-01 3.40362087254673e-01 -4.63717163187877e-09 
3.43698970536031e-01 3.43698970457774e-01 -5.22039262473795e-09 
3.47035853745119e-01 3.47035853660581e-01 -5.86276775493052e-09 
3.50372736954207e-01 3.50372736863104e-01 -6.56852659244346e-09 
3.53709620163294e-01 3.53709620065352e-01 -7.34205133130771e-09 
3.57046503372382e-01 3.57046503267340e-01 -8.18777461160940e-09 
3.60383386581470e-01 3.60383386469083e-01 -9.11017186259005e-09 
3.63720269790557e-01 3.63720269670603e-01 -1.01137863248941e-08 
3.67057152999645e-01 3.67057152871921e-01 -1.12030749556427e-08 
3.70394036208733e-01 3.70394036073066e-01 -1.23825420247001e-08 
3.73730919417820e-01 3.73730919274067e-01 -1.36564626797461e-08 
3.77067802626908e-01 3.77067802474957e-01 -1.50291656596927e-08 
3.80404685835996e-01 3.80404685675771e-01 -1.65045543196484e-08 
3.83741569045083e-01 3.83741568876548e-01 -1.80864886082972e-08 
3.87078452254171e-01 3.87078452077327e-01 -1.97784067907907e-08 
3.90415335463259e-01 3.90415335278152e-01 -2.15833526771031e-08 
3.93752218672346e-01 3.93752218479062e-01 -2.35039629375983e-08 
3.97089101881434e-01 3.97089101680102e-01 -2.55423934461800e-08 
4.00425985090522e-01 4.00425984881311e-01 -2.77000482865786e-08 
4.03762868299610e-01 4.03762868082730e-01 -2.99778377107264e-08 
4.07099751508697e-01 4.07099751284391e-01 -3.23757847293027e-08 
4.10436634717785e-01 4.10436634486325e-01 -3.48930160350115e-08 
4.13773517926873e-01 4.13773517688556e-01 -3.75278505227946e-08 
4.17110401135960e-01 4.17110400891094e-01 -4.02774337495173e-08 
4.20447284345048e-01 4.20447284093943e-01 -4.31378634409830e-08 
4.23784167554136e-01 4.23784167297085e-01 -4.61039540286676e-08 
4.27121050763223e-01 4.27121050500495e-01 -4.91691956427676e-08 
4.30457933972311e-01 4.30457933704117e-01 -5.23257714204076e-08 
4.33794817181399e-01 4.33794816907875e-01 -5.55642502604176e-08 
4.37131700390486e-01 4.37131700111667e-01 -5.88737243662610e-08 
4.40468583599574e-01 4.40468583315354e-01 -6.22415510060997e-08 
4.43805466808662e-01 4.43805466518759e-01 -6.56535126959220e-08 
4.47142350017749e-01 4.47142349721667e-01 -6.90935175455866e-08 
4.50479233226837e-01 4.50479232923807e-01 -7.25436925707541e-08 
4.53816116435925e-01 4.53816116124860e-01 -7.59844423111637e-08 
4.57152999645012e-01 4.57152999324441e-01 -7.93942340408615e-08 
4.60489882854100e-01 4.60489882522099e-01 -8.27496129746565e-08 
4.63826766063188e-01 4.63826765717306e-01 -8.60256200219280e-08 
4.67163649272275e-01 4.67163648909452e-01 -8.91952950599786e-08 
4.70500532481363e-01 4.70500532097832e-01 -9.22301297538529e-08 
4.73837415690451e-01 4.73837415281642e-01 -9.51000675700474e-08 
4.77174298899539e-01 4.77174298459968e-01 -9.77737487965168e-08 
4.80511182108626e-01 4.80511181631773e-01 -1.00218496194721e-07 
4.83848065317714e-01 4.83848064795890e-01 -1.02400689259416e-07 
4.87184948526802e-01 4.87184947951013e-01 -1.04286094781139e-07 
4.90521831735889e-01 4.90521831095682e-01 -1.05840094858580e-07 
4.93858714944977e-01 4.93858714228274e-01 -1.07027918838036e-07 
4.97195598154065e-01 4.97195597346989e-01 -1.07815491928214e-07 
5.00532481363152e-01 5.00532480449841e-01 -1.08169499663681e-07 
5.03869364572240e-01 5.03869363534643e-01 -1.08058003926323e-07 
5.07206247781328e-01 5.07206246598995e-01 -1.07451383881409e-07 
5.10543130990415e-01 5.10543129640271e-01 -1.06322778123313e-07 
5.13880014199503e-01 5.13880012655609e-01 -1.04648680094369e-07 
5.17216897408591e-01 5.17216895641894e-01 -1.02410176979185e-07 
5.20553780617678e-01 5.20553778595750e-01 -9.95936373748506e-08 
5.23890663826766e-01 5.23890661513521e-01 -9.61917594169767e-08 
5.27227547035854e-01 5.27227544391263e-01 -9.22046000226047e-08 
5.30564430244941e-01 5.30564427224733e-01 -8.76410449091383e-08 
5.33901313454029e-01 5.33901310009374e-01 -8.25197611610260e-08 
5.37238196663117e-01 5.37238192740306e-01 -7.68706384714018e-08 
5.40575079872205e-01 5.40575075412316e-01 -7.07366499474964e-08 
5.43911963081292e-01 5.43911958019844e-01 -6.41747340085330e-08 
5.47248846290380e-01 5.47248840556983e-01 -5.72583638476809e-08 
5.50585729499467e-01 5.50585723017463e-01 -5.00784352517150e-08 
5.53922612708555e-01 5.53922605394646e-01 -4.27457379444188e-08 
5.57259495917643e-01 5.57259487681534e-01 -3.53928848065480e-08 
5.60596379126731e-01 5.60596369870739e-01 -2.81762012894163e-08 
5.63933262335818e-01 5.63933251954510e-01 -2.12779525123089e-08 
5.67270145544906e-01 5.67270133924714e-01 -1.49088859621396e-08 
5.70607028753994e-01 5.70607015772849e-01 -9.31020351503195e-09 
5.73943911963081e-01 5.73943897490042e-01 -4.75654072546391e-09 
5.77280795172169e-01 5.77280779067057e-01 -1.55797622495431e-09 
5.80617678381257e-01 5.80617660494317e-01 -6.29539015341351e-11 
5.83954561590344e-01 5.83954541761891e-01 -6.61072446427004e-10 
5.87291444799432e-01 5.87291422859538e-01 -3.78566463714743e-09 
5.90628328008520e-01 5.90628303776701e-01 -9.91662073014515e-09 
5.93965211217607e-01 5.93965184502552e-01 -1.95834332958184e-08 
5.97302094426695e-01 5.97302065026003e-01 -3.33678494637074e-08 
6.00638977635783e-01 6.00638945335735e-01 -5.19069170629142e-08 
6.03975860844871e-01 6.03975825420237e-01 -7.58959224986610e-08 
6.07312744053958e-01 6.07312705267846e-01 -1.06091248810604e-07 
6.10649627263046e-01 6.10649584866782e-01 -1.43313215503270e-07 
6.13986510472133e-01 6.13986464205199e-01 -1.88449000164806e-07 
6.17323393681221e-01 6.17323343271230e-01 -2.42455433427029e-07 
6.20660276890309e-01 6.20660222053055e-01 -3.06361456395086e-07 
6.23997160099397e-01 6.23997100538941e-01 -3.81271204042192e-07 
6.27334043308484e-01 6.27333978717323e-01 -4.68365822542724e-07 
6.30670926517572e-01 6.30670856576874e-01 -5.68906258468859e-07 
6.34007809726660e-01 6.34007734106566e-01 -6.84235256259534e-07 
6.37344692935747e-01 6.37344611295764e-01 -8.15779248085716e-07 
6.40681576144835e-01 6.40681488134300e-01 -9.65050133395809e-07 
6.44018459353923e-01 6.44018364612572e-01 -1.13364658338046e-06 
6.47355342563010e-01 6.47355240721630e-01 -1.32325538469882e-06 
6.50692225772098e-01 6.50692116453275e-01 -1.53565215603101e-06 
6.54029108981186e-01 6.54028991800168e-01 -1.77270189461905e-06 
6.57365992190273e-01 6.57365866755937e-01 -2.03635907651449e-06 
6.60702875399361e-01 6.60702741315280e-01 -2.32866728721465e-06 
6.64039758608449e-01 6.64039615474091e-01 -2.65175864337066e-06 
6.67376641817536e-01 6.67376489229574e-01 -3.00785241696767e-06 
6.70713525026624e-01 6.70713362580365e-01 -3.39925343499030e-06 
6.74050408235712e-01 6.74050235526657e-01 -3.82834959757042e-06 
6.77387291444799e-01 6.77387108070331e-01 -4.29760916335192e-06 
6.80724174653887e-01 6.80723980215081e-01 -4.80957741690968e-06 
6.84061057862975e-01 6.84060851966544e-01 -5.36687230326548e-06 
6.87397941072062e-01 6.87397723332438e-01 -5.97217978940534e-06 
6.90734824281150e-01 6.90734594322680e-01 -6.62824838155630e-06 
6.94071707490238e-01 6.94071464949529e-01 -7.33788292580065e-06 
6.97408590699326e-01 6.97408335227709e-01 -8.10393755646019e-06 
7.00745473908413e-01 7.00745205174533e-01 -8.92930797340292e-06 
7.04082357117501e-01 7.04082074810034e-01 -9.81692303868167e-06 
7.07419240326589e-01 7.07418944157071e-01 -1.07697351350516e-05 
7.10756123535676e-01 7.10755813241459e-01 -1.17907101037733e-05 
7.14093006744764e-01 7.14092682092060e-01 -1.28828161543907e-05 
7.17429889953852e-01 7.17429550740893e-01 -1.40490116989370e-05 
7.20766773162939e-01 7.20766419223223e-01 -1.52922328211048e-05 
7.24103656372027e-01 7.24103287577643e-01 -1.66153792762639e-05 
7.27440539581115e-01 7.27440155846143e-01 -1.80212999696120e-05 
7.30777422790202e-01 7.30777024074167e-01 -1.95127773817742e-05 
7.34114305999290e-01 7.34113892310662e-01 -2.10925114174201e-05 
7.37451189208378e-01 7.37450760608102e-01 -2.27631018396032e-05 
7.40788072417465e-01 7.40787629022505e-01 -2.45270304073754e-05 
7.44124955626553e-01 7.44124497613425e-01 -2.63866418878018e-05 
7.47461838835641e-01 7.47461366443928e-01 -2.83441244062606e-05 
7.50798722044728e-01 7.50798235580549e-01 -3.04014890852714e-05 
7.54135605253816e-01 7.54135105093216e-01 -3.25605487513371e-05 
7.57472488462904e-01 7.57471975055167e-01 -3.48228964131830e-05 
7.60809371671991e-01 7.60808845542825e-01 -3.71898825678838e-05 
7.64146254881079e-01 7.64145716635655e-01 -3.96625926190272e-05 
7.67483138090167e-01 7.67482588415992e-01 -4.22418232694358e-05 
7.70820021299255e-01 7.70819460968833e-01 -4.49280590932881e-05 
7.74156904508342e-01 7.74156334381606e-01 -4.77214483749300e-05 
7.77493787717430e-01 7.77493208743897e-01 -5.06217786731071e-05 
7.80830670926518e-01 7.80830084147147e-01 -5.36284531919942e-05 
7.84167554135605e-01 7.84166960684316e-01 -5.67404660798930e-05 
7.87504437344693e-01 7.87503838449508e-01 -5.99563784824649e-05 
7.90841320553781e-01 7.90840717537545e-01 -6.32742948840030e-05 
7.94178203762868e-01 7.94177598043532e-01 -6.66918395833262e-05 
7.97515086971956e-01 7.97514480062345e-01 -7.02061344412257e-05 
8.00851970181044e-01 8.00851363688107e-01 -7.38137761253273e-05 
8.04188853390131e-01 8.04188249013606e-01 -7.75108157240641e-05 
8.07525736599219e-01 8.07525136129678e-01 -8.12927383658624e-05 
8.10862619808307e-01 8.10862025124538e-01 -8.51544445370374e-05 
8.14199503017395e-01 8.14198916083082e-01 -8.90902327687218e-05 
8.17536386226482e-01 8.17535809086131e-01 -9.30937840387580e-05 
8.20873269435570e-01 8.20872704209640e-01 -9.71581479384807e-05 
8.24210152644657e-01 8.24209601523863e-01 -1.01275730834011e-04 
8.27547035853745e-01 8.27546501092469e-01 -1.05438286615835e-04 
8.30883919062833e-01 8.30883402971624e-01 -1.09636909400744e-04 
8.34220802271921e-01 8.34220307209029e-01 -1.13862029465760e-04 
8.37557685481008e-01 8.37557213842917e-01 -1.18103411949716e-04 
8.40894568690096e-01 8.40894122901009e-01 -1.22350158466565e-04 
8.44231451899184e-01 8.44231034399440e-01 -1.26590712749054e-04 
8.47568335108271e-01 8.47567948341642e-01 -1.30812869086998e-04 
8.50905218317359e-01 8.50904864717207e-01 -1.35003785549632e-04 
8.54242101526447e-01 8.54241783500699e-01 -1.39150000640361e-04 
8.57578984735534e-01 8.57578704650462e-01 -1.43237454650941e-04 
8.60915867944622e-01 8.60915628107387e-01 -1.47251515548765e-04 
8.64252751153710e-01 8.64252553793669e-01 -1.51177009406692e-04 
8.67589634362797e-01 8.67589481611536e-01 -1.54998256400032e-04 
8.70926517571885e-01 8.70926411441991e-01 -1.58699111439702e-04 
8.74263400780973e-01 8.74263343143492e-01 -1.62263010771356e-04 
8.77600283990060e-01 8.77600276550709e-01 -1.65673023987985e-04 
8.80937167199148e-01 8.80937211473210e-01 -1.68911911723563e-04 
8.84274050408236e-01 8.84274147694182e-01 -1.71962189733060e-04 
8.87610933617323e-01 8.87611084969187e-01 -1.74806198992754e-04 
8.90947816826411e-01 8.90948023024898e-01 -1.77426181645657e-04 
8.94284700035499e-01 8.94284961557895e-01 -1.79804364462619e-04 
8.97621583244586e-01 8.97621900233467e-01 -1.81923047702569e-04 
9.00958466453674e-01 9.00958838684483e-01 -1.83764701365900e-04 
9.04295349662762e-01 9.04295776510267e-01 -1.85312067908062e-04 
9.07632232871849e-01 9.07632713275603e-01 -1.86548271689783e-04 
9.10969116080937e-01 9.10969648509702e-01 -1.87456935128616e-04 
9.14305999290025e-01 9.14306581705340e-01 -1.88022301871320e-04 
9.17642882499113e-01 9.17643512318006e-01 -1.88229366461805e-04 
9.20979765708200e-01 9.20980439765176e-01 -1.88064010429107e-04 
9.24316648917288e-01 9.24317363425674e-01 -1.87513145666188e-04 
9.27653532126376e-01 9.27654282639134e-01 -1.86564863214567e-04 
9.30990415335463e-01 9.30991196705589e-01 -1.85208589371766e-04 
9.34327298544551e-01 9.34328104885188e-01 -1.83435246534037e-04 
9.37664181753639e-01 9.37665006398021e-01 -1.81237420958848e-04 
9.41001064962726e-01 9.41001900424134e-01 -1.78609535692905e-04 
9.44337948171814e-01 9.44338786103650e-01 -1.75548027830235e-04 
9.47674831380902e-01 9.47675662537095e-01 -1.72051532027481e-04 
9.51011714589989e-01 9.51012528785862e-01 -1.68121066879437e-04 
9.54348597799077e-01 9.54349383872893e-01 -1.63760226274925e-04 
9.57685481008165e-01 9.57686226783500e-01 -1.58975373752146e-04 
9.61022364217252e-01 9.61023056466450e-01 -1.53775839255841e-04 
9.64359247426340e-01 9.64359871835215e-01 -1.48174118975258e-04 
9.67696130635428e-01 9.67696671769434e-01 -1.42186076227636e-04 
9.71033013844515e-01 9.71033455116634e-01 -1.35831143189208e-04 
9.74369897053603e-01 9.74370220694153e-01 -1.29132523179186e-04 
9.77706780262691e-01 9.77706967291318e-01 -1.22117392070560e-04 
9.81043663471779e-01 9.81043693671852e-01 -1.14817097758670e-04 
9.84380546680866e-01 9.84380398576553e-01 -1.07267358705279e-04 
9.87717429889954e-01 9.87717080726198e-01 -9.95084575171574e-05 
9.91054313099042e-01 9.91053738824753e-01 -9.15854314422184e-05 
9.94391196308129e-01 9.94390371562782e-01 -8.35482571253476e-05 
9.97728079517217e-01 9.97726977621200e-01 -7.54520294370594e-05 
1.00106496272630e+00 1.00106355567521e+00 -6.73571325559729e-05 
1.00440184593539e+00 1.00440010439858e+00 -5.93294026255839e-05 
1.00773872914448e+00 1.00773662246816e+00 -5.14402812652423e-05 
1.01107561235357e+00 1.01107310856863e+00 -4.37669574844950e-05 
1.01441249556266e+00 1.01440956139758e+00 -3.63924980160553e-05 
1.01774937877174e+00 1.01774597967082e+00 -2.94059646159214e-05 
1.02108626198083e+00 1.02108236212789e+00 -2.29025156395923e-05 
1.02442314518992e+00 1.02441870753795e+00 -1.69834935349741e-05 
1.02776002839901e+00 1.02775501470576e+00 -1.17564935422797e-05 
1.03109691160809e+00 1.03109128247798e+00 -7.33541538744380e-06 
1.03443379481718e+00 1.03442750974971e+00 -3.84049395212534e-06 
1.03777067802627e+00 1.03776369547115e+00 -1.39831010135112e-06 
1.04110756123536e+00 1.04109983865454e+00 -1.41777999790823e-07 
1.04444444444444e+00 1.04443593838124e+00 -2.10110245527319e-07 
1.04778132765353e+00 1.04777199380896e+00 -1.74875673485794e-06 
1.05111821086262e+00 1.05110800417917e+00 -4.90931849030005e-06 
1.05445509407171e+00 1.05444396882462e+00 -9.84943329862467e-06 
1.05779197728080e+00 1.05777988717694e+00 -1.67326334441755e-05 
1.06112886048988e+00 1.06111575877434e+00 -2.57281737607238e-05 
1.06446574369897e+00 1.06445158326937e+00 -3.70108285521417e-05 
1.06780262690806e+00 1.06778736043668e+00 -5.07606573988633e-05 
1.07113951011715e+00 1.07112309018080e+00 -6.71627376234311e-05 
1.07447639332623e+00 1.07445877254387e+00 -8.64068633420042e-05 
1.07781327653532e+00 1.07779440771332e+00 -1.08687210534897e-04 
1.08115015974441e+00 1.08112999602943e+00 -1.34201966435007e-04 
1.08448704295350e+00 1.08446553799280e+00 -1.63152923263395e-04 
1.08782392616258e+00 1.08780103427159e+00 -1.95745035751573e-04 
1.09116080937167e+00 1.09113648570861e+00 -2.32185941637202e-04 
1.09449769258076e+00 1.09447189332812e+00 -2.72685445941176e-04 
1.09783457578985e+00 1.09780725834238e+00 -3.17454966271774e-04 
1.10117145899893e+00 1.10114258215782e+00 -3.66706942654229e-04 
1.10450834220802e+00 1.10447786638090e+00 -4.20654208789159e-04 
1.10784522541711e+00 1.10781311282354e+00 -4.79509326948084e-04 
1.11118210862620e+00 1.11114832350802e+00 -5.43483885365045e-04 
1.11451899183529e+00 1.11448350067149e+00 -6.12787760786992e-04 
1.11785587504437e+00 1.11781864676984e+00 -6.87628343309557e-04 
1.12119275825346e+00 1.12115376448100e+00 -7.68209729148948e-04 
1.12452964146255e+00 1.12448885670760e+00 -8.54731877274200e-04 
1.12786652467164e+00 1.12782392657895e+00 -9.47389735219055e-04 
1.13120340788072e+00 1.13115897745225e+00 -1.04637233258498e-03 
1.13454029108981e+00 1.13449401291303e+00 -1.15186184583235e-03 
1.13787717429890e+00 1.13782903677474e+00 -1.26403263452044e-03 
1.14121405750799e+00 1.14116405307752e+00 -1.38305025224083e-03 
1.14455094071707e+00 1.14449906608591e+00 -1.50907043290170e-03 
1.14788782392616e+00 1.14783408028578e+00 -1.64223805651059e-03 
1.15122470713525e+00 1.15116910038003e+00 -1.78268609550665e-03 
1.15456159034434e+00 1.15450413128340e+00 -1.93053454464938e-03 
1.15789847355343e+00 1.15783917811611e+00 -2.08588933850463e-03 
1.16123535676251e+00 1.16117424619632e+00 -2.24884125821481e-03 
1.16457223997160e+00 1.16450934103149e+00 -2.41946483159875e-03 
1.16790912318069e+00 1.16784446830843e+00 -2.59781723013415e-03 
1.17124600638978e+00 1.17117963388220e+00 -2.78393716693535e-03 
1.17458288959886e+00 1.17451484376365e+00 -2.97784379904818e-03 
1.17791977280795e+00 1.17785010410563e+00 -3.17953563853433e-03 
1.18125665601704e+00 1.18118542118796e+00 -3.38898947656584e-03 
1.18459353922613e+00 1.18452080140093e+00 -3.60615932580076e-03 
1.18793042243521e+00 1.18785625122744e+00 -3.83097538457319e-03 
1.19126730564430e+00 1.19119177722381e+00 -4.06334302935962e-03 
1.19460418885339e+00 1.19452738599909e+00 -4.30314183924369e-03 
1.19794107206248e+00 1.19786308419300e+00 -4.55022465841462e-03 
1.20127795527157e+00 1.20119887845240e+00 -4.80441670233951e-03 
1.20461483848065e+00 1.20453477540640e+00 -5.06551471241727e-03 
1.20795172168974e+00 1.20787078163999e+00 -5.33328616602602e-03 
1.21128860489883e+00 1.21120690366633e+00 -5.60746854702933e-03 
1.21462548810792e+00 1.21454314789756e+00 -5.88776868259935e-03 
1.21796237131700e+00 1.21787952061434e+00 -6.17386215378266e-03 
1.22129925452609e+00 1.22121602793397e+00 -6.46539278451383e-03 
1.22463613773518e+00 1.22455267577729e+00 -6.76197221624532e-03 
1.22797302094427e+00 1.22788946983420e+00 -7.06317957426750e-03 
1.23130990415335e+00 1.23122641552809e+00 -7.36856123359867e-03 
1.23464678736244e+00 1.23456351797902e+00 -7.67763068665186e-03 
1.23798367057153e+00 1.23790078196587e+00 -7.98986852587933e-03 
1.24132055378062e+00 1.24123821188738e+00 -8.30472254104235e-03 
1.24465743698971e+00 1.24457581172234e+00 -8.62160794240906e-03 
1.24799432019879e+00 1.24791358498882e+00 -8.93990771322335e-03 
1.25133120340788e+00 1.25125153470273e+00 -9.25897309995757e-03 
1.25466808661697e+00 1.25458966333559e+00 -9.57812424393189e-03 
1.25800496982606e+00 1.25792797277189e+00 -9.89665096332415e-03 
1.26134185303514e+00 1.26126646426587e+00 -1.02138136885269e-02 
1.26467873624423e+00 1.26460513839811e+00 -1.05288445580792e-02 
1.26801561945332e+00 1.26794399503188e+00 -1.08409486799322e-02 
1.27135250266241e+00 1.27128303326949e+00 -1.11493055629698e-02 
1.27468938587149e+00 1.27462225140875e+00 -1.14530707237467e-02 
1.27802626908058e+00 1.27796164689983e+00 -1.17513774719399e-02 
1.28136315228967e+00 1.28130121630240e+00 -1.20433388800688e-02 
1.28470003549876e+00 1.28464095524360e+00 -1.23280499377806e-02 
1.28803691870785e+00 1.28798085837681e+00 -1.26045898966108e-02 
1.29137380191693e+00 1.29132091934140e+00 -1.28720248063643e-02 
1.29471068512602e+00 1.29466113072381e+00 -1.31294102434228e-02 
1.29804756833511e+00 1.29800148402007e+00 -1.33757942340667e-02 
1.30138445154420e+00 1.30134196960000e+00 -1.36102203711256e-02 
1.30472133475328e+00 1.30468257667338e+00 -1.38317311243621e-02 
1.30805821796237e+00 1.30802329325823e+00 -1.40393713431598e-02 
1.31139510117146e+00 1.31136410615151e+00 -1.42321919488281e-02 
1.31473198438055e+00 1.31470500090250e+00 -1.44092538128987e-02 
1.31806886758963e+00 1.31804596178905e+00 -1.45696318175924e-02 
1.32140575079872e+00 1.32138697179698e+00 -1.47124190939396e-02 
1.32474263400781e+00 1.32472801260292e+00 -1.48367314291846e-02 
1.32807951721690e+00 1.32806906456084e+00 -1.49417118367484e-02 
1.33141640042599e+00 1.33141010669241e+00 -1.50265352811820e-02 
1.33475328363507e+00 1.33475111668171e+00 -1.50904135460451e-02 
1.33809016684416e+00 1.33809207087421e+00 -1.51326002352151e-02 
1.34142705005325e+00 1.34143294428054e+00 -1.51523958928181e-02 
1.34476393326234e+00 1.34477371058514e+00 -1.51491532324115e-02 
1.34810081647142e+00 1.34811434216010e+00 -1.51222824535551e-02 
1.35143769968051e+00 1.35145481008439e+00 -1.50712566358679e-02 
1.35477458288960e+00 1.35479508416860e+00 -1.49956171888035e-02 
1.35811146609869e+00 1.35813513298564e+00 -1.48949793388600e-02 
1.36144834930777e+00 1.36147492390722e+00 -1.47690376350482e-02 
1.36478523251686e+00 1.36481442314668e+00 -1.46175714489770e-02 
1.36812211572595e+00 1.36815359580790e+00 -1.44404504486534e-02 
1.37145899893504e+00 1.37149240594084e+00 -1.42376400202174e-02 
1.37479588214412e+00 1.37483081660341e+00 -1.40092066143735e-02 
1.37813276535321e+00 1.37816878993004e+00 -1.37553229892785e-02 
1.38146964856230e+00 1.38150628720687e+00 -1.34762733243114e-02 
1.38480653177139e+00 1.38484326895358e+00 -1.31724581770874e-02 
1.38814341498048e+00 1.38817969501188e+00 -1.28443992531952e-02 
1.39148029818956e+00 1.39151552464061e+00 -1.24927439624115e-02 
1.39481718139865e+00 1.39485071661734e+00 -1.21182697285163e-02 
1.39815406460774e+00 1.39818522934645e+00 -1.17218880258355e-02 
1.40149094781683e+00 1.40151902097339e+00 -1.13046481107278e-02 
1.40482783102591e+00 1.40485204950506e+00 -1.08677404171662e-02 
1.40816471423500e+00 1.40818427293610e+00 -1.04124995905959e-02 
1.41150159744409e+00 1.41151564938066e+00 -9.94040712502715e-03 
1.41483848065318e+00 1.41484613720960e+00 -9.45309357862212e-03 
1.41817536386226e+00 1.41817569519254e+00 -8.95234033912353e-03 
1.42151224707135e+00 1.42150428264461e+00 -8.44008090896232e-03 
1.42484913028044e+00 1.42483185957728e+00 -7.91840168862671e-03 
1.42818601348953e+00 1.42815838685302e+00 -7.38954222911632e-03 
1.43152289669862e+00 1.43148382634318e+00 -6.85589493338830e-03 
1.43485977990770e+00 1.43480814108863e+00 -6.32000418271531e-03 
1.43819666311679e+00 1.43813129546268e+00 -5.78456486947446e-03 
1.44153354632588e+00 1.44145325533554e+00 -5.25242031813341e-03 
1.44487042953497e+00 1.44477398824000e+00 -4.72655957870066e-03 
1.44820731274405e+00 1.44809346353743e+00 -4.21011407739145e-03 
1.45154419595314e+00 1.45141165258374e+00 -3.70635361584347e-03 
1.45488107916223e+00 1.45472852889442e+00 -3.21868170683128e-03 
1.45821796237132e+00 1.45804406830818e+00 -2.75063024187413e-03 
1.46155484558040e+00 1.46135824914842e+00 -2.30585348558264e-03 
1.46489172878949e+00 1.46467105238191e+00 -1.88812139547762e-03 
1.46822861199858e+00 1.46798246177400e+00 -1.50131226657103e-03 
1.47156549520767e+00 1.47129246403963e+00 -1.14940470590366e-03 
1.47490237841676e+00 1.47460104898958e+00 -8.36468941000660e-04 
1.47823926162584e+00 1.47790820967119e+00 -5.66657469831393e-04 
1.48157614483493e+00 1.48121394250301e+00 -3.44195063693948e-04 
1.48491302804402e+00 1.48451824740257e+00 -1.73368132597529e-04 
1.48824991125311e+00 1.48782112790687e+00 -5.85134695429564e-05 
1.49158679446219e+00 1.49112259128483e+00 -4.00638777036371e-06 
1.49492367767128e+00 1.49442264864110e+00 -1.42482684752935e-05 
1.49826056088037e+00 1.49772131501081e+00 -9.36535381237521e-05 
1.50159744408946e+00 1.50101860944456e+00 -2.46636095082785e-04 
1.50493432729854e+00 1.50431455508316e+00 -4.77595206692209e-04 
1.50827121050763e+00 1.50760917922175e+00 -7.90900898142162e-04 
1.51160809371672e+00 1.51090251336258e+00 -1.19087885632949e-03 
1.51494497692581e+00 1.51419459325619e+00 -1.68179487124518e-03 
1.51828186013490e+00 1.51748545893042e+00 -2.26783883898595e-03 
1.52161874334398e+00 1.52077515470694e+00 -2.95310834782099e-03 
1.52495562655307e+00 1.52406372920469e+00 -3.74159187312521e-03 
1.52829250976216e+00 1.52735123533007e+00 -4.63715160264850e-03 
1.53162939297125e+00 1.53063773025322e+00 -5.64350591594386e-03 
1.53496627618033e+00 1.53392327537022e+00 -6.76421153991559e-03 
1.53830315938942e+00 1.53720793625066e+00 -8.00264540290814e-03 
1.54164004259851e+00 1.54049178257019e+00 -9.36198620852041e-03 
1.54497692580760e+00 1.54377488802775e+00 -1.08451957509855e-02 
1.54831380901668e+00 1.54705733024687e+00 -1.24549999919593e-02 
1.55165069222577e+00 1.55033919066069e+00 -1.41938699203851e-02 
1.55498757543486e+00 1.55362055438021e+00 -1.60640022139105e-02 
1.55832445864395e+00 1.55690151004519e+00 -1.80672997235209e-02 
1.56166134185304e+00 1.56018214965724e+00 -2.02053518016160e-02 
1.56499822506212e+00 1.56346256839433e+00 -2.24794144935329e-02 
1.56833510827121e+00 1.56674286440624e+00 -2.48903906152997e-02 
1.57167199148030e+00 1.57002313859010e+00 -2.74388097409921e-02 
1.57500887468939e+00 1.57330349434527e+00 -3.01248081232426e-02 
1.57834575789847e+00 1.57658403730682e+00 -3.29481085753970e-02 
1.58168264110756e+00 1.57986487505635e+00 -3.59080003463568e-02 
1.58501952431665e+00 1.58314611680963e+00 -3.90033190186940e-02 
1.58835640752574e+00 1.58642787307950e+00 -4.22324264737236e-02 
1.59169329073482e+00 1.58971025531318e+00 -4.55931909615817e-02 
1.59503017394391e+00 1.59299337550246e+00 -4.90829673324975e-02 
1.59836705715300e+00 1.59627734576569e+00 -5.26985774813131e-02 
1.60170394036209e+00 1.59956227789987e+00 -5.64362910770553e-02 
1.60504082357118e+00 1.60284828290142e+00 -6.02918066495602e-02 
1.60837770678026e+00 1.60613547045404e+00 -6.42602331245520e-02 
1.61171458998935e+00 1.60942394838191e+00 -6.83360719057338e-02 
1.61505147319844e+00 1.61271382206648e+00 -7.25131996197199e-02 
1.61838835640753e+00 1.61600519382505e+00 -7.67848516566554e-02 
1.62172523961661e+00 1.61929816224928e+00 -8.11436066553656e-02 
1.62506212282570e+00 1.62259282150184e+00 -8.55813721035064e-02 
1.62839900603479e+00 1.62588926056924e+00 -9.00893712450949e-02 
1.63173588924388e+00 1.62918756246907e+00 -9.46581315112303e-02 
1.63507277245296e+00 1.63248780341004e+00 -9.92774747190108e-02 
1.63840965566205e+00 1.63579005190307e+00 -1.03936509306189e-01 
1.64174653887114e+00 1.63909436782216e+00 -1.08623624908482e-01 
1.64508342208023e+00 1.64240080141381e+00 -1.13326489610268e-01 
1.64842030528931e+00 1.64570939225421e+00 -1.18032050238940e-01 
1.65175718849840e+00 1.64902016815372e+00 -1.22726536107295e-01 
1.65509407170749e+00 1.65233314400891e+00 -1.27395466645911e-01 
1.65843095491658e+00 1.65564832060259e+00 -1.32023663404567e-01 
1.66176783812567e+00 1.65896568335355e+00 -1.36595266936196e-01 
1.66510472133475e+00 1.66228520101816e+00 -1.41093759120842e-01 
1.66844160454384e+00 1.66560682434731e+00 -1.45501991512110e-01 
1.67177848775293e+00 1.66893048470308e+00 -1.49802220324783e-01 
1.67511537096202e+00 1.67225609264117e+00 -1.53976148711027e-01 
1.67845225417110e+00 1.67558353646645e+00 -1.58004976981415e-01 
1.68178913738019e+00 1.67891268077072e+00 -1.61869461452188e-01 
1.68512602058928e+00 1.68224336496383e+00 -1.65549982584589e-01 
1.68846290379837e+00 1.68557540181117e+00 -1.69026623080203e-01 
1.69179978700745e+00 1.68890857599288e+00 -1.72279256554970e-01 
1.69513667021654e+00 1.69224264270251e+00 -1.75287647369251e-01 
1.69847355342563e+00 1.69557732630543e+00 -1.78031562113198e-01 
1.70181043663472e+00 1.69891231907942e+00 -1.80490893146967e-01 
1.70514731984381e+00 1.70224728006297e+00 -1.82645794464373e-01 
1.70848420305289e+00 1.70558183403879e+00 -1.84476829982068e-01 
1.71182108626198e+00 1.70891557068248e+00 -1.85965134164495e-01 
1.71515796947107e+00 1.71224804390824e+00 -1.87092584652428e-01 
1.71849485268016e+00 1.71557877144496e+00 -1.87841986298040e-01 
1.72183173588924e+00 1.71890723467702e+00 -1.88197265701515e-01 
1.72516861909833e+00 1.72223287878445e+00 -1.88143675000979e-01 
1.72850550230742e+00 1.72555511321621e+00 -1.87668003312261e-01 
1.73184238551651e+00 1.72887331252889e+00 -1.86758793815644e-01 
1.73517926872559e+00 1.73218681762012e+00 -1.85406564104124e-01 
1.73851615193468e+00 1.73549493738187e+00 -1.83604027007795e-01 
1.74185303514377e+00 1.73879695079323e+00 -1.81346308737845e-01 
1.74518991835286e+00 1.74209210946530e+00 -1.78631160859082e-01 
1.74852680156195e+00 1.74537964064259e+00 -1.75459162314174e-01 
1.75186368477103e+00 1.74865875065549e+00 -1.71833907517834e-01 
1.75520056798012e+00 1.75192862880794e+00 -1.67762176428418e-01 
1.75853745118921e+00 1.75518845167276e+00 -1.63254082505640e-01 
1.76187433439830e+00 1.75843738775530e+00 -1.58323194592982e-01 
1.76521121760738e+00 1.76167460247398e+00 -1.52986629032238e-01 
1.76854810081647e+00 1.76489926339505e+00 -1.47265108732910e-01 
1.77188498402556e+00 1.76811054564834e+00 -1.41182986470401e-01 
1.77522186723465e+00 1.77130763744194e+00 -1.34768230374123e-01 
1.77855875044373e+00 1.77448974558718e+00 -1.28052370368264e-01 
1.78189563365282e+00 1.77765610094065e+00 -1.21070405207775e-01 
1.78523251686191e+00 1.78080596366902e+00 -1.13860670698152e-01 
1.78856940007100e+00 1.78393862824369e+00 -1.06464670642930e-01 
1.79190628328009e+00 1.78705342807732e+00 -9.89268729950698e-02 
1.79524316648917e+00 1.79014973972179e+00 -9.12944745618413e-02 
1.79858004969826e+00 1.79322698655772e+00 -8.36171383758211e-02 
1.80191693290735e+00 1.79628464191824e+00 -7.59467084799292e-02 
1.80525381611644e+00 1.79932223160414e+00 -6.83369073438060e-02 
1.80859069932552e+00 1.80233933576297e+00 -6.08430214222835e-02 
1.81192758253461e+00 1.80533559012063e+00 -5.35215804721833e-02 
1.81526446574370e+00 1.80831068656927e+00 -4.64300361731762e-02 
1.81860134895279e+00 1.81126437313061e+00 -3.96264453484478e-02 
1.82193823216187e+00 1.81419645332626e+00 -3.31691626896209e-02 
1.82527511537096e+00 1.81710678499884e+00 -2.71165473696125e-02 
1.82861199858005e+00 1.81999527863625e+00 -2.15266873163301e-02 
1.83194888178914e+00 1.82286189525880e+00 -1.64571442462956e-02 
1.83528576499823e+00 1.82570664393323e+00 -1.19647218504383e-02 
1.83862264820731e+00 1.82852957897982e+00 -8.10525882839414e-03 
1.84195953141640e+00 1.83133079693919e+00 -4.93344777980818e-03 
1.84529641462549e+00 1.83411043336340e+00 -2.50268034126432e-03 
1.84863329783458e+00 1.83686865949261e+00 -8.64918381528874e-04 
1.85197018104366e+00 1.83960567887443e+00 -7.05905836614368e-05 
1.85530706425275e+00 1.84232172397710e+00 -1.68513327582937e-04 
1.85864394746184e+00 1.84501705284202e+00 -1.20583446039766e-03 
1.86198083067093e+00 1.84769194581469e+00 -3.22799829880761e-03 
1.86531771388001e+00 1.85034670238652e+00 -6.27873002875374e-03 
1.86865459708910e+00 1.85298163817434e+00 -1.04000375814985e-02 
1.87199148029819e+00 1.85559708205750e+00 -1.56322290069588e-02 
1.87532836350728e+00 1.85819337348836e+00 -2.20139433956362e-02 
1.87866524671637e+00 1.86077085998560e+00 -2.95821934360126e-02 
1.88200212992545e+00 1.86332989481661e+00 -3.83724177977880e-02 
1.88533901313454e+00 1.86587083487066e+00 -4.84185416297121e-02 
1.88867589634363e+00 1.86839403872175e+00 -5.97530435970647e-02 
1.89201277955272e+00 1.87089986487728e+00 -7.24070280251493e-02 
1.89534966276180e+00 1.87338867020676e+00 -8.64103008504776e-02 
1.89868654597089e+00 1.87586080854274e+00 -1.01791448237959e-01 
1.90202342917998e+00 1.87831662944555e+00 -1.18577916855530e-01 
1.90536031238907e+00 1.88075647712206e+00 -1.36796094936727e-01 
1.90869719559815e+00 1.88318068948850e+00 -1.56471393392484e-01 
1.91203407880724e+00 1.88558959736712e+00 -1.77628326345746e-01 
1.91537096201633e+00 1.88798352380618e+00 -2.00290590574509e-01 
1.91870784522542e+00 1.89036278351347e+00 -2.24481143449944e-01 
1.92204472843450e+00 1.89272768239328e+00 -2.50222279036555e-01 
1.92538161164359e+00 1.89507851717750e+00 -2.77535702103462e-01 
1.92871849485268e+00 1.89741557514212e+00 -3.06442599864269e-01 
1.93205537806177e+00 1.89973913390051e+00 -3.36963711316927e-01 
1.93539226127086e+00 1.90204946126600e+00 -3.69119394109265e-01 
1.93872914447994e+00 1.90434681517644e+00 -4.02929688896327e-01 
1.94206602768903e+00 1.90663144367420e+00 -4.38414381189990e-01 
1.94540291089812e+00 1.90890358493587e+00 -4.75593060734320e-01 
1.94873979410721e+00 1.91116346734596e+00 -5.14485178455892e-01 
1.95207667731629e+00 1.91341130961010e+00 -5.55110101069014e-01 
1.95541356052538e+00 1.91564732090343e+00 -5.97487163415619e-01 
1.95875044373447e+00 1.91787170105028e+00 -6.41635718644081e-01 
1.96208732694356e+00 1.92008464073209e+00 -6.87575186328212e-01 
1.96542421015264e+00 1.92228632172070e+00 -7.35325098638754e-01 
1.96876109336173e+00 1.92447691713456e+00 -7.84905144679241e-01 
1.97209797657082e+00 1.92665659171601e+00 -8.36335213098915e-01 
1.97543485977991e+00 1.92882550212803e+00 -8.89635433093504e-01 
1.97877174298900e+00 1.93098379726906e+00 -9.44826213905869e-01 
1.98210862619808e+00 1.93313161860513e+00 -1.00192828292417e+00 
1.98544550940717e+00 1.93526910051861e+00 -1.06096272248250e+00 
1.98878239261626e+00 1.93739637067320e+00 -1.12195100545504e+00 
1.99211927582535e+00 1.93951355039507e+00 -1.18491502972677e+00 
1.99545615903443e+00 1.94162075507044e+00 -1.24987715162153e+00 
1.99879304224352e+00 1.94371809455973e+00 -1.31686021835374e+00 
2.00212992545261e+00 1.94580567362913e+00 -1.38588759956232e+00 
2.00546680866170e+00 1.94788359240024e+00 -1.45698321797944e+00 
2.00880369187078e+00 1.94995194681878e+00 -1.53017157926694e+00 
2.01214057507987e+00 1.95201082914353e+00 -1.60547780104627e+00 
2.01547745828896e+00 1.95406032845688e+00 -1.68292764114153e+00 
2.01881434149805e+00 1.95610053119835e+00 -1.76254752502404e+00 
2.02215122470714e+00 1.95813152172279e+00 -1.84436457245251e+00 
2.02548810791622e+00 1.96015338288490e+00 -1.92840662327067e+00 
2.02882499112531e+00 1.96216619665198e+00 -2.01470226231762e+00 
2.03216187433440e+00 1.96417004474680e+00 -2.10328084338206e+00 
2.03549875754349e+00 1.96616500932270e+00 -2.19417251211333e+00 
2.03883564075257e+00 1.96815117367285e+00 -2.28740822778345e+00 
2.04217252396166e+00 1.97012862297589e+00 -2.38301978376453e+00 
2.04550940717075e+00 1.97209744507998e+00 -2.48103982657166e+00 
2.04884629037984e+00 1.97405773132745e+00 -2.58150187328301e+00 
2.05218317358892e+00 1.97600957742189e+00 -2.68444032713090e+00 
2.05552005679801e+00 1.97795308433970e+00 -2.78989049101943e+00 
2.05885694000710e+00 1.97988835928790e+00 -2.89788857869991e+00 
2.06219382321619e+00 1.98181551670944e+00 -3.00847172329228e+00 
2.06553070642528e+00 1.98373467933742e+00 -3.12167798281292e+00 
2.06886758963436e+00 1.98564597929913e+00 -3.23754634233039e+00 
2.07220447284345e+00 1.98754955926991e+00 -3.35611671232855e+00 
2.07554135605254e+00 1.98944557367689e+00 -3.47742992282318e+00 
2.07887823926163e+00 1.99133418995172e+00 -3.60152771273597e+00 
2.08221512247071e+00 1.99321558983027e+00 -3.72845271399309e+00 
2.08555200567980e+00 1.99508997069683e+00 -3.85824842977751e+00 
2.08888888888889e+00 1.99695754696894e+00 -3.99095920633363e+00 
2.09222577209798e+00 1.99881855151775e+00 -4.12663019768713e+00 
2.09556265530706e+00 2.00067323711713e+00 -4.26530732262713e+00 
2.09889953851615e+00 2.00252187791374e+00 -4.40703721327444e+00 
2.10223642172524e+00 2.00436477090768e+00 -4.55186715456044e+00 
2.10557330493433e+00 2.00620223743179e+00 -4.69984501393824e+00 
2.10891018814341e+00 2.00803462461555e+00 -4.85101916068521e+00 
2.11224707135250e+00 2.00986230681678e+00 -5.00543837417776e+00 
2.11558395456159e+00 2.01168568700256e+00 -5.16315174059580e+00 
2.11892083777068e+00 2.01350519805741e+00 -5.32420853759865e+00 
2.12225772097977e+00 2.01532130399520e+00 -5.48865810661854e+00 
2.12559460418885e+00 2.01713450104789e+00 -5.65654971258213e+00 
2.12893148739794e+00 2.01894531860226e+00 -5.82793239103356e+00 
2.13226837060703e+00 2.02075431995373e+00 -6.00285478286094e+00 
2.13560525381612e+00 2.02256210284428e+00 -6.18136495707100e+00 
2.13894213702520e+00 2.02436929975042e+00 -6.36351022235019e+00 
2.14227902023429e+00 2.02617657788643e+00 -6.54933692847491e+00 
2.14561590344338e+00 2.02798463888829e+00 -6.73889025898068e+00 
2.14895278665247e+00 2.02979421814485e+00 -6.93221401688068e+00 
2.15228966986155e+00 2.03160608374488e+00 -7.12935040561884e+00 
2.15562655307064e+00 2.03342103501230e+00 -7.33033980783389e+00 
2.15896343627973e+00 2.03523990060661e+00 -7.53522056490045e+00 
2.16230031948882e+00 2.03706353617154e+00 -7.74402876057153e+00 
2.16563720269791e+00 2.03889282152308e+00 -7.95679801236405e+00 
2.16897408590699e+00 2.04072865737634e+00 -8.17355927457491e+00 
2.17231096911608e+00 2.04257196162136e+00 -8.39434065698417e+00 
2.17564785232517e+00 2.04442366516884e+00 -8.61916726336320e+00 
2.17898473553426e+00 2.04628470739854e+00 -8.84806105384315e+00 
2.18232161874334e+00 2.04815603125508e+00 -9.08104073501159e+00 
2.18565850195243e+00 2.05003857804788e+00 -9.31812168126384e+00 
2.18899538516152e+00 2.05193328202244e+00 -9.55931589046020e+00 
2.19233226837061e+00 2.05384106478064e+00 -9.80463197632460e+00 
2.19566915157969e+00 2.05576282963505e+00 -1.00540751992749e+01 
2.19900603478878e+00 2.05769945598822e+00 -1.03076475365391e+01 
2.20234291799787e+00 2.05965179383094e+00 -1.05653477914944e+01 
2.20567980120696e+00 2.06162065845306e+00 -1.08271717412084e+01 
2.20901668441605e+00 2.06360682545797e+00 -1.10931123202243e+01 
2.21235356762513e+00 2.06561102616521e+00 -1.13631598377122e+01 
2.21569045083422e+00 2.06763394347691e+00 -1.16373022242883e+01 
2.21902733404331e+00 2.06967620827216e+00 -1.19155253040989e+01 
2.22236421725240e+00 2.07173839638007e+00 -1.21978130872053e+01 
2.22570110046148e+00 2.07382102616695e+00 -1.24841480769187e+01 
2.22903798367057e+00 2.07592455675781e+00 -1.27745115865279e+01 
2.23237486687966e+00 2.07804938689619e+00 -1.30688840598453e+01 
2.23571175008875e+00 2.08019585443139e+00 -1.33672453901483e+01 
2.23904863329783e+00 2.08236423640790e+00 -1.36695752324176e+01 
2.24238551650692e+00 2.08455474971967e+00 -1.39758533042269e+01 
2.24572239971601e+00 2.08676755228130e+00 -1.42860596712047e+01 
2.24905928292510e+00 2.08900274466015e+00 -1.46001750136357e+01 
2.25239616613419e+00 2.09126037210775e+00 -1.49181808714584e+01 
2.25573304934327e+00 2.09354042692531e+00 -1.52400598656251e+01 
2.25906993255236e+00 2.09584285109717e+00 -1.55657958944768e+01 
2.26240681576145e+00 2.09816753912651e+00 -1.58953743044511e+01 
2.26574369897054e+00 2.10051434101074e+00 -1.62287820350328e+01 
2.26908058217962e+00 2.10288306529720e+00 -1.65660077383976e+01 
2.27241746538871e+00 2.10527348216572e+00 -1.69070418746432e+01 
2.27575434859780e+00 2.10768532648938e+00 -1.72518767838723e+01 
2.27909123180689e+00 2.11011830083212e+00 -1.76005067366876e+01 
2.28242811501597e+00 2.11257207834731e+00 -1.79529279648538e+01 
2.28576499822506e+00 2.11504630554830e+00 -1.83091386740257e+01 
2.28910188143415e+00 2.11754060492802e+00 -1.86691390405047e+01 
2.29243876464324e+00 2.12005457741027e+00 -1.90329311940012e+01 
2.29577564785233e+00 2.12258780462065e+00 -1.94005191883446e+01 
2.29911253106141e+00 2.12513985096989e+00 -1.97719089620060e+01 
2.30244941427050e+00 2.12771026554611e+00 -2.01471082902054e+01 
2.30578629747959e+00 2.13029858381653e+00 -2.05261267302405e+01 
2.30912318068868e+00 2.13290432914150e+00 -2.09089755615462e+01 
2.31246006389776e+00 2.13552701410658e+00 -2.12956677218420e+01 
2.31579694710685e+00 2.13816614167994e+00 -2.16862177405800e+01 
2.31913383031594e+00 2.14082120620392e+00 -2.20806416707648e+01 
2.32247071352503e+00 2.14349169423046e+00 -2.24789570200595e+01 
2.32580759673411e+00 2.14617708521108e+00 -2.28811826819775e+01 
2.32914447994320e+00 2.14887685205182e+00 -2.32873388678171e+01 
2.33248136315229e+00 2.15159046154437e+00 -2.36974470398926e+01 
2.33581824636138e+00 2.15431737468410e+00 -2.41115298464998e+01 
2.33915512957046e+00 2.15705704688537e+00 -2.45296110589715e+01 
2.34249201277955e+00 2.15980892810463e+00 -2.49517155110786e+01 
2.34582889598864e+00 2.16257246288051e+00 -2.53778690409772e+01 
2.34916577919773e+00 2.16534709030050e+00 -2.58080984358203e+01 
2.35250266240682e+00 2.16813224390246e+00 -2.62424313791102e+01 
2.35583954561590e+00 2.17092735151908e+00 -2.66808964008183e+01 
2.35917642882499e+00 2.17373183507242e+00 -2.71235228302480e+01 
2.36251331203408e+00 2.17654511032546e+00 -2.75703407516047e+01 
2.36585019524317e+00 2.17936658659655e+00 -2.80213809621921e+01 
2.36918707845225e+00 2.18219566644249e+00 -2.84766749331412e+01 
2.37252396166134e+00 2.18503174531498e+00 -2.89362547725614e+01 
2.37586084487043e+00 2.18787421119514e+00 -2.94001531909849e+01 
2.37919772807952e+00 2.19072244420978e+00 -2.98684034689809e+01 
2.38253461128861e+00 2.19357581623318e+00 -3.03410394267862e+01 
2.38587149449769e+00 2.19643369047730e+00 -3.08180953958230e+01 
2.38920837770678e+00 2.19929542107311e+00 -3.12996061919488e+01 
2.39254526091587e+00 2.20216035264544e+00 -3.17856070903015e+01 
2.39588214412496e+00 2.20502781988337e+00 -3.22761338015935e+01 
2.39921902733404e+00 2.20789714710774e+00 -3.27712224497161e+01 
2.40255591054313e+00 2.21076764783742e+00 -3.32709095505200e+01 
2.40589279375222e+00 2.21363862435547e+00 -3.37752319916397e+01 
2.40922967696131e+00 2.21650936727618e+00 -3.42842270132338e+01 
2.41256656017039e+00 2.21937915511384e+00 -3.47979321895250e+01 
2.41590344337948e+00 2.22224725385397e+00 -3.53163854110201e+01 
2.41924032658857e+00 2.22511291652748e+00 -3.58396248673054e+01 
2.42257720979766e+00 2.22797538278808e+00 -3.63676890303087e+01 
2.42591409300675e+00 2.23083387849345e+00 -3.69006166379341e+01 
2.42925097621583e+00 2.23368761529008e+00 -3.74384466779767e+01 
2.43258785942492e+00 2.23653579020229e+00 -3.79812183722331e+01 
2.43592474263401e+00 2.23937758522500e+00 -3.85289711607192e+01 
2.43926162584310e+00 2.24221216692079e+00 -3.90817446859286e+01 
2.44259850905218e+00 2.24503868602077e+00 -3.96395787770564e+01 
2.44593539226127e+00 2.24785627702957e+00 -4.02025134341206e+01 
2.44927227547036e+00 2.25066405783399e+00 -4.07705888119227e+01 
2.45260915867945e+00 2.25346112931554e+00 -4.13438452037898e+01 
2.45594604188853e+00 2.25624657496658e+00 -4.19223230250387e+01 
2.45928292509762e+00 2.25901946050986e+00 -4.25060627961226e+01 
2.46261980830671e+00 2.26177883352169e+00 -4.30951051254043e+01 
2.46595669151580e+00 2.26452372305803e+00 -4.36894906915160e+01 
2.46929357472488e+00 2.26725313928405e+00 -4.42892602252678e+01 
2.47263045793397e+00 2.26996607310659e+00 -4.48944544910616e+01 
2.47596734114306e+00 2.27266149580960e+00 -4.55051142677805e+01 
2.47930422435215e+00 2.27533835869246e+00 -4.61212803291174e+01 
2.48264110756124e+00 2.27799559271121e+00 -4.67429934233125e+01 
2.48597799077032e+00 2.28063210812253e+00 -4.73702942522721e+01 
2.48931487397941e+00 2.28324679413050e+00 -4.80032234500379e+01 
2.49265175718850e+00 2.28583851853624e+00 -4.86418215605866e+01 
2.49598864039759e+00 2.28840612739027e+00 -4.92861290149283e+01 
2.49932552360667e+00 2.29094844464784e+00 -4.99361861074873e+01 
2.50266240681576e+00 2.29346427182724e+00 -5.05920329717384e+01 
2.50599929002485e+00 2.29595238767108e+00 -5.12537095550832e+01 
2.50933617323394e+00 2.29841154781087e+00 -5.19212555929384e+01 
2.51267305644302e+00 2.30084048443488e+00 -5.25947105820263e+01 
2.51600993965211e+00 2.30323790595957e+00 -5.32741137528424e+01 
2.51934682286120e+00 2.30560249670471e+00 -5.39595040412864e+01 
2.52268370607029e+00 2.30793291657247e+00 -5.46509200594386e+01 
2.52602058927938e+00 2.31022780073070e+00 -5.53484000654637e+01 
2.52935747248846e+00 2.31248575930074e+00 -5.60519819326321e+01 
2.53269435569755e+00 2.31470537704993e+00 -5.67617031174367e+01 
2.53603123890664e+00 2.31688521308929e+00 -5.74776006267943e+01 
2.53936812211573e+00 2.31902380057661e+00 -5.81997109843210e+01 
2.54270500532481e+00 2.32111964642540e+00 -5.89280701956605e+01 
2.54604188853390e+00 2.32317123102003e+00 -5.96627137128596e+01 
2.54937877174299e+00 2.32517700793753e+00 -6.04036763977763e+01 
2.55271565495208e+00 2.32713540367643e+00 -6.11509924845057e+01 
2.55605253816116e+00 2.32904481739323e+00 -6.19046955408194e+01 
2.55938942137025e+00 2.33090362064683e+00 -6.26648184286024e+01 
2.56272630457934e+00 2.33271015715148e+00 -6.34313932632769e+01 
2.56606318778843e+00 2.33446274253890e+00 -6.42044513722105e+01 
2.56940007099752e+00 2.33615966412999e+00 -6.49840232520931e+01 
2.57273695420660e+00 2.33779918071667e+00 -6.57701385252788e+01 
2.57607383741569e+00 2.33937952235466e+00 -6.65628258950837e+01 
2.57941072062478e+00 2.34089889016756e+00 -6.73621131000370e+01 
2.58274760383387e+00 2.34235545616302e+00 -6.81680268670726e+01 
2.58608448704295e+00 2.34374736306175e+00 -6.89805928636683e+01 
2.58942137025204e+00 2.34507272413971e+00 -6.97998356489166e+01 
2.59275825346113e+00 2.34632962308460e+00 -7.06257786235365e+01 
2.59609513667022e+00 2.34751611386707e+00 -7.14584439788136e+01 
2.59943201987930e+00 2.34863022062752e+00 -7.22978526444812e+01 
2.60276890308839e+00 2.34966993757922e+00 -7.31440242355294e+01 
2.60610578629748e+00 2.35063322892855e+00 -7.39969769979598e+01 
2.60944266950657e+00 2.35151802881307e+00 -7.48567277534748e+01 
2.61277955271566e+00 2.35232224125841e+00 -7.57232918431188e+01 
2.61611643592474e+00 2.35304374015451e+00 -7.65966830698709e+01 
2.61945331913383e+00 2.35368036925256e+00 -7.74769136402013e+01 
2.62279020234292e+00 2.35422994218277e+00 -7.83639941045977e+01 
2.62612708555201e+00 2.35469024249470e+00 -7.92579332970790e+01 
2.62946396876109e+00 2.35505902372025e+00 -8.01587382737025e+01 
2.63280085197018e+00 2.35533400946088e+00 -8.10664142500895e+01 
2.63613773517927e+00 2.35551289349942e+00 -8.19809645379744e+01 
2.63947461838836e+00 2.35559333993786e+00 -8.29023904808124e+01 
2.64281150159744e+00 2.35557298336173e+00 -8.38306913884483e+01 
2.64614838480653e+00 2.35544942903233e+00 -8.47658644708922e+01 
2.64948526801562e+00 2.35522025310737e+00 -8.57079047712070e+01 
2.65282215122471e+00 2.35488300289151e+00 -8.66568050975506e+01 
2.65615903443379e+00 2.35443519711722e+00 -8.76125559543966e+01 
2.65949591764288e+00 2.35387432625747e+00 -8.85751454729713e+01 
2.66283280085197e+00 2.35319785287080e+00 -8.95445593409376e+01 
2.66616968406106e+00 2.35240321198011e+00 -9.05207807313678e+01 
2.66950656727015e+00 2.35148781148588e+00 -9.15037902310480e+01 
2.67284345047923e+00 2.35044903261507e+00 -9.24935657681550e+01 
2.67618033368832e+00 2.34928423040644e+00 -9.34900825393502e+01 
2.67951721689741e+00 2.34799073423348e+00 -9.44933129363508e+01 
2.68285410010650e+00 2.34656584836586e+00 -9.55032264720165e+01 
2.68619098331558e+00 2.34500685257031e+00 -9.65197897060207e+01 
2.68952786652467e+00 2.34331100275200e+00 -9.75429661701554e+01 
2.69286474973376e+00 2.34147553163737e+00 -9.85727162933395e+01 
2.69620163294285e+00 2.33949764949911e+00 -9.96089973263884e+01 
2.69953851615193e+00 2.33737454492474e+00 -1.00651763266620e+02 
2.70287539936102e+00 2.33510338562903e+00 -1.01700964782363e+02 
2.70621228257011e+00 2.33268131931168e+00 -1.02756549137450e+02 
2.70954916577920e+00 2.33010547456089e+00 -1.03818460115763e+02 
2.71288604898829e+00 2.32737296180358e+00 -1.04886637945926e+02 
2.71622293219737e+00 2.32448087430331e+00 -1.05961019226216e+02 
2.71955981540646e+00 2.32142628920642e+00 -1.07041536849794e+02 
2.72289669861555e+00 2.31820626863729e+00 -1.08128119930338e+02 
2.72623358182464e+00 2.31481786084338e+00 -1.09220693728181e+02 
2.72957046503372e+00 2.31125810139060e+00 -1.10319179577044e+02 
2.73290734824281e+00 2.30752401440989e+00 -1.11423494811470e+02 
2.73624423145190e+00 2.30361261389531e+00 -1.12533552695077e+02 
2.73958111466099e+00 2.29952090505420e+00 -1.13649262349703e+02 
2.74291799787007e+00 2.29524588571016e+00 -1.14770528685609e+02 
2.74625488107916e+00 2.29078454775882e+00 -1.15897252332795e+02 
2.74959176428825e+00 2.28613387867713e+00 -1.17029329573597e+02 
2.75292864749734e+00 2.28129086308623e+00 -1.18166652276651e+02 
2.75626553070642e+00 2.27625248436821e+00 -1.19309107832380e+02 
2.75960241391551e+00 2.27101572633695e+00 -1.20456579090089e+02 
2.76293929712460e+00 2.26557757496302e+00 -1.21608944296853e+02 
2.76627618033369e+00 2.25993502015270e+00 -1.22766077038266e+02 
2.76961306354278e+00 2.25408505758109e+00 -1.23927846181251e+02 
2.77294994675186e+00 2.24802469057907e+00 -1.25094115819010e+02 
2.77628682996095e+00 2.24175093207388e+00 -1.26264745218299e+02 
2.77962371317004e+00 2.23526080658311e+00 -1.27439588769140e+02 
2.78296059637913e+00 2.22855135226141e+00 -1.28618495937129e+02 
2.78629747958821e+00 2.22161962299969e+00 -1.29801311218467e+02 
2.78963436279730e+00 2.21446269057606e+00 -1.30987874097897e+02 
2.79297124600639e+00 2.20707764685777e+00 -1.32178019009644e+02 
2.79630812921548e+00 2.19946160605325e+00 -1.33371575301549e+02 
2.79964501242457e+00 2.19161170701364e+00 -1.34568367202521e+02 
2.80298189563365e+00 2.18352511558236e+00 -1.35768213793478e+02 
2.80631877884274e+00 2.17519902699183e+00 -1.36970928981899e+02 
2.80965566205183e+00 2.16663066830604e+00 -1.38176321480169e+02 
2.81299254526092e+00 2.15781730090745e+00 -1.39384194787835e+02 
2.81632942847000e+00 2.14875622302694e+00 -1.40594347177957e+02 
2.81966631167909e+00 2.13944477231503e+00 -1.41806571687665e+02 
2.82300319488818e+00 2.12988032845264e+00 -1.43020656113102e+02 
2.82634007809727e+00 2.12006031579961e+00 -1.44236383008873e+02 
2.82967696130635e+00 2.10998220607898e+00 -1.45453529692160e+02 
2.83301384451544e+00 2.09964352109479e+00 -1.46671868251638e+02 
2.83635072772453e+00 2.08904183548141e+00 -1.47891165561332e+02 
2.83968761093362e+00 2.07817477948182e+00 -1.49111183299547e+02 
2.84302449414271e+00 2.06704004175240e+00 -1.50331677973006e+02 
2.84636137735179e+00 2.05563537219185e+00 -1.51552400946331e+02 
2.84969826056088e+00 2.04395858479110e+00 -1.52773098476974e+02 
2.85303514376997e+00 2.03200756050180e+00 -1.53993511755743e+02 
2.85637202697906e+00 2.01978025012002e+00 -1.55213376953006e+02 
2.85970891018814e+00 2.00727467718245e+00 -1.56432425270717e+02 
2.86304579339723e+00 1.99448894087154e+00 -1.57650383000346e+02 
2.86638267660632e+00 1.98142121892650e+00 -1.58866971586809e+02 
2.86971955981541e+00 1.96806977055661e+00 -1.60081907698505e+02 
2.87305644302449e+00 1.95443293935336e+00 -1.61294903303538e+02 
2.87639332623358e+00 1.94050915619770e+00 -1.62505665752189e+02 
2.87973020944267e+00 1.92629694215871e+00 -1.63713897865725e+02 
2.88306709265176e+00 1.91179491137976e+00 -1.64919298031602e+02 
2.88640397586085e+00 1.89700177394840e+00 -1.66121560305101e+02 
2.88974085906993e+00 1.88191633874565e+00 -1.67320374517465e+02 
2.89307774227902e+00 1.86653751627093e+00 -1.68515426390551e+02 
2.89641462548811e+00 1.85086432143807e+00 -1.69706397658035e+02 
2.89975150869720e+00 1.83489587633855e+00 -1.70892966193180e+02 
2.90308839190628e+00 1.81863141296719e+00 -1.72074806143175e+02 
2.90642527511537e+00 1.80207027590634e+00 -1.73251588070039e+02 
2.90976215832446e+00 1.78521192496381e+00 -1.74422979098072e+02 
2.91309904153355e+00 1.76805593776026e+00 -1.75588643067835e+02 
2.91643592474263e+00 1.75060201226144e+00 -1.76748240696608e+02 
2.91977280795172e+00 1.73284996925083e+00 -1.77901429745288e+02 
2.92310969116081e+00 1.71479975473796e+00 -1.79047865191657e+02 
2.92644657436990e+00 1.69645144229807e+00 -1.80187199409953e+02 
2.92978345757898e+00 1.67780523533831e+00 -1.81319082356657e+02 
2.93312034078807e+00 1.65886146928623e+00 -1.82443161762395e+02 
2.93645722399716e+00 1.63962061369550e+00 -1.83559083329847e+02 
2.93979410720625e+00 1.62008327426503e+00 -1.84666490937546e+02 
2.94313099041534e+00 1.60025019476638e+00 -1.85765026849421e+02 
2.94646787362442e+00 1.58012225887548e+00 -1.86854331929947e+02 
2.94980475683351e+00 1.55970049190399e+00 -1.87934045864737e+02 
2.95314164004260e+00 1.53898606242618e+00 -1.89003807386399e+02 
2.95647852325169e+00 1.51798028379706e+00 -1.90063254505488e+02 
2.95981540646077e+00 1.49668461555756e+00 -1.91112024746334e+02 
2.96315228966986e+00 1.47510066472274e+00 -1.92149755387559e+02 
2.96648917287895e+00 1.45323018694923e+00 -1.93176083707035e+02 
2.96982605608804e+00 1.43107508757786e+00 -1.94190647231090e+02 
2.97316293929712e+00 1.40863742254802e+00 -1.95193083987655e+02 
2.97649982250621e+00 1.38591939917998e+00 -1.96183032763166e+02 
2.97983670571530e+00 1.36292337682214e+00 -1.97160133362900e+02 
2.98317358892439e+00 1.33965186735947e+00 -1.98124026874483e+02 
2.98651047213348e+00 1.31610753558055e+00 -1.99074355934292e+02 
2.98984735534256e+00 1.29229319940010e+00 -2.00010764996441e+02 
2.99318423855165e+00 1.26821182993428e+00 -2.00932900604030e+02 
2.99652112176074e+00 1.24386655142641e+00 -2.01840411662370e+02 
2.99985800496983e+00 1.21926064102068e+00 -2.02732949713831e+02 
3.00319488817891e+00 1.19439752838186e+00 -2.03610169213984e+02 
3.00653177138800e+00 1.16928079515915e+00 -2.04471727808700e+02 
3.00986865459709e+00 1.14391417429248e+00 -2.05317286611855e+02 
3.01320553780618e+00 1.11830154916000e+00 -2.06146510483274e+02 
3.01654242101526e+00 1.09244695256547e+00 -2.06959068306576e+02 
3.01987930422435e+00 1.06635456556482e+00 -2.07754633266521e+02 
3.02321618743344e+00 1.04002871613108e+00 -2.08532883125512e+02 
3.02655307064253e+00 1.01347387765743e+00 -2.09293500498870e+02 
3.02988995385162e+00 9.86694667298282e-01 -2.10036173128494e+02 
3.03322683706070e+00 9.59695844148354e-01 -2.10760594154534e+02 
3.03656372026979e+00 9.32482307260444e-01 -2.11466462384698e+02 
3.03990060347888e+00 9.05059093502419e-01 -2.12153482560798e+02 
3.04323748668797e+00 8.77431375254469e-01 -2.12821365622152e+02 
3.04657436989705e+00 8.49604457947924e-01 -2.13469828965472e+02 
3.04991125310614e+00 8.21583777447132e-01 -2.14098596700846e+02 
3.05324813631523e+00 7.93374897276218e-01 -2.14707399903425e+02 
3.05658501952432e+00 7.64983505692920e-01 -2.15295976860469e+02 
3.05992190273340e+00 7.36415412611742e-01 -2.15864073313340e+02 
3.06325878594249e+00 7.07676546379254e-01 -2.16411442694107e+02 
3.06659566915158e+00 6.78772950404304e-01 -2.16937846356384e+02 
3.06993255236067e+00 6.49710779646497e-01 -2.17443053800046e+02 
3.07326943556976e+00 6.20496296966295e-01 -2.17926842889483e+02 
3.07660631877884e+00 5.91135869340565e-01 -2.18389000065036e+02 
3.07994320198793e+00 5.61635963947515e-01 -2.18829320547296e+02 
3.08328008519702e+00 5.32003144125246e-01 -2.19247608533940e+02 
3.08661696840611e+00 5.02244065208461e-01 -2.19643677388778e+02 
3.08995385161519e+00 4.72365470247996e-01 -2.20017349822731e+02 
3.09329073482428e+00 4.42374185618171e-01 -2.20368458066428e+02 
3.09662761803337e+00 4.12277116517083e-01 -2.20696844034155e+02 
3.09996450124246e+00 3.82081242365255e-01 -2.21002359478892e+02 
3.10330138445154e+00 3.51793612108239e-01 -2.21284866138173e+02 
3.10663826766063e+00 3.21421339428862e-01 -2.21544235870546e+02 
3.10997515086972e+00 2.90971597875177e-01 -2.21780350782393e+02 
3.11331203407881e+00 2.60451615910191e-01 -2.21993103344922e+02 
3.11664891728790e+00 2.29868671889589e-01 -2.22182396501116e+02 
3.11998580049698e+00 1.99230088973995e-01 -2.22348143762478e+02 
3.12332268370607e+00 1.68543229982241e-01 -2.22490269295406e+02 
3.12665956691516e+00 1.37815492192313e-01 -2.22608707997046e+02 
3.12999645012425e+00 1.07054302096834e-01 -2.22703405560522e+02 
3.13333333333333e+00 7.62671101198540e-02 -2.22774318529394e+02 
