Data Format: k_val_normalized w_real_normalized w_imag 
num_pts 690 
0.00000000000000e+00 -4.98198789034894e-17 -1.48245293535420e-14 
4.55205172186304e-03 4.55205172186307e-03 1.02300307357947e-14 
9.10410344372608e-03 9.10410344372609e-03 -1.06065941479842e-14 
1.36561551655891e-02 1.36561551655891e-02 5.27729361764761e-15 
1.82082068874522e-02 1.82082068874522e-02 -1.85042230642248e-14 
2.27602586093152e-02 2.27602586093153e-02 -1.92010124766095e-14 
2.73123103311783e-02 2.73123103311783e-02 -1.56307776173156e-14 
3.18643620530413e-02 3.18643620530413e-02 -4.66484692374961e-15 
3.64164137749043e-02 3.64164137749043e-02 -1.86159309681581e-14 
4.09684654967674e-02 4.09684654967674e-02 -8.19440776401299e-15 
4.55205172186304e-02 4.55205172186308e-02 -5.68213606322468e-14 
5.00725689404935e-02 5.00725689404933e-02 -1.97149620943621e-14 
5.46246206623565e-02 5.46246206623564e-02 -3.70404417176949e-14 
5.91766723842196e-02 5.91766723842199e-02 -3.23890392837720e-14 
6.37287241060826e-02 6.37287241060826e-02 -2.06413945538519e-14 
6.82807758279456e-02 6.82807758279458e-02 -2.03497740801436e-14 
7.28328275498087e-02 7.28328275498084e-02 -1.43402314600274e-14 
7.73848792716717e-02 7.73848792716712e-02 1.64864793257047e-14 
8.19369309935348e-02 8.19369309935348e-02 -3.57138260795304e-14 
8.64889827153978e-02 8.64889827153983e-02 -2.64180223503570e-14 
9.10410344372608e-02 9.10410344372605e-02 8.20156548927637e-15 
9.55930861591239e-02 9.55930861591234e-02 -7.10583493120338e-15 
1.00145137880987e-01 1.00145137880987e-01 -2.00187525636593e-14 
1.04697189602850e-01 1.04697189602850e-01 -6.78095863741846e-15 
1.09249241324713e-01 1.09249241324714e-01 -4.89424504960983e-14 
1.13801293046576e-01 1.13801293046576e-01 -3.10549452115522e-14 
1.18353344768439e-01 1.18353344768439e-01 1.40874001577747e-15 
1.22905396490302e-01 1.22905396490302e-01 -1.82852256640396e-14 
1.27457448212165e-01 1.27457448212165e-01 -2.29269670213928e-14 
1.32009499934028e-01 1.32009499934028e-01 7.31620930955354e-15 
1.36561551655891e-01 1.36561551655891e-01 -1.41107461922553e-14 
1.41113603377754e-01 1.41113603377754e-01 -2.20115837535911e-14 
1.45665655099617e-01 1.45665655099618e-01 -1.45661816226958e-14 
1.50217706821480e-01 1.50217706821480e-01 -4.28081727941895e-16 
1.54769758543343e-01 1.54769758543343e-01 -3.49162117997231e-15 
1.59321810265207e-01 1.59321810265206e-01 -1.12434721657202e-14 
1.63873861987070e-01 1.63873861987069e-01 -2.41746903596953e-14 
1.68425913708933e-01 1.68425913708932e-01 -3.62782494366685e-14 
1.72977965430796e-01 1.72977965430795e-01 -7.58400237573336e-14 
1.77530017152659e-01 1.77530017152657e-01 -6.26355348669495e-14 
1.82082068874522e-01 1.82082068874520e-01 -7.68374003272527e-14 
1.86634120596385e-01 1.86634120596383e-01 -1.17838560904599e-13 
1.91186172318248e-01 1.91186172318244e-01 -1.58756415587815e-13 
1.95738224040111e-01 1.95738224040106e-01 -1.95577672650487e-13 
2.00290275761974e-01 2.00290275761968e-01 -2.69342770266837e-13 
2.04842327483837e-01 2.04842327483829e-01 -3.33405572955385e-13 
2.09394379205700e-01 2.09394379205690e-01 -4.32471363023202e-13 
2.13946430927563e-01 2.13946430927550e-01 -5.84029886555472e-13 
2.18498482649426e-01 2.18498482649410e-01 -7.55037579399506e-13 
2.23050534371289e-01 2.23050534371268e-01 -9.64209190058120e-13 
2.27602586093152e-01 2.27602586093127e-01 -1.25259387340033e-12 
2.32154637815015e-01 2.32154637814983e-01 -1.62573106617753e-12 
2.36706689536878e-01 2.36706689536837e-01 -2.07934821763543e-12 
2.41258741258741e-01 2.41258741258691e-01 -2.66199150054365e-12 
2.45810792980604e-01 2.45810792980542e-01 -3.34133924193178e-12 
2.50362844702467e-01 2.50362844702389e-01 -4.23860655078213e-12 
2.54914896424330e-01 2.54914896424236e-01 -5.24512865942718e-12 
2.59466948146193e-01 2.59466948146078e-01 -6.54203724757381e-12 
2.64018999868056e-01 2.64018999867916e-01 -8.09621204044028e-12 
2.68571051589920e-01 2.68571051589749e-01 -9.98422607697022e-12 
2.73123103311783e-01 2.73123103311578e-01 -1.22733431685414e-11 
2.77675155033646e-01 2.77675155033399e-01 -1.49568101321527e-11 
2.82227206755509e-01 2.82227206755214e-01 -1.81881814598078e-11 
2.86779258477372e-01 2.86779258477019e-01 -2.20176939724294e-11 
2.91331310199235e-01 2.91331310198814e-01 -2.65035452666102e-11 
2.95883361921098e-01 2.95883361920599e-01 -3.17910583197771e-11 
3.00435413642961e-01 3.00435413642369e-01 -3.79797436091847e-11 
3.04987465364824e-01 3.04987465364125e-01 -4.51622081628453e-11 
3.09539517086687e-01 3.09539517085862e-01 -5.35127581163228e-11 
3.14091568808550e-01 3.14091568807577e-01 -6.31012067659042e-11 
3.18643620530413e-01 3.18643620529268e-01 -7.41595310171163e-11 
3.23195672252276e-01 3.23195672250931e-01 -8.67765008128786e-11 
3.27747723974139e-01 3.27747723972560e-01 -1.01172838087656e-10 
3.32299775696002e-01 3.32299775694149e-01 -1.17410798202481e-10 
3.36851827417865e-01 3.36851827415692e-01 -1.35829211579708e-10 
3.41403879139728e-01 3.41403879137181e-01 -1.56444470483303e-10 
3.45955930861591e-01 3.45955930858607e-01 -1.79554935122548e-10 
3.50507982583454e-01 3.50507982579957e-01 -2.05211957488794e-10 
3.55060034305317e-01 3.55060034301218e-01 -2.33685799787234e-10 
3.59612086027180e-01 3.59612086022373e-01 -2.65061196586928e-10 
3.64164137749043e-01 3.64164137743404e-01 -2.99442178404414e-10 
3.68716189470906e-01 3.68716189464288e-01 -3.36963182671126e-10 
3.73268241192769e-01 3.73268241184995e-01 -3.77686965387814e-10 
3.77820292914632e-01 3.77820292905495e-01 -4.21670657351384e-10 
3.82372344636496e-01 3.82372344625750e-01 -4.68767923894814e-10 
3.86924396358359e-01 3.86924396345714e-01 -5.18944634454832e-10 
3.91476448080222e-01 3.91476448065331e-01 -5.72102373431883e-10 
3.96028499802085e-01 3.96028499784541e-01 -6.27904177094935e-10 
4.00580551523948e-01 4.00580551503268e-01 -6.86071376001164e-10 
4.05132603245811e-01 4.05132603221424e-01 -7.46205184850135e-10 
4.09684654967674e-01 4.09684654938906e-01 -8.07685082835022e-10 
4.14236706689537e-01 4.14236706655594e-01 -8.69877149508559e-10 
4.18788758411400e-01 4.18788758371347e-01 -9.31983829546502e-10 
4.23340810133263e-01 4.23340810086003e-01 -9.93082397926248e-10 
4.27892861855126e-01 4.27892861799370e-01 -1.05206280940094e-09 
4.32444913576989e-01 4.32444913511227e-01 -1.10775499304415e-09 
4.36996965298852e-01 4.36996965221317e-01 -1.15887060062916e-09 
4.41549017020715e-01 4.41549016929349e-01 -1.20385543471735e-09 
4.46101068742578e-01 4.46101068634978e-01 -1.24118110337634e-09 
4.50653120464441e-01 4.50653120337814e-01 -1.26916436161929e-09 
4.55205172186304e-01 4.55205172037408e-01 -1.28611985030618e-09 
4.59757223908167e-01 4.59757223733243e-01 -1.29031274949626e-09 
4.64309275630030e-01 4.64309275424731e-01 -1.28015566342786e-09 
4.68861327351893e-01 4.68861327111201e-01 -1.25408581554563e-09 
4.73413379073756e-01 4.73413378791889e-01 -1.21087183016075e-09 
4.77965430795619e-01 4.77965430465926e-01 -1.14959742921346e-09 
4.82517482517482e-01 4.82517482132329e-01 -1.06992498481626e-09 
4.87069534239346e-01 4.87069533789982e-01 -9.72007611296922e-10 
4.91621585961209e-01 4.91621585437630e-01 -8.57158330996282e-10 
4.96173637683072e-01 4.96173637073855e-01 -7.27655780987352e-10 
5.00725689404935e-01 5.00725688697063e-01 -5.87350512820757e-10 
5.05277741126798e-01 5.05277740305464e-01 -4.41763595248677e-10 
5.09829792848661e-01 5.09829791897055e-01 -2.98701747059308e-10 
5.14381844570524e-01 5.14381843469593e-01 -1.68718467825574e-10 
5.18933896292387e-01 5.18933895020573e-01 -6.54266651549327e-11 
5.23485948014250e-01 5.23485946547208e-01 -6.45778129052093e-12 
5.28037999736113e-01 5.28037998046395e-01 -1.38241713132693e-11 
5.32590051457976e-01 5.32590049514688e-01 -1.15005849133284e-10 
5.37142103179839e-01 5.37142100948271e-01 -3.43775127047112e-10 
5.41694154901702e-01 5.41694152342918e-01 -7.41142794286248e-10 
5.46246206623565e-01 5.46246203693965e-01 -1.35672040317422e-09 
5.50798258345428e-01 5.50798254996266e-01 -2.24985892514903e-09 
5.55350310067291e-01 5.55350306244163e-01 -3.49126042628466e-09 
5.59902361789154e-01 5.59902357431436e-01 -5.16444672041827e-09 
5.64454413511017e-01 5.64454408551259e-01 -7.36778195737102e-09 
5.69006465232880e-01 5.69006459596164e-01 -1.02164076888168e-08 
5.73558516954743e-01 5.73558510557983e-01 -1.38445393444290e-08 
5.78110568676606e-01 5.78110561427802e-01 -1.84078983142958e-08 
5.82662620398469e-01 5.82662612195912e-01 -2.40865477905423e-08 
5.87214672120332e-01 5.87214662851748e-01 -3.10877931426273e-08 
5.91766723842196e-01 5.91766713383842e-01 -3.96498204961883e-08 
5.96318775564059e-01 5.96318763779759e-01 -5.00447563285687e-08 
6.00870827285922e-01 6.00870814026046e-01 -6.25832223735896e-08 
6.05422879007785e-01 6.05422864108159e-01 -7.76184571969902e-08 
6.09974930729648e-01 6.09974914010417e-01 -9.55508959066610e-08 
6.14526982451511e-01 6.14526963715935e-01 -1.16833507400017e-07 
6.19079034173374e-01 6.19079013206556e-01 -1.41977274477704e-07 
6.23631085895237e-01 6.23631062462800e-01 -1.71557178966865e-07 
6.28183137617100e-01 6.28183111463796e-01 -2.06218830023004e-07 
6.32735189338963e-01 6.32735160187217e-01 -2.46685273466882e-07 
6.37287241060826e-01 6.37287208609238e-01 -2.93764656611791e-07 
6.41839292782689e-01 6.41839256704459e-01 -3.48358374448390e-07 
6.46391344504552e-01 6.46391304445862e-01 -4.11469522428708e-07 
6.50943396226415e-01 6.50943351804757e-01 -4.84212399292478e-07 
6.55495447948278e-01 6.55495398750741e-01 -5.67822410042752e-07 
6.60047499670141e-01 6.60047445251639e-01 -6.63666320816804e-07 
6.64599551392004e-01 6.64599491273490e-01 -7.73253856151367e-07 
6.69151603113867e-01 6.69151536780501e-01 -8.98249526823685e-07 
6.73703654835730e-01 6.73703581735032e-01 -1.04048510611684e-06 
6.78255706557593e-01 6.78255626097581e-01 -1.20197318751045e-06 
6.82807758279456e-01 6.82807669826780e-01 -1.38492116932952e-06 
6.87359810001319e-01 6.87359712879407e-01 -1.59174628817993e-06 
6.91911861723182e-01 6.91911755210406e-01 -1.82509109018736e-06 
6.96463913445046e-01 6.96463796772911e-01 -2.08783996305521e-06 
7.01015965166909e-01 7.01015837518316e-01 -2.38313639335029e-06 
7.05568016888772e-01 7.05567877396322e-01 -2.71440079498259e-06 
7.10120068610635e-01 7.10119916355036e-01 -3.08534944589695e-06 
7.14672120332498e-01 7.14671954341066e-01 -3.50001395406736e-06 
7.19224172054361e-01 7.19223991299657e-01 -3.96276146781283e-06 
7.23776223776224e-01 7.23776027174833e-01 -4.47831596389356e-06 
7.28328275498087e-01 7.28328061909583e-01 -5.05177975294511e-06 
7.32880327219950e-01 7.32880095446053e-01 -5.68865608100672e-06 
7.37432378941813e-01 7.37432127725790e-01 -6.39487206764852e-06 
7.41984430663676e-01 7.41984158689998e-01 -7.17680269830233e-06 
7.46536482385539e-01 7.46536188279835e-01 -8.04129472644296e-06 
7.51088534107402e-01 7.51088216436750e-01 -8.99569157691535e-06 
7.55640585829265e-01 7.55640243102849e-01 -1.00478586436387e-05 
7.60192637551128e-01 7.60192268221304e-01 -1.12062086292431e-05 
7.64744689272991e-01 7.64744291736805e-01 -1.24797274047552e-05 
7.69296740994854e-01 7.69296313596047e-01 -1.38779999481832e-05 
7.73848792716717e-01 7.73848333748281e-01 -1.54112365557623e-05 
7.78400844438580e-01 7.78400352145880e-01 -1.70902984633968e-05 
7.82952896160443e-01 7.82952368744993e-01 -1.89267240445755e-05 
7.87504947882306e-01 7.87504383506221e-01 -2.09327538474177e-05 
7.92056999604169e-01 7.92056396395355e-01 -2.31213559535587e-05 
7.96609051326032e-01 7.96608407384165e-01 -2.55062502597698e-05 
8.01161103047896e-01 8.01160416451253e-01 -2.81019318689265e-05 
8.05713154769759e-01 8.05712423582948e-01 -3.09236937297116e-05 
8.10265206491621e-01 8.10264428774281e-01 -3.39876481995512e-05 
8.14817258213484e-01 8.14816432029985e-01 -3.73107466519835e-05 
8.19369309935348e-01 8.19368433365583e-01 -4.09107980933805e-05 
8.23921361657211e-01 8.23920432808526e-01 -4.48064850324027e-05 
8.28473413379074e-01 8.28472430399383e-01 -4.90173786775532e-05 
8.33025465100937e-01 8.33024426193096e-01 -5.35639500711898e-05 
8.37577516822800e-01 8.37576420260296e-01 -5.84675793950667e-05 
8.42129568544663e-01 8.42128412688666e-01 -6.37505625301779e-05 
8.46681620266526e-01 8.46680403584366e-01 -6.94361136492638e-05 
8.51233671988389e-01 8.51232393073512e-01 -7.55483647436206e-05 
8.55785723710252e-01 8.55784381303694e-01 -8.21123611673702e-05 
8.60337775432115e-01 8.60336368445566e-01 -8.91540523483755e-05 
8.64889827153978e-01 8.64888354694444e-01 -9.67002789918098e-05 
8.69441878875841e-01 8.69440340271971e-01 -1.04778754230091e-04 
8.73993930597704e-01 8.73992325427813e-01 -1.13418039851093e-04 
8.78545982319567e-01 8.78544310441372e-01 -1.22647517170326e-04 
8.83098034041430e-01 8.83096295623521e-01 -1.32497351152436e-04 
8.87650085763293e-01 8.87648281318373e-01 -1.42998448844122e-04 
8.92202137485156e-01 8.92200267905032e-01 -1.54182409921870e-04 
8.96754189207019e-01 8.96752255799354e-01 -1.66081471141858e-04 
9.01306240928882e-01 9.01304245455701e-01 -1.78728442363377e-04 
9.05858292650745e-01 9.05856237368659e-01 -1.92156634937964e-04 
9.10410344372608e-01 9.10408232074735e-01 -2.06399781399665e-04 
9.14962396094471e-01 9.14960230153985e-01 -2.21491946798251e-04 
9.19514447816335e-01 9.19512232231618e-01 -2.37467430711116e-04 
9.24066499538198e-01 9.24064238979479e-01 -2.54360659631990e-04 
9.28618551260061e-01 9.28616251117473e-01 -2.72206069912305e-04 
9.33170602981924e-01 9.33168269414864e-01 -2.91037980404632e-04 
9.37722654703787e-01 9.37720294691456e-01 -3.10890454349730e-04 
9.42274706425650e-01 9.42272327818610e-01 -3.31797151291038e-04 
9.46826758147513e-01 9.46824369720113e-01 -3.53791167720827e-04 
9.51378809869376e-01 9.51376421372834e-01 -3.76904866518059e-04 
9.55930861591239e-01 9.55928483807197e-01 -4.01169695061079e-04 
9.60482913313102e-01 9.60480558107377e-01 -4.26615992201748e-04 
9.65034965034965e-01 9.65032645411261e-01 -4.53272783571847e-04 
9.69587016756828e-01 9.69584746910102e-01 -4.81167565527133e-04 
9.74139068478691e-01 9.74136863847871e-01 -5.10326077043368e-04 
9.78691120200554e-01 9.78688997520220e-01 -5.40772060928681e-04 
9.83243171922417e-01 9.83241149273110e-01 -5.72527013198486e-04 
9.87795223644280e-01 9.87793320500997e-01 -6.05609921657111e-04 
9.92347275366143e-01 9.92345512644568e-01 -6.40036993347157e-04 
9.96899327088006e-01 9.96897727188015e-01 -6.75821372159901e-04 
1.00145137880987e+00 1.00144996565577e+00 -7.12972845858313e-04 
1.00600343053173e+00 1.00600222960869e+00 -7.51497544177982e-04 
1.01055548225360e+00 1.01055452063965e+00 -7.91397627742346e-04 
1.01510753397546e+00 1.01510684036853e+00 -8.32670969159093e-04 
1.01965958569732e+00 1.01965919043643e+00 -8.75310827138833e-04 
1.02421163741918e+00 1.02421157249931e+00 -9.19305513994928e-04 
1.02876368914105e+00 1.02876398822077e+00 -9.64638058171382e-04 
1.03331574086291e+00 1.03331643926406e+00 -1.01128586348478e-03 
1.03786779258477e+00 1.03786892728325e+00 -1.05922036448729e-03 
1.04241984430664e+00 1.04242145391352e+00 -1.10840668257808e-03 
1.04697189602850e+00 1.04697402076050e+00 -1.15880328125532e-03 
1.05152394775036e+00 1.05152662938864e+00 -1.21036162445389e-03 
1.05607599947223e+00 1.05607928130858e+00 -1.26302583957791e-03 
1.06062805119409e+00 1.06063197796342e+00 -1.31673238604606e-03 
1.06518010291595e+00 1.06518472071392e+00 -1.37140973402587e-03 
1.06973215463781e+00 1.06973751082252e+00 -1.42697805329794e-03 
1.07428420635968e+00 1.07429034943615e+00 -1.48334891659703e-03 
1.07883625808154e+00 1.07884323756790e+00 -1.54042501994388e-03 
1.08338830980340e+00 1.08339617607725e+00 -1.59809992245490e-03 
1.08794036152527e+00 1.08794916564916e+00 -1.65625780945929e-03 
1.09249241324713e+00 1.09250220677166e+00 -1.71477328220763e-03 
1.09704446496899e+00 1.09705529971214e+00 -1.77351117795979e-03 
1.10159651669086e+00 1.10160844449220e+00 -1.83232642364576e-03 
1.10614856841272e+00 1.10616164086099e+00 -1.89106392834791e-03 
1.11070062013458e+00 1.11071488826718e+00 -1.94955851799946e-03 
1.11525267185645e+00 1.11526818582930e+00 -2.00763491707806e-03 
1.11980472357831e+00 1.11982153230466e+00 -2.06510778215346e-03 
1.12435677530017e+00 1.12437492605664e+00 -2.12178179219257e-03 
1.12890882702203e+00 1.12892836502048e+00 -2.17745180082600e-03 
1.13346087874390e+00 1.13348184666747e+00 -2.23190305611532e-03 
1.13801293046576e+00 1.13803536796763e+00 -2.28491149281148e-03 
1.14256498218762e+00 1.14258892535076e+00 -2.33624410435138e-03 
1.14711703390949e+00 1.14714251466596e+00 -2.38565939912393e-03 
1.15166908563135e+00 1.15169613113964e+00 -2.43290794778159e-03 
1.15622113735321e+00 1.15624976933202e+00 -2.47773302940438e-03 
1.16077318907508e+00 1.16080342309205e+00 -2.51987138034344e-03 
1.16532524079694e+00 1.16535708551107e+00 -2.55905405565900e-03 
1.16987729251880e+00 1.16991074887490e+00 -2.59500740791854e-03 
1.17442934424066e+00 1.17446440461470e+00 -2.62745419182484e-03 
1.17898139596253e+00 1.17901804325657e+00 -2.65611480104317e-03 
1.18353344768439e+00 1.18357165436986e+00 -2.68070864548831e-03 
1.18808549940625e+00 1.18812522651453e+00 -2.70095567612749e-03 
1.19263755112812e+00 1.19267874718740e+00 -2.71657806474385e-03 
1.19718960284998e+00 1.19723220276759e+00 -2.72730204658879e-03 
1.20174165457184e+00 1.20178557846115e+00 -2.73285993335464e-03 
1.20629370629371e+00 1.20633885824517e+00 -2.73299230475201e-03 
1.21084575801557e+00 1.21089202481131e+00 -2.72745038493411e-03 
1.21539780973743e+00 1.21544505950916e+00 -2.71599861251276e-03 
1.21994986145930e+00 1.21999794228944e+00 -2.69841741113385e-03 
1.22450191318116e+00 1.22455065164727e+00 -2.67450616749993e-03 
1.22905396490302e+00 1.22910316456584e+00 -2.64408642417975e-03 
1.23360601662488e+00 1.23365545646055e+00 -2.60700529350787e-03 
1.23815806834675e+00 1.23820750112397e+00 -2.56313909984248e-03 
1.24271012006861e+00 1.24275927067188e+00 -2.51239725417641e-03 
1.24726217179047e+00 1.24731073549061e+00 -2.45472636929523e-03 
1.25181422351234e+00 1.25186186418606e+00 -2.39011461792210e-03 
1.25636627523420e+00 1.25641262353469e+00 -2.31859634007486e-03 
1.26091832695606e+00 1.26096297843672e+00 -2.24025690189359e-03 
1.26547037867793e+00 1.26551289187207e+00 -2.15523781026774e-03 
1.27002243039979e+00 1.27006232485926e+00 -2.06374208452632e-03 
1.27457448212165e+00 1.27461123641768e+00 -1.96603988613583e-03 
1.27912653384351e+00 1.27915958353366e+00 -1.86247440817104e-03 
1.28367858556538e+00 1.28370732113075e+00 -1.75346802190320e-03 
1.28823063728724e+00 1.28825440204458e+00 -1.63952867969927e-03 
1.29278268900910e+00 1.29280077700275e+00 -1.52125657083961e-03 
1.29733474073097e+00 1.29734639461024e+00 -1.39935102528554e-03 
1.30188679245283e+00 1.30189120134077e+00 -1.27461765984497e-03 
1.30643884417469e+00 1.30643514153445e+00 -1.14797575956691e-03 
1.31099089589656e+00 1.31097815740237e+00 -1.02046588427203e-03 
1.31554294761842e+00 1.31552018903851e+00 -8.93257691162457e-04 
1.32009499934028e+00 1.32006117443929e+00 -7.67657959918640e-04 
1.32464705106215e+00 1.32460104953144e+00 -6.45118806884493e-04 
1.32919910278401e+00 1.32913974820852e+00 -5.27246072037728e-04 
1.33375115450587e+00 1.33367720237649e+00 -4.15807861813712e-04 
1.33830320622773e+00 1.33821334200879e+00 -3.12743227078154e-04 
1.34285525794960e+00 1.34274809521134e+00 -2.20170956078753e-04 
1.34740730967146e+00 1.34728138829788e+00 -1.40398457652217e-04 
1.35195936139332e+00 1.35181314587578e+00 -7.59307115092811e-05 
1.35651141311519e+00 1.35634329094298e+00 -2.94792560821622e-05 
1.36106346483705e+00 1.36087174499600e+00 -3.97118765489322e-06 
1.36561551655891e+00 1.36539842814952e+00 -2.55813846614505e-06 
1.37016756828078e+00 1.36992325926757e+00 -2.86252032393597e-05 
1.37471962000264e+00 1.37444615610650e+00 -8.57997798056027e-05 
1.37927167172450e+00 1.37896703546990e+00 -1.77960289093445e-04 
1.38382372344636e+00 1.38348581337539e+00 -3.09244738622783e-04 
1.38837577516823e+00 1.38800240523335e+00 -4.84059093463228e-04 
1.39292782689009e+00 1.39251672603744e+00 -7.07085414827948e-04 
1.39747987861195e+00 1.39702869056675e+00 -9.83289730596423e-04 
1.40203193033382e+00 1.40153821359938e+00 -1.31792959753383e-03 
1.40658398205568e+00 1.40604521013709e+00 -1.71656131719672e-03 
1.41113603377754e+00 1.41054959564074e+00 -2.18504676733911e-03 
1.41568808549941e+00 1.41505128627588e+00 -2.72955981169602e-03 
1.42024013722127e+00 1.41955019916821e+00 -3.35659225010600e-03 
1.42479218894313e+00 1.42404625266799e+00 -4.07295927508994e-03 
1.42934424066500e+00 1.42853936662305e+00 -4.88580439886232e-03 
1.43389629238686e+00 1.43302946265931e+00 -5.80260382210857e-03 
1.43844834410872e+00 1.43751646446826e+00 -6.83117021007946e-03 
1.44300039583058e+00 1.44200029810031e+00 -7.97965585299615e-03 
1.44755244755245e+00 1.44648089226310e+00 -9.25655518495668e-03 
1.45210449927431e+00 1.45095817862386e+00 -1.06707066380516e-02 
1.45665655099617e+00 1.45543209211455e+00 -1.22312938177954e-02 
1.46120860271804e+00 1.45990257123879e+00 -1.39478459831124e-02 
1.46576065443990e+00 1.46436955837953e+00 -1.58302378214254e-02 
1.47031270616176e+00 1.46883300010594e+00 -1.78886885135318e-02 
1.47486475788363e+00 1.47329284747877e+00 -2.01337600862893e-02 
1.47941680960549e+00 1.47774905635254e+00 -2.25763550553556e-02 
1.48396886132735e+00 1.48220158767368e+00 -2.52277133669159e-02 
1.48852091304921e+00 1.48665040777320e+00 -2.80994086474749e-02 
1.49307296477108e+00 1.49109548865281e+00 -3.12033437814703e-02 
1.49762501649294e+00 1.49553680826331e+00 -3.45517458345770e-02 
1.50217706821480e+00 1.49997435077410e+00 -3.81571603490196e-02 
1.50672911993667e+00 1.50440810683277e+00 -4.20324450402087e-02 
1.51128117165853e+00 1.50883807381379e+00 -4.61907629279968e-02 
1.51583322338039e+00 1.51326425605524e+00 -5.06455749385954e-02 
1.52038527510226e+00 1.51768666508282e+00 -5.54106320182640e-02 
1.52493732682412e+00 1.52210531982028e+00 -6.04999668028551e-02 
1.52948937854598e+00 1.52652024678563e+00 -6.59278848872559e-02 
1.53404143026785e+00 1.53093148027238e+00 -7.17089557459443e-02 
1.53859348198971e+00 1.53533906251542e+00 -7.78580033527899e-02 
1.54314553371157e+00 1.53974304384117e+00 -8.43900965537264e-02 
1.54769758543343e+00 1.54414348280140e+00 -9.13205392443797e-02 
1.55224963715530e+00 1.54854044629090e+00 -9.86648604071200e-02 
1.55680168887716e+00 1.55293400964863e+00 -1.06438804060535e-01 
1.56135374059902e+00 1.55732425674233e+00 -1.14658319176022e-01 
1.56590579232089e+00 1.56171128003695e+00 -1.23339549613355e-01 
1.57045784404275e+00 1.56609518064674e+00 -1.32498824127942e-01 
1.57500989576461e+00 1.57047606837161e+00 -1.42152646500513e-01 
1.57956194748648e+00 1.57485406171795e+00 -1.52317685836419e-01 
1.58411399920834e+00 1.57922928790438e+00 -1.63010767082201e-01 
1.58866605093020e+00 1.58360188285310e+00 -1.74248861803121e-01 
1.59321810265206e+00 1.58797199116734e+00 -1.86049079263094e-01 
1.59777015437393e+00 1.59233976609559e+00 -1.98428657844225e-01 
1.60232220609579e+00 1.59670536948343e+00 -2.11404956842964e-01 
1.60687425781765e+00 1.60106897171364e+00 -2.24995448672846e-01 
1.61142630953952e+00 1.60543075163552e+00 -2.39217711503155e-01 
1.61597836126138e+00 1.60979089648416e+00 -2.54089422358769e-01 
1.62053041298324e+00 1.61414960179064e+00 -2.69628350701724e-01 
1.62508246470511e+00 1.61850707128403e+00 -2.85852352512247e-01 
1.62963451642697e+00 1.62286351678611e+00 -3.02779364884994e-01 
1.63418656814883e+00 1.62721915809964e+00 -3.20427401149623e-01 
1.63873861987070e+00 1.63157422289127e+00 -3.38814546523839e-01 
1.64329067159256e+00 1.63592894656978e+00 -3.57958954303694e-01 
1.64784272331442e+00 1.64028357216074e+00 -3.77878842590885e-01 
1.65239477503628e+00 1.64463835017825e+00 -3.98592491556830e-01 
1.65694682675815e+00 1.64899353849476e+00 -4.20118241236413e-01 
1.66149887848001e+00 1.65334940220972e+00 -4.42474489847067e-01 
1.66605093020187e+00 1.65770621351774e+00 -4.65679692619760e-01 
1.67060298192374e+00 1.66206425157722e+00 -4.89752361133182e-01 
1.67515503364560e+00 1.66642380237987e+00 -5.14711063134510e-01 
1.67970708536746e+00 1.67078515862194e+00 -5.40574422831608e-01 
1.68425913708933e+00 1.67514861957778e+00 -5.67361121638412e-01 
1.68881118881119e+00 1.67951449097617e+00 -5.95089899355987e-01 
1.69336324053305e+00 1.68388308487999e+00 -6.23779555766016e-01 
1.69791529225491e+00 1.68825471956975e+00 -6.53448952617327e-01 
1.70246734397678e+00 1.69262971943129e+00 -6.84117015982158e-01 
1.70701939569864e+00 1.69700841484812e+00 -7.15802738959465e-01 
1.71157144742050e+00 1.70139114209862e+00 -7.48525184700620e-01 
1.71612349914237e+00 1.70577824325841e+00 -7.82303489733508e-01 
1.72067555086423e+00 1.71017006610823e+00 -8.17156867562147e-01 
1.72522760258609e+00 1.71456696404727e+00 -8.53104612514491e-01 
1.72977965430796e+00 1.71896929601232e+00 -8.90166103816920e-01 
1.73433170602982e+00 1.72337742640268e+00 -9.28360809867397e-01 
1.73888375775168e+00 1.72779172501100e+00 -9.67708292687025e-01 
1.74343580947355e+00 1.73221256695990e+00 -1.00822821252257e+00 
1.74798786119541e+00 1.73664033264460e+00 -1.04994033257835e+00 
1.75253991291727e+00 1.74107540768115e+00 -1.09286452385373e+00 
1.75709196463913e+00 1.74551818286053e+00 -1.13702077006424e+00 
1.76164401636100e+00 1.74996905410813e+00 -1.18242917262303e+00 
1.76619606808286e+00 1.75442842244880e+00 -1.22910995566353e+00 
1.77074811980472e+00 1.75889669397693e+00 -1.27708347108047e+00 
1.77530017152659e+00 1.76337427983155e+00 -1.32637020357171e+00 
1.77985222324845e+00 1.76786159617614e+00 -1.37699077565958e+00 
1.78440427497031e+00 1.77235906418284e+00 -1.42896595267653e+00 
1.78895632669218e+00 1.77686711002070e+00 -1.48231664769468e+00 
1.79350837841404e+00 1.78138616484778e+00 -1.53706392638564e+00 
1.79806043013590e+00 1.78591666480653e+00 -1.59322901179432e+00 
1.80261248185776e+00 1.79045905102224e+00 -1.65083328901224e+00 
1.80716453357963e+00 1.79501376960405e+00 -1.70989830973751e+00 
1.81171658530149e+00 1.79958127164809e+00 -1.77044579670928e+00 
1.81626863702335e+00 1.80416201324230e+00 -1.83249764800592e+00 
1.82082068874522e+00 1.80875645547255e+00 -1.89607594119651e+00 
1.82537274046708e+00 1.81336506442933e+00 -1.96120293733821e+00 
1.82992479218894e+00 1.81798831121474e+00 -2.02790108481025e+00 
1.83447684391081e+00 1.82262667194916e+00 -2.09619302298093e+00 
1.83902889563267e+00 1.82728062777689e+00 -2.16610158570140e+00 
1.84358094735453e+00 1.83195066487054e+00 -2.23764980462259e+00 
1.84813299907640e+00 1.83663727443322e+00 -2.31086091233527e+00 
1.85268505079826e+00 1.84134095269816e+00 -2.38575834533158e+00 
1.85723710252012e+00 1.84606220092511e+00 -2.46236574678930e+00 
1.86178915424198e+00 1.85080152539284e+00 -2.54070696918327e+00 
1.86634120596385e+00 1.85555943738725e+00 -2.62080607672632e+00 
1.87089325768571e+00 1.86033645318421e+00 -2.70268734764804e+00 
1.87544530940757e+00 1.86513309402681e+00 -2.78637527631943e+00 
1.87999736112944e+00 1.86994988609612e+00 -2.87189457523133e+00 
1.88454941285130e+00 1.87478736047500e+00 -2.95927017684218e+00 
1.88910146457316e+00 1.87964605310408e+00 -3.04852723530520e+00 
1.89365351629503e+00 1.88452650472966e+00 -3.13969112809449e+00 
1.89820556801689e+00 1.88942926084248e+00 -3.23278745754470e+00 
1.90275761973875e+00 1.89435487160705e+00 -3.32784205232704e+00 
1.90730967146061e+00 1.89930389178084e+00 -3.42488096888161e+00 
1.91186172318248e+00 1.90427688062268e+00 -3.52393049283106e+00 
1.91641377490434e+00 1.90927440178996e+00 -3.62501714040235e+00 
1.92096582662620e+00 1.91429702322390e+00 -3.72816765988318e+00 
1.92551787834807e+00 1.91934531702271e+00 -3.83340903314467e+00 
1.93006993006993e+00 1.92441985930170e+00 -3.94076847726131e+00 
1.93462198179179e+00 1.92952123004040e+00 -4.05027344626384e+00 
1.93917403351366e+00 1.93465001291596e+00 -4.16195163305781e+00 
1.94372608523552e+00 1.93980679512269e+00 -4.27583097154797e+00 
1.94827813695738e+00 1.94499216717730e+00 -4.39193963900531e+00 
1.95283018867924e+00 1.95020672270975e+00 -4.51030605871881e+00 
1.95738224040111e+00 1.95545105823946e+00 -4.63095890296978e+00 
1.96193429212297e+00 1.96072577293673e+00 -4.75392709637595e+00 
1.96648634384483e+00 1.96603146836944e+00 -4.87923981964128e+00 
1.97103839556670e+00 1.97136874823496e+00 -5.00692651376319e+00 
1.97559044728856e+00 1.97673821807736e+00 -5.13701688473204e+00 
1.98014249901042e+00 1.98214048499018e+00 -5.26954090877305e+00 
1.98469455073229e+00 1.98757615730487e+00 -5.40452883816928e+00 
1.98924660245415e+00 1.99304584426532e+00 -5.54201120771010e+00 
1.99379865417601e+00 1.99855015568877e+00 -5.68201884180432e+00 
1.99835070589788e+00 2.00408970161368e+00 -5.82458286230029e+00 
2.00290275761974e+00 2.00966509193497e+00 -5.96973469704782e+00 
2.00745480934160e+00 2.01527693602725e+00 -6.11750608923973e+00 
2.01200686106346e+00 2.02092584235680e+00 -6.26792910756663e+00 
2.01655891278533e+00 2.02661241808291e+00 -6.42103615721267e+00 
2.02111096450719e+00 2.03233726864939e+00 -6.57685999172430e+00 
2.02566301622905e+00 2.03810099736707e+00 -6.73543372577174e+00 
2.03021506795092e+00 2.04390420498825e+00 -6.89679084882673e+00 
2.03476711967278e+00 2.04974748927384e+00 -7.06096523977059e+00 
2.03931917139464e+00 2.05563144455427e+00 -7.22799118244852e+00 
2.04387122311651e+00 2.06155666128502e+00 -7.39790338217324e+00 
2.04842327483837e+00 2.06752372559781e+00 -7.57073698318616e+00 
2.05297532656023e+00 2.07353321884834e+00 -7.74652758707319e+00 
2.05752737828210e+00 2.07958571716153e+00 -7.92531127212872e+00 
2.06207943000396e+00 2.08568179097529e+00 -8.10712461365877e+00 
2.06663148172582e+00 2.09182200458352e+00 -8.29200470520880e+00 
2.07118353344768e+00 2.09800691567942e+00 -8.47998918069459e+00 
2.07573558516955e+00 2.10423707489969e+00 -8.67111623741497e+00 
2.08028763689141e+00 2.11051302537052e+00 -8.86542465991555e+00 
2.08483968861327e+00 2.11683530225601e+00 -9.06295384467415e+00 
2.08939174033514e+00 2.12320443230952e+00 -9.26374382556883e+00 
2.09394379205700e+00 2.12962093342853e+00 -9.46783530009109e+00 
2.09849584377886e+00 2.13608531421343e+00 -9.67526965626168e+00 
2.10304789550073e+00 2.14259807353050e+00 -9.88608900020050e+00 
2.10759994722259e+00 2.14915970007930e+00 -1.01003361843073e+01 
2.11215199894445e+00 2.15577067196460e+00 -1.03180548359988e+01 
2.11670405066631e+00 2.16243145627275e+00 -1.05392893869529e+01 
2.12125610238818e+00 2.16914250865239e+00 -1.07640851028059e+01 
2.12580815411004e+00 2.17590427289931e+00 -1.09924881132488e+01 
2.13036020583190e+00 2.18271718054500e+00 -1.12245454424719e+01 
2.13491225755377e+00 2.18958165044844e+00 -1.14603050398953e+01 
2.13946430927563e+00 2.19649808839054e+00 -1.16998158111418e+01 
2.14401636099749e+00 2.20346688667051e+00 -1.19431276491906e+01 
2.14856841271936e+00 2.21048842370339e+00 -1.21902914656648e+01 
2.15312046444122e+00 2.21756306361774e+00 -1.24413592221993e+01 
2.15767251616308e+00 2.22469115585252e+00 -1.26963839618419e+01 
2.16222456788494e+00 2.23187303475216e+00 -1.29554198404389e+01 
2.16677661960681e+00 2.23910901915847e+00 -1.32185221579628e+01 
2.17132867132867e+00 2.24639941199815e+00 -1.34857473897347e+01 
2.17588072305053e+00 2.25374449986480e+00 -1.37571532175079e+01 
2.18043277477240e+00 2.26114455259370e+00 -1.40327985603679e+01 
2.18498482649426e+00 2.26859982282813e+00 -1.43127436054188e+01 
2.18953687821612e+00 2.27611054557577e+00 -1.45970498382205e+01 
2.19408892993799e+00 2.28367693775344e+00 -1.48857800729479e+01 
2.19864098165985e+00 2.29129919771888e+00 -1.51789984822442e+01 
2.20319303338171e+00 2.29897750478771e+00 -1.54767706267408e+01 
2.20774508510358e+00 2.30671201873425e+00 -1.57791634842253e+01 
2.21229713682544e+00 2.31450287927430e+00 -1.60862454784316e+01 
2.21684918854730e+00 2.32235020552854e+00 -1.63980865074351e+01 
2.22140124026916e+00 2.33025409546461e+00 -1.67147579716357e+01 
2.22595329199103e+00 2.33821462531657e+00 -1.70363328013113e+01 
2.23050534371289e+00 2.34623184897986e+00 -1.73628854837280e+01 
2.23505739543475e+00 2.35430579738037e+00 -1.76944920897923e+01 
2.23960944715662e+00 2.36243647781581e+00 -1.80312303002306e+01 
2.24416149887848e+00 2.37062387326808e+00 -1.83731794312859e+01 
2.24871355060034e+00 2.37886794168487e+00 -1.87204204599165e+01 
2.25326560232221e+00 2.38716861522903e+00 -1.90730360484830e+01 
2.25781765404407e+00 2.39552579949431e+00 -1.94311105689132e+01 
2.26236970576593e+00 2.40393937268591e+00 -1.97947301263271e+01 
2.26692175748780e+00 2.41240918476430e+00 -2.01639825821068e+01 
2.27147380920966e+00 2.42093505655114e+00 -2.05389575763984e+01 
2.27602586093152e+00 2.42951677879567e+00 -2.09197465500209e+01 
2.28057791265338e+00 2.43815411120037e+00 -2.13064427657686e+01 
2.28512996437525e+00 2.44684678140439e+00 -2.16991413290792e+01 
2.28968201609711e+00 2.45559448392371e+00 -2.20979392080466e+01 
2.29423406781897e+00 2.46439687904636e+00 -2.25029352527480e+01 
2.29878611954084e+00 2.47325359168184e+00 -2.29142302138564e+01 
2.30333817126270e+00 2.48216421016335e+00 -2.33319267605052e+01 
2.30789022298456e+00 2.49112828500141e+00 -2.37561294973667e+01 
2.31244227470643e+00 2.50014532758816e+00 -2.41869449809072e+01 
2.31699432642829e+00 2.50921480885078e+00 -2.46244817347676e+01 
2.32154637815015e+00 2.51833615785313e+00 -2.50688502642330e+01 
2.32609842987201e+00 2.52750876034441e+00 -2.55201630697248e+01 
2.33065048159388e+00 2.53673195725381e+00 -2.59785346592729e+01 
2.33520253331574e+00 2.54600504313016e+00 -2.64440815598946e+01 
2.33975458503760e+00 2.55532726452541e+00 -2.69169223278240e+01 
2.34430663675947e+00 2.56469781832115e+00 -2.73971775575142e+01 
2.34885868848133e+00 2.57411584999707e+00 -2.78849698893426e+01 
2.35341074020319e+00 2.58358045184054e+00 -2.83804240159338e+01 
2.35796279192506e+00 2.59309066109629e+00 -2.88836666870183e+01 
2.36251484364692e+00 2.60264545805552e+00 -2.93948267127297e+01 
2.36706689536878e+00 2.61224376408344e+00 -2.99140349652515e+01 
2.37161894709065e+00 2.62188443958473e+00 -3.04414243787040e+01 
2.37617099881251e+00 2.63156628190591e+00 -3.09771299471653e+01 
2.38072305053437e+00 2.64128802317413e+00 -3.15212887207121e+01 
2.38527510225623e+00 2.65104832807181e+00 -3.20740397993612e+01 
2.38982715397810e+00 2.66084579154646e+00 -3.26355243247802e+01 
2.39437920569996e+00 2.67067893645528e+00 -3.32058854696414e+01 
2.39893125742182e+00 2.68054621114415e+00 -3.37852684244726e+01 
2.40348330914369e+00 2.69044598696060e+00 -3.43738203818650e+01 
2.40803536086555e+00 2.70037655570068e+00 -3.49716905178826e+01 
2.41258741258741e+00 2.71033612698940e+00 -3.55790299705138e+01 
2.41713946430928e+00 2.72032282559492e+00 -3.61959918150047e+01 
2.42169151603114e+00 2.73033468867632e+00 -3.68227310358916e+01 
2.42624356775300e+00 2.74036966296543e+00 -3.74594044955695e+01 
2.43079561947486e+00 2.75042560188277e+00 -3.81061708991940e+01 
2.43534767119673e+00 2.76050026258827e+00 -3.87631907557363e+01 
2.43989972291859e+00 2.77059130296735e+00 -3.94306263349883e+01 
2.44445177464045e+00 2.78069627855306e+00 -4.01086416203095e+01 
2.44900382636232e+00 2.79081263938533e+00 -4.07974022569087e+01 
2.45355587808418e+00 2.80093772680849e+00 -4.14970754954351e+01 
2.45810792980604e+00 2.81106877020832e+00 -4.22078301306603e+01 
2.46265998152791e+00 2.82120288369029e+00 -4.29298364350143e+01 
2.46721203324977e+00 2.83133706270069e+00 -4.36632660867384e+01 
2.47176408497163e+00 2.84146818059282e+00 -4.44082920924143e+01 
2.47631613669349e+00 2.85159298514033e+00 -4.51650887036143e+01 
2.48086818841536e+00 2.86170809500048e+00 -4.59338313274253e+01 
2.48542024013722e+00 2.87180999613002e+00 -4.67146964305772e+01 
2.48997229185908e+00 2.88189503815697e+00 -4.75078614369189e+01 
2.49452434358095e+00 2.89195943071153e+00 -4.83135046179650e+01 
2.49907639530281e+00 2.90199923972041e+00 -4.91318049762477e+01 
2.50362844702467e+00 2.91201038366808e+00 -4.99629421211907e+01 
2.50818049874654e+00 2.92198862983009e+00 -5.08070961372259e+01 
2.51273255046840e+00 2.93192959048300e+00 -5.16644474438743e+01 
2.51728460219026e+00 2.94182871909646e+00 -5.25351766475034e+01 
2.52183665391213e+00 2.95168130651294e+00 -5.34194643844783e+01 
2.52638870563399e+00 2.96148247712162e+00 -5.43174911554208e+01 
2.53094075735585e+00 2.97122718503279e+00 -5.52294371502910e+01 
2.53549280907771e+00 2.98091021026010e+00 -5.61554820640114e+01 
2.54004486079958e+00 2.99052615491802e+00 -5.70958049023490e+01 
2.54459691252144e+00 3.00006943944291e+00 -5.80505837777856e+01 
2.54914896424330e+00 3.00953429884611e+00 -5.90199956950963e+01 
2.55370101596517e+00 3.01891477900814e+00 -6.00042163263780e+01 
2.55825306768703e+00 3.02820473302413e+00 -6.10034197752657e+01 
2.56280511940889e+00 3.03739781761023e+00 -6.20177783300898e+01 
2.56735717113076e+00 3.04648748958208e+00 -6.30474622057317e+01 
2.57190922285262e+00 3.05546700241693e+00 -6.40926392739541e+01 
2.57646127457448e+00 3.06432940291100e+00 -6.51534747819918e+01 
2.58101332629635e+00 3.07306752794508e+00 -6.62301310592023e+01 
2.58556537801821e+00 3.08167400137127e+00 -6.73227672115952e+01 
2.59011742974007e+00 3.09014123103495e+00 -6.84315388040827e+01 
2.59466948146193e+00 3.09846140594605e+00 -6.95565975302999e+01 
2.59922153318380e+00 3.10662649361493e+00 -7.06980908698866e+01 
2.60377358490566e+00 3.11462823756832e+00 -7.18561617331265e+01 
2.60832563662752e+00 3.12245815506150e+00 -7.30309480928899e+01 
2.61287768834939e+00 3.13010753500362e+00 -7.42225826038280e+01 
2.61742974007125e+00 3.13756743611325e+00 -7.54311922088242e+01 
2.62198179179311e+00 3.14482868532239e+00 -7.66568977327293e+01 
2.62653384351498e+00 3.15188187644697e+00 -7.78998134634405e+01 
2.63108589523684e+00 3.15871736914309e+00 -7.91600467204354e+01 
2.63563794695870e+00 3.16532528816805e+00 -8.04376974109020e+01 
2.64018999868056e+00 3.17169552296623e+00 -8.17328575736519e+01 
2.64474205040243e+00 3.17781772760003e+00 -8.30456109110598e+01 
2.64929410212429e+00 3.18368132104619e+00 -8.43760323093056e+01 
2.65384615384615e+00 3.18927548787865e+00 -8.57241873472561e+01 
2.65839820556802e+00 3.19458917935896e+00 -8.70901317943780e+01 
2.66295025728988e+00 3.19961111495565e+00 -8.84739110981238e+01 
2.66750230901174e+00 3.20432978431380e+00 -8.98755598612887e+01 
2.67205436073361e+00 3.20873344969682e+00 -9.12951013099109e+01 
2.67660641245547e+00 3.21281014892142e+00 -9.27325467523261e+01 
2.68115846417733e+00 3.21654769880770e+00 -9.41878950300776e+01 
2.68571051589920e+00 3.21993369916545e+00 -9.56611319614231e+01 
2.69026256762106e+00 3.22295553733762e+00 -9.71522297782710e+01 
2.69481461934292e+00 3.22560039332200e+00 -9.86611465574230e+01 
2.69936667106478e+00 3.22785524549089e+00 -1.00187825647094e+02 
2.70391872278665e+00 3.22970687692901e+00 -1.01732195089729e+02 
2.70847077450851e+00 3.23114188240827e+00 -1.03294167042230e+02 
2.71302282623037e+00 3.23214667601803e+00 -1.04873637194742e+02 
2.71757487795224e+00 3.23270749946809e+00 -1.06470484189280e+02 
2.72212692967410e+00 3.23281043108092e+00 -1.08084569039469e+02 
2.72667898139596e+00 3.23244139548855e+00 -1.09715734552817e+02 
2.73123103311783e+00 3.23158617404797e+00 -1.11363804756960e+02 
2.73578308483969e+00 3.23023041598804e+00 -1.13028584331406e+02 
2.74033513656155e+00 3.22835965029910e+00 -1.14709858046380e+02 
2.74488718828341e+00 3.22595929837464e+00 -1.16407390210403e+02 
2.74943924000528e+00 3.22301468741331e+00 -1.18120924128346e+02 
2.75399129172714e+00 3.21951106458700e+00 -1.19850181571726e+02 
2.75854334344900e+00 3.21543361197913e+00 -1.21594862263066e+02 
2.76309539517087e+00 3.21076746229517e+00 -1.23354643376229e+02 
2.76764744689273e+00 3.20549771534465e+00 -1.25129179054627e+02 
2.77219949861459e+00 3.19960945529256e+00 -1.26918099949297e+02 
2.77675155033646e+00 3.19308776867451e+00 -1.28721012778851e+02 
2.78130360205832e+00 3.18591776316816e+00 -1.30537499913337e+02 
2.78585565378018e+00 3.17808458711051e+00 -1.32367118984086e+02 
2.79040770550204e+00 3.16957344974789e+00 -1.34209402521618e+02 
2.79495975722391e+00 3.16036964220261e+00 -1.36063857623727e+02 
2.79951180894577e+00 3.15045855913743e+00 -1.37929965655810e+02 
2.80406386066763e+00 3.13982572109593e+00 -1.39807181985589e+02 
2.80861591238950e+00 3.12845679749377e+00 -1.41694935754252e+02 
2.81316796411136e+00 3.11633763023298e+00 -1.43592629686135e+02 
2.81772001583322e+00 3.10345425790798e+00 -1.45499639938951e+02 
2.82227206755509e+00 3.08979294056910e+00 -1.47415315996564e+02 
2.82682411927695e+00 3.07534018500633e+00 -1.49338980606286e+02 
2.83137617099881e+00 3.06008277051264e+00 -1.51269929762558e+02 
2.83592822272068e+00 3.04400777508326e+00 -1.53207432738880e+02 
2.84048027444254e+00 3.02710260200436e+00 -1.55150732169725e+02 
2.84503232616440e+00 3.00935500678129e+00 -1.57099044184103e+02 
2.84958437788626e+00 2.99075312435388e+00 -1.59051558592363e+02 
2.85413642960813e+00 2.97128549654334e+00 -1.61007439127715e+02 
2.85868848132999e+00 2.95094109967259e+00 -1.62965823743789e+02 
2.86324053305185e+00 2.92970937229892e+00 -1.64925824969510e+02 
2.86779258477372e+00 2.90758024299637e+00 -1.66886530322376e+02 
2.87234463649558e+00 2.88454415812128e+00 -1.68847002781087e+02 
2.87689668821744e+00 2.86059210949408e+00 -1.70806281318378e+02 
2.88144873993931e+00 2.83571566192693e+00 -1.72763381494669e+02 
2.88600079166117e+00 2.80990698052597e+00 -1.74717296113068e+02 
2.89055284338303e+00 2.78315885769499e+00 -1.76666995936023e+02 
2.89510489510489e+00 2.75546473976583e+00 -1.78611430463786e+02 
2.89965694682676e+00 2.72681875318016e+00 -1.80549528774639e+02 
2.90420899854862e+00 2.69721573014596e+00 -1.82480200426681e+02 
2.90876105027048e+00 2.66665123369160e+00 -1.84402336420728e+02 
2.91331310199235e+00 2.63512158204022e+00 -1.86314810223744e+02 
2.91786515371421e+00 2.60262387222646e+00 -1.88216478851971e+02 
2.92241720543607e+00 2.56915600287874e+00 -1.90106184012747e+02 
2.92696925715794e+00 2.53471669608974e+00 -1.91982753303808e+02 
2.93152130887980e+00 2.49930551829927e+00 -1.93845001468643e+02 
2.93607336060166e+00 2.46292290011430e+00 -1.95691731706280e+02 
2.94062541232353e+00 2.42557015499278e+00 -1.97521737033690e+02 
2.94517746404539e+00 2.38724949671884e+00 -1.99333801698764e+02 
2.94972951576725e+00 2.34796405559972e+00 -2.01126702641676e+02 
2.95428156748911e+00 2.30771789331627e+00 -2.02899211002180e+02 
2.95883361921098e+00 2.26651601636188e+00 -2.04650093670265e+02 
2.96338567093284e+00 2.22436438800733e+00 -2.06378114877383e+02 
2.96793772265470e+00 2.18126993873225e+00 -2.08082037825281e+02 
2.97248977437657e+00 2.13724057506657e+00 -2.09760626349298e+02 
2.97704182609843e+00 2.09228518679032e+00 -2.11412646612864e+02 
2.98159387782029e+00 2.04641365244235e+00 -2.13036868829738e+02 
2.98614592954216e+00 1.99963684309379e+00 -2.14632069010397e+02 
2.99069798126402e+00 1.95196662434582e+00 -2.16197030728865e+02 
2.99525003298588e+00 1.90341585651587e+00 -2.17730546906141e+02 
2.99980208470775e+00 1.85399839298136e+00 -2.19231421606273e+02 
3.00435413642961e+00 1.80372907665424e+00 -2.20698471841024e+02 
3.00890618815147e+00 1.75262373456552e+00 -2.22130529378992e+02 
3.01345823987333e+00 1.70069917054330e+00 -2.23526442554990e+02 
3.01801029159520e+00 1.64797315597348e+00 -2.24885078075397e+02 
3.02256234331706e+00 1.59446441863778e+00 -2.26205322815178e+02 
3.02711439503892e+00 1.54019262962868e+00 -2.27486085602216e+02 
3.03166644676079e+00 1.48517838834688e+00 -2.28726298984591e+02 
3.03621849848265e+00 1.42944320559214e+00 -2.29924920976456e+02 
3.04077055020451e+00 1.37300948476392e+00 -2.31080936778108e+02 
3.04532260192638e+00 1.31590050119395e+00 -2.32193360465977e+02 
3.04987465364824e+00 1.25814037963814e+00 -2.33261236648188e+02 
3.05442670537010e+00 1.19975406996095e+00 -2.34283642081488e+02 
3.05897875709196e+00 1.14076732105067e+00 -2.35259687245363e+02 
3.06353080881383e+00 1.08120665300930e+00 -2.36188517869242e+02 
3.06808286053569e+00 1.02109932766615e+00 -2.37069316408825e+02 
3.07263491225755e+00 9.60473317469148e-01 -2.37901303467624e+02 
3.07718696397942e+00 8.99357272813070e-01 -2.38683739159990e+02 
3.08173901570128e+00 8.37780487868378e-01 -2.39415924411978e+02 
3.08629106742314e+00 7.75772864979337e-01 -2.40097202196617e+02 
3.09084311914501e+00 7.13364877704214e-01 -2.40726958700226e+02 
3.09539517086687e+00 6.50587532574746e-01 -2.41304624416690e+02 
3.09994722258873e+00 5.87472329655908e-01 -2.41829675166709e+02 
3.10449927431059e+00 5.24051221990946e-01 -2.42301633039278e+02 
3.10905132603246e+00 4.60356574019908e-01 -2.42720067252825e+02 
3.11360337775432e+00 3.96421119063248e-01 -2.43084594933685e+02 
3.11815542947618e+00 3.32277915965018e-01 -2.43394881809765e+02 
3.12270748119805e+00 2.67960304992706e-01 -2.43650642817523e+02 
3.12725953291991e+00 2.03501863093238e-01 -2.43851642620565e+02 
3.13181158464177e+00 1.38936358606537e-01 -2.43997696038494e+02 
3.13636363636364e+00 7.42977055399588e-02 -2.44088668384767e+02 
