Data Format: k_val_normalized w_real_normalized w_imag 
num_pts 940 
0.00000000000000e+00 -2.24917881806130e-17 2.04874064549355e-15 
3.33688320908768e-03 3.33688320908784e-03 2.80497132116599e-15 
6.67376641817536e-03 6.67376641817576e-03 4.62856703636387e-15 
1.00106496272630e-02 1.00106496272629e-02 2.09150160131304e-15 
1.33475328363507e-02 1.33475328363507e-02 -1.85830804195601e-14 
1.66844160454384e-02 1.66844160454382e-02 -1.90833093518575e-15 
2.00212992545261e-02 2.00212992545259e-02 -7.91223336157363e-15 
2.33581824636138e-02 2.33581824636136e-02 -1.79048083137496e-14 
2.66950656727015e-02 2.66950656727015e-02 -1.75535731086898e-14 
3.00319488817891e-02 3.00319488817893e-02 -2.54649265016362e-15 
3.33688320908768e-02 3.33688320908768e-02 -7.10457611556009e-15 
3.67057152999645e-02 3.67057152999644e-02 1.37770062465985e-14 
4.00425985090522e-02 4.00425985090522e-02 1.41483911389356e-14 
4.33794817181399e-02 4.33794817181398e-02 -1.36403806679162e-14 
4.67163649272275e-02 4.67163649272274e-02 -9.55087937204850e-15 
5.00532481363152e-02 5.00532481363148e-02 -3.01508924597748e-14 
5.33901313454029e-02 5.33901313454019e-02 -3.74724467048367e-14 
5.67270145544906e-02 5.67270145544890e-02 -4.83756376511902e-14 
6.00638977635783e-02 6.00638977635756e-02 -8.12017081674802e-14 
6.34007809726660e-02 6.34007809726613e-02 -1.46360628802618e-13 
6.67376641817536e-02 6.67376641817466e-02 -2.28877312282158e-13 
7.00745473908413e-02 7.00745473908307e-02 -3.72315285729225e-13 
7.34114305999290e-02 7.34114305999127e-02 -5.84276361047701e-13 
7.67483138090167e-02 7.67483138089926e-02 -8.84661712542209e-13 
8.00851970181044e-02 8.00851970180698e-02 -1.36012856032388e-12 
8.34220802271921e-02 8.34220802271433e-02 -2.02855391839318e-12 
8.67589634362797e-02 8.67589634362119e-02 -2.96333544205285e-12 
9.00958466453674e-02 9.00958466452745e-02 -4.25386413661653e-12 
9.34327298544551e-02 9.34327298543296e-02 -6.03176671158205e-12 
9.67696130635428e-02 9.67696130633756e-02 -8.45888853419497e-12 
1.00106496272630e-01 1.00106496272410e-01 -1.16888652514149e-11 
1.03443379481718e-01 1.03443379481431e-01 -1.59796045002863e-11 
1.06780262690806e-01 1.06780262690435e-01 -2.15897994688552e-11 
1.10117145899894e-01 1.10117145899420e-01 -2.89278132519360e-11 
1.13454029108981e-01 1.13454029108383e-01 -3.83191207197277e-11 
1.16790912318069e-01 1.16790912317320e-01 -5.03189181012716e-11 
1.20127795527157e-01 1.20127795526227e-01 -6.55419719536025e-11 
1.23464678736244e-01 1.23464678735102e-01 -8.45851077160711e-11 
1.26801561945332e-01 1.26801561943938e-01 -1.08359199125430e-10 
1.30138445154420e-01 1.30138445152733e-01 -1.37813724045766e-10 
1.33475328363507e-01 1.33475328361482e-01 -1.73981744170198e-10 
1.36812211572595e-01 1.36812211570183e-01 -2.18120885857839e-10 
1.40149094781683e-01 1.40149094778830e-01 -2.71674700188408e-10 
1.43485977990770e-01 1.43485977987423e-01 -3.36261066639304e-10 
1.46822861199858e-01 1.46822861195959e-01 -4.13727614804497e-10 
1.50159744408946e-01 1.50159744404437e-01 -5.06042289905236e-10 
1.53496627618033e-01 1.53496627612856e-01 -6.15528043257150e-10 
1.56833510827121e-01 1.56833510821222e-01 -7.44664106139384e-10 
1.60170394036209e-01 1.60170394029536e-01 -8.96214682575468e-10 
1.63507277245296e-01 1.63507277237807e-01 -1.07323498632493e-09 
1.66844160454384e-01 1.66844160446042e-01 -1.27894839232094e-09 
1.70181043663472e-01 1.70181043654257e-01 -1.51693177689164e-09 
1.73517926872559e-01 1.73517926862467e-01 -1.79097984275723e-09 
1.76854810081647e-01 1.76854810070692e-01 -2.10517043064935e-09 
1.80191693290735e-01 1.80191693278959e-01 -2.46382936702098e-09 
1.83528576499823e-01 1.83528576487300e-01 -2.87146674626234e-09 
1.86865459708910e-01 1.86865459695749e-01 -3.33290858641317e-09 
1.90202342917998e-01 1.90202342904351e-01 -3.85305801469178e-09 
1.93539226127086e-01 1.93539226113153e-01 -4.43705130653302e-09 
1.96876109336173e-01 1.96876109322213e-01 -5.09008693679965e-09 
2.00212992545261e-01 2.00212992531595e-01 -5.81740574751042e-09 
2.03549875754349e-01 2.03549875741369e-01 -6.62434218805091e-09 
2.06886758963436e-01 2.06886758951614e-01 -7.51612871246968e-09 
2.10223642172524e-01 2.10223642162417e-01 -8.49787632872707e-09 
2.13560525381612e-01 2.13560525373873e-01 -9.57441153837256e-09 
2.16897408590699e-01 2.16897408586082e-01 -1.07504566444945e-08 
2.20234291799787e-01 2.20234291799153e-01 -1.20301429928666e-08 
2.23571175008875e-01 2.23571175013200e-01 -1.34172717815643e-08 
2.26908058217962e-01 2.26908058228343e-01 -1.49148804174773e-08 
2.30244941427050e-01 2.30244941444707e-01 -1.65254247694818e-08 
2.33581824636138e-01 2.33581824662417e-01 -1.82504793963579e-08 
2.36918707845225e-01 2.36918707881600e-01 -2.00905578054026e-08 
2.40255591054313e-01 2.40255591102382e-01 -2.20451295413201e-08 
2.43592474263401e-01 2.43592474324882e-01 -2.41124709017993e-08 
2.46929357472488e-01 2.46929357549215e-01 -2.62893539599792e-08 
2.50266240681576e-01 2.50266240775486e-01 -2.85711123160517e-08 
2.53603123890664e-01 2.53603124003780e-01 -3.09514197715678e-08 
2.56940007099752e-01 2.56940007234167e-01 -3.34222355399383e-08 
2.60276890308839e-01 2.60276890466693e-01 -3.59735345119365e-08 
2.63613773517927e-01 2.63613773701369e-01 -3.85932555037813e-08 
2.66950656727015e-01 2.66950656938177e-01 -4.12673421872815e-08 
2.70287539936102e-01 2.70287540177051e-01 -4.39795528446464e-08 
2.73624423145190e-01 2.73624423417875e-01 -4.67114498090317e-08 
2.76961306354278e-01 2.76961306660476e-01 -4.94422288131942e-08 
2.80298189563365e-01 2.80298189904612e-01 -5.21489127287825e-08 
2.83635072772453e-01 2.83635073149967e-01 -5.48063178956235e-08 
2.86971955981541e-01 2.86971956396135e-01 -5.73870806624784e-08 
2.90308839190628e-01 2.90308839642613e-01 -5.98618744838904e-08 
2.93645722399716e-01 2.93645722888791e-01 -6.21994228415085e-08 
2.96982605608804e-01 2.96982606133944e-01 -6.43669215014835e-08 
3.00319488817891e-01 3.00319489377201e-01 -6.63300311090240e-08 
3.03656372026979e-01 3.03656372617558e-01 -6.80535475184607e-08 
3.06993255236067e-01 3.06993255853849e-01 -6.95016255802112e-08 
3.10330138445154e-01 3.10330139084732e-01 -7.06382006124370e-08 
3.13667021654242e-01 3.13667022308683e-01 -7.14277015850744e-08 
3.17003904863330e-01 3.17003905523977e-01 -7.18356731610574e-08 
3.20340788072418e-01 3.20340788728672e-01 -7.18293930749343e-08 
3.23677671281505e-01 3.23677671920601e-01 -7.13788244824342e-08 
3.27014554490593e-01 3.27014555097352e-01 -7.04575844973150e-08 
3.30351437699681e-01 3.30351438256254e-01 -6.90438027678093e-08 
3.33688320908768e-01 3.33688321394371e-01 -6.71213433163079e-08 
3.37025204117856e-01 3.37025204508477e-01 -6.46812145796436e-08 
3.40362087326944e-01 3.40362087595054e-01 -6.17226274682842e-08 
3.43698970536031e-01 3.43698970650274e-01 -5.82547650492516e-08 
3.47035853745119e-01 3.47035853669993e-01 -5.42981165809128e-08 
3.50372736954207e-01 3.50372736649737e-01 -4.98863619138699e-08 
3.53709620163294e-01 3.53709619584698e-01 -4.50681527363203e-08 
3.57046503372382e-01 3.57046502469723e-01 -3.99089865956134e-08 
3.60383386581470e-01 3.60383385299314e-01 -3.44932986491235e-08 
3.63720269790557e-01 3.63720268067627e-01 -2.89265272964958e-08 
3.67057152999645e-01 3.67057150768462e-01 -2.33375364022905e-08 
3.70394036208733e-01 3.70394033395275e-01 -1.78808527979886e-08 
3.73730919417820e-01 3.73730915941177e-01 -1.27390984058030e-08 
3.77067802626908e-01 3.77067798398948e-01 -8.12544442926473e-09 
3.80404685835996e-01 3.80404680761041e-01 -4.28648516881596e-09 
3.83741569045083e-01 3.83741563019598e-01 -1.50449592785747e-09 
3.87078452254171e-01 3.87078445166471e-01 -1.00453486178014e-10 
3.90415335463259e-01 3.90415327193242e-01 -4.36542604555436e-10 
3.93752218672346e-01 3.93752209091247e-01 -2.91908395315660e-09 
3.97089101881434e-01 3.97089090851608e-01 -8.00107658995592e-09 
4.00425985090522e-01 4.00425972465267e-01 -1.61851018136023e-08 
4.03762868299610e-01 4.03762853923023e-01 -2.80258935346193e-08 
4.07099751508697e-01 4.07099735215577e-01 -4.41330355260240e-08 
4.10436634717785e-01 4.10436616333579e-01 -6.51732997221660e-08 
4.13773517926873e-01 4.13773497267683e-01 -9.18733452853536e-08 
4.17110401135960e-01 4.17110378008605e-01 -1.25021794759032e-07 
4.20447284345048e-01 4.20447258547182e-01 -1.65471294603313e-07 
4.23784167554136e-01 4.23784138874442e-01 -2.14140650888152e-07 
4.27121050763223e-01 4.27121018981683e-01 -2.72016243075055e-07 
4.30457933972311e-01 4.30457898860538e-01 -3.40153694135957e-07 
4.33794817181399e-01 4.33794778503068e-01 -4.19678671056243e-07 
4.37131700390486e-01 4.37131657901847e-01 -5.11788110272466e-07 
4.40468583599574e-01 4.40468537050048e-01 -6.17750248528816e-07 
4.43805466808662e-01 4.43805415941545e-01 -7.38904909053713e-07 
4.47142350017749e-01 4.47142294571009e-01 -8.76663016072013e-07 
4.50479233226837e-01 4.50479172934011e-01 -1.03250581783658e-06 
4.53816116435925e-01 4.53816051027129e-01 -1.20798351792085e-06 
4.57152999645012e-01 4.57152928848053e-01 -1.40471327074256e-06 
4.60489882854100e-01 4.60489806395699e-01 -1.62437697664203e-06 
4.63826766063188e-01 4.63826683670323e-01 -1.86871800450146e-06 
4.67163649272275e-01 4.67163560673624e-01 -2.13953765150480e-06 
4.70500532481363e-01 4.70500437408867e-01 -2.43869079563585e-06 
4.73837415690451e-01 4.73837313880990e-01 -2.76808088625237e-06 
4.77174298899539e-01 4.77174190096716e-01 -3.12965411971411e-06 
4.80511182108626e-01 4.80511066064660e-01 -3.52539313221601e-06 
4.83848065317714e-01 4.83847941795436e-01 -3.95730964318882e-06 
4.87184948526802e-01 4.87184817301752e-01 -4.42743653920085e-06 
4.90521831735889e-01 4.90521692598514e-01 -4.93781918745566e-06 
4.93858714944977e-01 4.93858567702907e-01 -5.49050568268361e-06 
4.97195598154065e-01 4.97195442634478e-01 -6.08753662176248e-06 
5.00532481363152e-01 5.00532317415210e-01 -6.73093389200451e-06 
5.03869364572240e-01 5.03869192069581e-01 -7.42268882316899e-06 
5.07206247781328e-01 5.07206066624618e-01 -8.16474919893964e-06 
5.10543130990415e-01 5.10542941109928e-01 -8.95900621069065e-06 
5.13880014199503e-01 5.13879815557730e-01 -9.80727969494863e-06 
5.17216897408591e-01 5.17216690002856e-01 -1.07113035476954e-05 
5.20553780617678e-01 5.20553564482748e-01 -1.16727098647342e-05 
5.23890663826766e-01 5.23890439037424e-01 -1.26930128866608e-05 
5.27227547035854e-01 5.27227313709439e-01 -1.37735917927159e-05 
5.30564430244941e-01 5.30564188543811e-01 -1.49156737258465e-05 
5.33901313454029e-01 5.33901063587933e-01 -1.61203154430013e-05 
5.37238196663117e-01 5.37237938891461e-01 -1.73883854472684e-05 
5.40575079872205e-01 5.40574814506170e-01 -1.87205451091503e-05 
5.43911963081292e-01 5.43911690485794e-01 -2.01172299994246e-05 
5.47248846290380e-01 5.47248566885831e-01 -2.15786308116272e-05 
5.50585729499467e-01 5.50585443763318e-01 -2.31046744527309e-05 
5.53922612708555e-01 5.53922321176585e-01 -2.46950049799148e-05 
5.57259495917643e-01 5.57259199184970e-01 -2.63489650823187e-05 
5.60596379126731e-01 5.60596077848504e-01 -2.80655773338907e-05 
5.63933262335818e-01 5.63932957227570e-01 -2.98435265702947e-05 
5.67270145544906e-01 5.67269837382518e-01 -3.16811423980968e-05 
5.70607028753994e-01 5.70606718373257e-01 -3.35763825169226e-05 
5.73943911963081e-01 5.73943600258808e-01 -3.55268170615861e-05 
5.77280795172169e-01 5.77280483096821e-01 -3.75296140466009e-05 
5.80617678381257e-01 5.80617366943065e-01 -3.95815258065557e-05 
5.83954561590344e-01 5.83954251850880e-01 -4.16788770389947e-05 
5.87291444799432e-01 5.87291137870592e-01 -4.38175544135011e-05 
5.90628328008520e-01 5.90628025048903e-01 -4.59929978529653e-05 
5.93965211217607e-01 5.93964913428244e-01 -4.82001938147979e-05 
5.97302094426695e-01 5.97301803046100e-01 -5.04336708113695e-05 
6.00638977635783e-01 6.00638693934299e-01 -5.26874969851641e-05 
6.03975860844871e-01 6.03975586118283e-01 -5.49552804452082e-05 
6.07312744053958e-01 6.07312479616347e-01 -5.72301722415773e-05 
6.10649627263046e-01 6.10649374438847e-01 -5.95048721641164e-05 
6.13986510472133e-01 6.13986270587407e-01 -6.17716376755185e-05 
6.17323393681221e-01 6.17323168054077e-01 -6.40222961141358e-05 
6.20660276890309e-01 6.20660066820504e-01 -6.62482601849920e-05 
6.23997160099397e-01 6.23996966857073e-01 -6.84405473240275e-05 
6.27334043308484e-01 6.27333868122032e-01 -7.05898025417872e-05 
6.30670926517572e-01 6.30670770560637e-01 -7.26863254797597e-05 
6.34007809726660e-01 6.34007674104270e-01 -7.47201010170321e-05 
6.37344692935747e-01 6.37344578669564e-01 -7.66808349821290e-05 
6.40681576144835e-01 6.40681484157547e-01 -7.85579930904777e-05 
6.44018459353923e-01 6.44018390452781e-01 -8.03408451767518e-05 
6.47355342563010e-01 6.47355297422538e-01 -8.20185134261759e-05 
6.50692225772098e-01 6.50692204915975e-01 -8.35800255046107e-05 
6.54029108981186e-01 6.54029112763357e-01 -8.50143720458010e-05 
6.57365992190273e-01 6.57366020775293e-01 -8.63105690813179e-05 
6.60702875399361e-01 6.60702928742036e-01 -8.74577249167866e-05 
6.64039758608449e-01 6.64039836432807e-01 -8.84451118261691e-05 
6.67376641817536e-01 6.67376743595182e-01 -8.92622424135221e-05 
6.70713525026624e-01 6.70713649954541e-01 -8.98989502422906e-05 
6.74050408235712e-01 6.74050555213564e-01 -9.03454754213930e-05 
6.77387291444799e-01 6.77387459051820e-01 -9.05925540078474e-05 
6.80724174653887e-01 6.80724361125432e-01 -9.06315121791642e-05 
6.84061057862975e-01 6.84061261066802e-01 -9.04543639309384e-05 
6.87397941072062e-01 6.87398158484469e-01 -9.00539130594561e-05 
6.90734824281150e-01 6.90735052963033e-01 -8.94238582043601e-05 
6.94071707490238e-01 6.94071944063195e-01 -8.85589016571399e-05 
6.97408590699326e-01 6.97408831321922e-01 -8.74548609819535e-05 
7.00745473908413e-01 7.00745714252705e-01 -8.61087832199975e-05 
7.04082357117501e-01 7.04082592345975e-01 -8.45190614075346e-05 
7.07419240326589e-01 7.07419465069613e-01 -8.26855529713844e-05 
7.10756123535676e-01 7.10756331869633e-01 -8.06096995429839e-05 
7.14093006744764e-01 7.14093192170976e-01 -7.82946475724336e-05 
7.17429889953852e-01 7.17430045378478e-01 -7.57453695548157e-05 
7.20766773162939e-01 7.20766890877977e-01 -7.29687847618148e-05 
7.24103656372027e-01 7.24103728037565e-01 -6.99738797237127e-05 
7.27440539581115e-01 7.27440556209027e-01 -6.67718266557988e-05 
7.30777422790202e-01 7.30777374729426e-01 -6.33761007450344e-05 
7.34114305999290e-01 7.34114182922850e-01 -5.98025940405031e-05 
7.37451189208378e-01 7.37450980102338e-01 -5.60697259015839e-05 
7.40788072417465e-01 7.40787765571971e-01 -5.21985504389389e-05 
7.44124955626553e-01 7.44124538629129e-01 -4.82128570866439e-05 
7.47461838835641e-01 7.47461298566916e-01 -4.41392677079780e-05 
7.50798722044728e-01 7.50798044676760e-01 -4.00073251395800e-05 
7.54135605253816e-01 7.54134776251174e-01 -3.58495764387426e-05 
7.57472488462904e-01 7.57471492586675e-01 -3.17016462820229e-05 
7.60809371671991e-01 7.60808192986867e-01 -2.76023024402463e-05 
7.64146254881079e-01 7.64144876765684e-01 -2.35935110332623e-05 
7.67483138090167e-01 7.67481543250759e-01 -1.97204813171025e-05 
7.70820021299255e-01 7.70818191786961e-01 -1.60316985947768e-05 
7.74156904508342e-01 7.74154821740041e-01 -1.25789453316582e-05 
7.77493787717430e-01 7.77491432500414e-01 -9.41730841255015e-06 
7.80830670926518e-01 7.80828023487054e-01 -6.60517278916651e-06 
7.84167554135605e-01 7.84164594151485e-01 -4.20420014737523e-06 
7.87504437344693e-01 7.87501143981856e-01 -2.27929186234937e-06 
7.90841320553781e-01 7.90837672507105e-01 -8.98535790171314e-07 
7.94178203762868e-01 7.94174179301175e-01 -1.33135513040168e-07 
7.97515086971956e-01 7.97510663987268e-01 -5.73224162093500e-08 
8.00851970181044e-01 8.00847126242137e-01 -7.48248385159262e-07 
8.04188853390131e-01 8.04183565800376e-01 -2.28586037430260e-06 
8.07525736599219e-01 8.07519982458707e-01 -4.75275479806516e-06 
8.10862619808307e-01 8.10856376080234e-01 -8.23401209789026e-06 
8.14199503017395e-01 8.14192746598632e-01 -1.28170103563626e-05 
8.17536386226482e-01 8.17529094022280e-01 -1.85912188378996e-05 
8.20873269435570e-01 8.20865418438278e-01 -2.56479695896234e-05 
8.24210152644657e-01 8.24201720016356e-01 -3.40802079510053e-05 
8.27547035853745e-01 8.27537999012617e-01 -4.39822217850262e-05 
8.30883919062833e-01 8.30874255773122e-01 -5.54493492783752e-05 
8.34220802271921e-01 8.34210490737265e-01 -6.85776647148281e-05 
8.37557685481008e-01 8.37546704440927e-01 -8.34636438086089e-05 
8.40894568690096e-01 8.40882897519363e-01 -1.00203807590743e-04 
8.44231451899184e-01 8.44219070709824e-01 -1.18894345843783e-04 
8.47568335108271e-01 8.47555224853850e-01 -1.39630720433411e-04 
8.50905218317359e-01 8.50891360899240e-01 -1.62507249210097e-04 
8.54242101526447e-01 8.54227479901639e-01 -1.87616671194090e-04 
8.57578984735534e-01 8.57563583025732e-01 -2.15049693769392e-04 
8.60915867944622e-01 8.60899671546031e-01 -2.44894523081756e-04 
8.64252751153710e-01 8.64235746847183e-01 -2.77236378786108e-04 
8.67589634362797e-01 8.67571810423816e-01 -3.12156993620101e-04 
8.70926517571885e-01 8.70907863879871e-01 -3.49734100828540e-04 
8.74263400780973e-01 8.74243908927410e-01 -3.90040908660329e-04 
8.77600283990060e-01 8.77579947384855e-01 -4.33145565855685e-04 
8.80937167199148e-01 8.80915981174651e-01 -4.79110618123293e-04 
8.84274050408236e-01 8.84252012320330e-01 -5.27992458520876e-04 
8.87610933617323e-01 8.87588042942938e-01 -5.79840773299881e-04 
8.90947816826411e-01 8.90924075256821e-01 -6.34697985390440e-04 
8.94284700035499e-01 8.94260111564752e-01 -6.92598698007007e-04 
8.97621583244586e-01 8.97596154252370e-01 -7.53569140808199e-04 
9.00958466453674e-01 9.00932205781919e-01 -8.17626620195606e-04 
9.04295349662762e-01 9.04268268685291e-01 -8.84778977830773e-04 
9.07632232871849e-01 9.07604345556351e-01 -9.55024059353235e-04 
9.10969116080937e-01 9.10940439042522e-01 -1.02834919541219e-03 
9.14305999290025e-01 9.14276551835660e-01 -1.10473069923883e-03 
9.17642882499113e-01 9.17612686662176e-01 -1.18413338314085e-03 
9.20979765708200e-01 9.20948846272451e-01 -1.26651009655214e-03 
9.24316648917288e-01 9.24285033429503e-01 -1.35180128993313e-03 
9.27653532126376e-01 9.27621250896944e-01 -1.43993460612646e-03 
9.30990415335463e-01 9.30957501426230e-01 -1.53082450439952e-03 
9.34327298544551e-01 9.34293787743209e-01 -1.62437191854749e-03 
9.37664181753639e-01 9.37630112534004e-01 -1.72046395376445e-03 
9.41001064962726e-01 9.40966478430227e-01 -1.81897362486831e-03 
9.44337948171814e-01 9.44302887993572e-01 -1.91975963966625e-03 
9.47674831380902e-01 9.47639343699811e-01 -2.02266623050454e-03 
9.51011714589989e-01 9.50975847922218e-01 -2.12752303729431e-03 
9.54348597799077e-01 9.54312402914459e-01 -2.23414504580892e-03 
9.57685481008165e-01 9.57649010793014e-01 -2.34233258357152e-03 
9.61022364217252e-01 9.60985673519140e-01 -2.45187137736461e-03 
9.64359247426340e-01 9.64322392880451e-01 -2.56253267481814e-03 
9.67696130635428e-01 9.67659170472166e-01 -2.67407343312797e-03 
9.71033013844515e-01 9.70996007678077e-01 -2.78623657807307e-03 
9.74369897053603e-01 9.74332905651302e-01 -2.89875133552660e-03 
9.77706780262691e-01 9.77669865294911e-01 -3.01133363819048e-03 
9.81043663471779e-01 9.81006887242443e-01 -3.12368660984620e-03 
9.84380546680866e-01 9.84343971838463e-01 -3.23550112941969e-03 
9.87717429889954e-01 9.87681119119179e-01 -3.34645647629289e-03 
9.91054313099042e-01 9.91018328793241e-01 -3.45622105886408e-03 
9.94391196308129e-01 9.94355600222782e-01 -3.56445322786346e-03 
9.97728079517217e-01 9.97692932404810e-01 -3.67080217520742e-03 
1.00106496272630e+00 1.00103032395304e+00 -3.77490891893115e-03 
1.00440184593539e+00 1.00436777308025e+00 -3.87640737543751e-03 
1.00773872914448e+00 1.00770527758135e+00 -3.97492551880458e-03 
1.01107561235357e+00 1.01104283481703e+00 -4.07008662616162e-03 
1.01441249556266e+00 1.01438044169847e+00 -4.16151060966970e-03 
1.01774937877174e+00 1.01771809467282e+00 -4.24881543341603e-03 
1.02108626198083e+00 1.02105578970983e+00 -4.33161861355768e-03 
1.02442314518992e+00 1.02439352228970e+00 -4.40953880050972e-03 
1.02776002839901e+00 1.02773128739207e+00 -4.48219743942251e-03 
1.03109691160809e+00 1.03106907948658e+00 -4.54922050791723e-03 
1.03443379481718e+00 1.03440689252481e+00 -4.61024032621286e-03 
1.03777067802627e+00 1.03774471993388e+00 -4.66489743619574e-03 
1.04110756123536e+00 1.04108255461182e+00 -4.71284254589112e-03 
1.04444444444444e+00 1.04442038892467e+00 -4.75373853252536e-03 
1.04778132765353e+00 1.04775821470565e+00 -4.78726250140699e-03 
1.05111821086262e+00 1.05109602325625e+00 -4.81310789220657e-03 
1.05445509407171e+00 1.05443380534952e+00 -4.83098662758175e-03 
1.05779197728080e+00 1.05777155123558e+00 -4.84063129674991e-03 
1.06112886048988e+00 1.06110925064945e+00 -4.84179736666094e-03 
1.06446574369897e+00 1.06444689282123e+00 -4.83426541267682e-03 
1.06780262690806e+00 1.06778446648885e+00 -4.81784335982439e-03 
1.07113951011715e+00 1.07112195991324e+00 -4.79236872614749e-03 
1.07447639332623e+00 1.07445936089618e+00 -4.75771085904639e-03 
1.07781327653532e+00 1.07779665680080e+00 -4.71377315327198e-03 
1.08115015974441e+00 1.08113383457472e+00 -4.66049524162114e-03 
1.08448704295350e+00 1.08447088077594e+00 -4.59785514731882e-03 
1.08782392616258e+00 1.08780778160148e+00 -4.52587138639356e-03 
1.09116080937167e+00 1.09114452291876e+00 -4.44460500924228e-03 
1.09449769258076e+00 1.09448109029968e+00 -4.35416156972619e-03 
1.09783457578985e+00 1.09781746905755e+00 -4.25469300984290e-03 
1.10117145899893e+00 1.10115364428654e+00 -4.14639944679178e-03 
1.10450834220802e+00 1.10448960090397e+00 -4.02953085270753e-03 
1.10784522541711e+00 1.10782532369505e+00 -3.90438861243039e-03 
1.11118210862620e+00 1.11116079736022e+00 -3.77132694760638e-03 
1.11451899183529e+00 1.11449600656495e+00 -3.63075419592977e-03 
1.11785587504437e+00 1.11783093599177e+00 -3.48313393215047e-03 
1.12119275825346e+00 1.12116557039464e+00 -3.32898591887839e-03 
1.12452964146255e+00 1.12449989465535e+00 -3.16888687620005e-03 
1.12786652467164e+00 1.12783389384185e+00 -3.00347105818387e-03 
1.13120340788072e+00 1.13116755326840e+00 -2.83343062551078e-03 
1.13454029108981e+00 1.13450085855726e+00 -2.65951580224635e-03 
1.13787717429890e+00 1.13783379570187e+00 -2.48253480872084e-03 
1.14121405750799e+00 1.14116635113117e+00 -2.30335355965562e-03 
1.14455094071707e+00 1.14449851177495e+00 -2.12289511781312e-03 
1.14788782392616e+00 1.14783026512989e+00 -1.94213889694838e-03 
1.15122470713525e+00 1.15116159932623e+00 -1.76211960461694e-03 
1.15456159034434e+00 1.15449250319455e+00 -1.58392591957049e-03 
1.15789847355343e+00 1.15782296633265e+00 -1.40869889654282e-03 
1.16123535676251e+00 1.16115297917207e+00 -1.23763009518513e-03 
1.16457223997160e+00 1.16448253304411e+00 -1.07195942683046e-03 
1.16790912318069e+00 1.16781162024489e+00 -9.12972719575381e-04 
1.17124600638978e+00 1.17114023409928e+00 -7.61998995724282e-04 
1.17458288959886e+00 1.17446836902344e+00 -6.20407464592394e-04 
1.17791977280795e+00 1.17779602058540e+00 -4.89604227581437e-04 
1.18125665601704e+00 1.18112318556370e+00 -3.71028700237601e-04 
1.18459353922613e+00 1.18444986200347e+00 -2.66149751400508e-04 
1.18793042243521e+00 1.18777604926996e+00 -1.76461563223636e-04 
1.19126730564430e+00 1.19110174809879e+00 -1.03479219942679e-04 
1.19460418885339e+00 1.19442696064298e+00 -4.87340269358628e-05 
1.19794107206248e+00 1.19775169051625e+00 -1.37685708792648e-05 
1.20127795527157e+00 1.20107594283232e+00 -1.31527826022182e-07 
1.20461483848065e+00 1.20439972423986e+00 -9.37222945179799e-06 
1.20795172168974e+00 1.20772304295290e+00 -4.30349969084846e-05 
1.21128860489883e+00 1.21104590877629e+00 -1.02653255459995e-04 
1.21462548810792e+00 1.21436833312593e+00 -1.89743442163359e-04 
1.21796237131700e+00 1.21769032904363e+00 -3.05798720316089e-04 
1.22129925452609e+00 1.22101191120608e+00 -4.52282515395940e-04 
1.22463613773518e+00 1.22433309592794e+00 -6.30621889965787e-04 
1.22797302094427e+00 1.22765390115857e+00 -8.42200772294597e-04 
1.23130990415335e+00 1.23097434647232e+00 -1.08835305793707e-03 
1.23464678736244e+00 1.23429445305205e+00 -1.37035560359545e-03 
1.23798367057153e+00 1.23761424366571e+00 -1.68942113098971e-03 
1.24132055378062e+00 1.24093374263579e+00 -2.04669106361440e-03 
1.24465743698971e+00 1.24425297580138e+00 -2.44322831664786e-03 
1.24799432019879e+00 1.24757197047274e+00 -2.88001006203378e-03 
1.25133120340788e+00 1.25089075537819e+00 -3.35792049349710e-03 
1.25466808661697e+00 1.25420936060309e+00 -3.87774361293684e-03 
1.25800496982606e+00 1.25752781752097e+00 -4.44015606606361e-03 
1.26134185303514e+00 1.26084615871642e+00 -5.04572005030309e-03 
1.26467873624423e+00 1.26416441789991e+00 -5.69487632228498e-03 
1.26801561945332e+00 1.26748262981427e+00 -6.38793733302898e-03 
1.27135250266241e+00 1.27080083013276e+00 -7.12508051803340e-03 
1.27468938587149e+00 1.27411905534882e+00 -7.90634177098428e-03 
1.27802626908058e+00 1.27743734265732e+00 -8.73160913158919e-03 
1.28136315228967e+00 1.28075572982734e+00 -9.60061671792727e-03 
1.28470003549876e+00 1.28407425506651e+00 -1.05129389350568e-02 
1.28803691870785e+00 1.28739295687689e+00 -1.14679849916666e-02 
1.29137380191693e+00 1.29071187390254e+00 -1.24649937602066e-02 
1.29471068512602e+00 1.29403104476864e+00 -1.35030290121833e-02 
1.29804756833511e+00 1.29735050791256e+00 -1.45809750659439e-02 
1.30138445154420e+00 1.30067030140676e+00 -1.56975328830106e-02 
1.30472133475328e+00 1.30399046277378e+00 -1.68512166500937e-02 
1.30805821796237e+00 1.30731102879357e+00 -1.80403508850684e-02 
1.31139510117146e+00 1.31063203530327e+00 -1.92630681055534e-02 
1.31473198438055e+00 1.31395351698987e+00 -2.05173071027357e-02 
1.31806886758963e+00 1.31727550717586e+00 -2.18008118578267e-02 
1.32140575079872e+00 1.32059803759851e+00 -2.31111311461802e-02 
1.32474263400781e+00 1.32392113818292e+00 -2.44456188687581e-02 
1.32807951721690e+00 1.32724483680950e+00 -2.58014351576249e-02 
1.33141640042599e+00 1.33056915907635e+00 -2.71755482941342e-02 
1.33475328363507e+00 1.33389412805709e+00 -2.85647374873583e-02 
1.33809016684416e+00 1.33721976405494e+00 -2.99655965544950e-02 
1.34142705005325e+00 1.34054608435355e+00 -3.13745385468108e-02 
1.34476393326234e+00 1.34387310296567e+00 -3.27878013631211e-02 
1.34810081647142e+00 1.34720083038037e+00 -3.42014543937749e-02 
1.35143769968051e+00 1.35052927330975e+00 -3.56114062344960e-02 
1.35477458288960e+00 1.35385843443643e+00 -3.70134135076817e-02 
1.35811146609869e+00 1.35718831216269e+00 -3.84030908288545e-02 
1.36144834930777e+00 1.36051890036279e+00 -3.97759219502905e-02 
1.36478523251686e+00 1.36385018813946e+00 -4.11272721120272e-02 
1.36812211572595e+00 1.36718215958646e+00 -4.24524016235939e-02 
1.37145899893504e+00 1.37051479355828e+00 -4.37464807007150e-02 
1.37479588214412e+00 1.37384806344894e+00 -4.50046055676207e-02 
1.37813276535321e+00 1.37718193698144e+00 -4.62218158355407e-02 
1.38146964856230e+00 1.38051637600973e+00 -4.73931131586516e-02 
1.38480653177139e+00 1.38385133633507e+00 -4.85134811579861e-02 
1.38814341498048e+00 1.38718676753872e+00 -4.95779065996543e-02 
1.39148029818956e+00 1.39052261283305e+00 -5.05814017986569e-02 
1.39481718139865e+00 1.39385880893305e+00 -5.15190282138231e-02 
1.39815406460774e+00 1.39719528595046e+00 -5.23859211830453e-02 
1.40149094781683e+00 1.40053196731250e+00 -5.31773157389494e-02 
1.40482783102591e+00 1.40386876970754e+00 -5.38885734312500e-02 
1.40816471423500e+00 1.40720560305956e+00 -5.45152100664174e-02 
1.41150159744409e+00 1.41054237053378e+00 -5.50529242645140e-02 
1.41483848065318e+00 1.41387896857513e+00 -5.54976267159068e-02 
1.41817536386226e+00 1.41721528698167e+00 -5.58454700053275e-02 
1.42151224707135e+00 1.42055120901473e+00 -5.60928788594284e-02 
1.42484913028044e+00 1.42388661154726e+00 -5.62365806556261e-02 
1.42818601348953e+00 1.42722136525188e+00 -5.62736360172664e-02 
1.43152289669862e+00 1.43055533482985e+00 -5.62014693086100e-02 
1.43485977990770e+00 1.43388837928193e+00 -5.60178988263619e-02 
1.43819666311679e+00 1.43722035222166e+00 -5.57211664794476e-02 
1.44153354632588e+00 1.44055110223156e+00 -5.53099667311147e-02 
1.44487042953497e+00 1.44388047326213e+00 -5.47834745779124e-02 
1.44820731274405e+00 1.44720830507340e+00 -5.41413723289006e-02 
1.45154419595314e+00 1.45053443371816e+00 -5.33838749452511e-02 
1.45488107916223e+00 1.45385869206576e+00 -5.25117537029923e-02 
1.45821796237132e+00 1.45718091036495e+00 -5.15263579404123e-02 
1.46155484558040e+00 1.46050091684366e+00 -5.04296346571386e-02 
1.46489172878949e+00 1.46381853834340e+00 -4.92241457411208e-02 
1.46822861199858e+00 1.46713360098533e+00 -4.79130826102554e-02 
1.47156549520767e+00 1.47044593086496e+00 -4.65002780684128e-02 
1.47490237841676e+00 1.47375535477165e+00 -4.49902151939756e-02 
1.47823926162584e+00 1.47706170092913e+00 -4.33880331007680e-02 
1.48157614483493e+00 1.48036479975270e+00 -4.16995294302345e-02 
1.48491302804402e+00 1.48366448461869e+00 -3.99311594624835e-02 
1.48824991125311e+00 1.48696059264128e+00 -3.80900317595971e-02 
1.49158679446219e+00 1.49025296545200e+00 -3.61839002848934e-02 
1.49492367767128e+00 1.49354144997678e+00 -3.42211529688236e-02 
1.49826056088037e+00 1.49682589920556e+00 -3.22107967293483e-02 
1.50159744408946e+00 1.50010617294956e+00 -3.01624389775125e-02 
1.50493432729854e+00 1.50338213858120e+00 -2.80862656784586e-02 
1.50827121050763e+00 1.50665367175193e+00 -2.59930160611420e-02 
1.51160809371672e+00 1.50992065708369e+00 -2.38939541019265e-02 
1.51494497692581e+00 1.51318298882938e+00 -2.18008369333550e-02 
1.51828186013490e+00 1.51644057149875e+00 -1.97258803525569e-02 
1.52161874334398e+00 1.51969332044607e+00 -1.76817216248100e-02 
1.52495562655307e+00 1.52294116241647e+00 -1.56813797989258e-02 
1.52829250976216e+00 1.52618403604827e+00 -1.37382137583887e-02 
1.53162939297125e+00 1.52942189232918e+00 -1.18658782531976e-02 
1.53496627618033e+00 1.53265469500461e+00 -1.00782781522423e-02 
1.53830315938942e+00 1.53588242093686e+00 -8.38952117055473e-03 
1.54164004259851e+00 1.53910506041464e+00 -6.81386931557336e-03 
1.54497692580760e+00 1.54232261741236e+00 -5.36568929717193e-03 
1.54831380901668e+00 1.54553510979972e+00 -4.05940213437131e-03 
1.55165069222577e+00 1.54874256950202e+00 -2.90943218249149e-03 
1.55498757543486e+00 1.55194504261233e+00 -1.93015578789354e-03 
1.55832445864395e+00 1.55514258945676e+00 -1.13584975869088e-03 
1.56166134185304e+00 1.55833528461471e+00 -5.40639821653248e-04 
1.56499822506212e+00 1.56152321689576e+00 -1.58449211751285e-04 
1.56833510827121e+00 1.56470648927557e+00 -2.94751647496634e-06 
1.57167199148030e+00 1.56788521879292e+00 -8.74998735938436e-05 
1.57500887468939e+00 1.57105953641024e+00 -4.25116591305447e-04 
1.57834575789847e+00 1.57422958684012e+00 -1.02840323787532e-03 
1.58168264110756e+00 1.57739552834007e+00 -1.90951121529158e-03 
1.58501952431665e+00 1.58055753247777e+00 -3.08008881104574e-03 
1.58835640752574e+00 1.58371578386909e+00 -4.55123268888889e-03 
1.59169329073482e+00 1.58687047989067e+00 -6.33343976097419e-03 
1.59503017394391e+00 1.59002183036886e+00 -8.43655935242978e-03 
1.59836705715300e+00 1.59317005724634e+00 -1.08697455526538e-02 
1.60170394036209e+00 1.59631539422758e+00 -1.36414096192131e-02 
1.60504082357118e+00 1.59945808640366e+00 -1.67591722838819e-02 
1.60837770678026e+00 1.60259838985672e+00 -2.02298157909376e-02 
1.61171458998935e+00 1.60573657124391e+00 -2.40592354778361e-02 
1.61505147319844e+00 1.60887290735963e+00 -2.82523906972193e-02 
1.61838835640753e+00 1.61200768467500e+00 -3.28132548632152e-02 
1.62172523961661e+00 1.61514119885235e+00 -3.77447643961810e-02 
1.62506212282570e+00 1.61827375423182e+00 -4.30487663298904e-02 
1.62839900603479e+00 1.62140566328667e+00 -4.87259643416577e-02 
1.63173588924388e+00 1.62453724604290e+00 -5.47758629637988e-02 
1.63507277245296e+00 1.62766882945768e+00 -6.11967097347678e-02 
1.63840965566205e+00 1.63080074675062e+00 -6.79854350547066e-02 
1.64174653887114e+00 1.63393333668021e+00 -7.51375895243850e-02 
1.64508342208023e+00 1.63706694275720e+00 -8.26472785562044e-02 
1.64842030528931e+00 1.64020191238498e+00 -9.05070940778744e-02 
1.65175718849840e+00 1.64333859591590e+00 -9.87080431744582e-02 
1.65509407170749e+00 1.64647734561107e+00 -1.07239473561550e-01 
1.65843095491658e+00 1.64961851448932e+00 -1.16088995832571e-01 
1.66176783812567e+00 1.65276245504964e+00 -1.25242402494926e-01 
1.66510472133475e+00 1.65590951784944e+00 -1.34683583889681e-01 
1.66844160454384e+00 1.65906004991914e+00 -1.44394441200331e-01 
1.67177848775293e+00 1.66221439299162e+00 -1.54354796879401e-01 
1.67511537096202e+00 1.66537288152313e+00 -1.64542302982298e-01 
1.67845225417110e+00 1.66853584047999e+00 -1.74932348082901e-01 
1.68178913738019e+00 1.67170358286378e+00 -1.85497963676228e-01 
1.68512602058928e+00 1.67487640694552e+00 -1.96209731239676e-01 
1.68846290379837e+00 1.67805459317798e+00 -2.07035691447667e-01 
1.69179978700745e+00 1.68123840075385e+00 -2.17941257407131e-01 
1.69513667021654e+00 1.68442806377700e+00 -2.28889134220164e-01 
1.69847355342563e+00 1.68762378701389e+00 -2.39839247685463e-01 
1.70181043663472e+00 1.69082574119388e+00 -2.50748685523219e-01 
1.70514731984381e+00 1.69403405782940e+00 -2.61571655162981e-01 
1.70848420305289e+00 1.69724882353172e+00 -2.72259462849658e-01 
1.71182108626198e+00 1.70047007380520e+00 -2.82760519617799e-01 
1.71515796947107e+00 1.70369778631234e+00 -2.93020380516664e-01 
1.71849485268016e+00 1.70693187361614e+00 -3.02981824347176e-01 
1.72183173588924e+00 1.71017217542364e+00 -3.12584982031044e-01 
1.72516861909833e+00 1.71341845037783e+00 -3.21767522545312e-01 
1.72850550230742e+00 1.71667036747347e+00 -3.30464906042327e-01 
1.73184238551651e+00 1.71992749720730e+00 -3.38610714249258e-01 
1.73517926872559e+00 1.72318930261402e+00 -3.46137068382734e-01 
1.73851615193468e+00 1.72645513038716e+00 -3.52975144503911e-01 
1.74185303514377e+00 1.72972420233639e+00 -3.59055795293643e-01 
1.74518991835286e+00 1.73299560748946e+00 -3.64310285500083e-01 
1.74852680156195e+00 1.73626829520431e+00 -3.68671145613931e-01 
1.75186368477103e+00 1.73954106971177e+00 -3.72073144515576e-01 
1.75520056798012e+00 1.74281258655499e+00 -3.74454376798949e-01 
1.75853745118921e+00 1.74608135142377e+00 -3.75757454197000e-01 
1.76187433439830e+00 1.74934572189021e+00 -3.75930783098655e-01 
1.76521121760738e+00 1.75260391253032e+00 -3.74929901822540e-01 
1.76854810081647e+00 1.75585400385599e+00 -3.72718842546492e-01 
1.77188498402556e+00 1.75909395537646e+00 -3.69271474255602e-01 
1.77522186723465e+00 1.76232162295671e+00 -3.64572775586095e-01 
1.77855875044373e+00 1.76553478044300e+00 -3.58619981019861e-01 
1.78189563365282e+00 1.76873114529099e+00 -3.51423541511293e-01 
1.78523251686191e+00 1.77190840767547e+00 -3.43007842205395e-01 
1.78856940007100e+00 1.77506426230192e+00 -3.33411626041680e-01 
1.79190628328009e+00 1.77819644190537e+00 -3.22688082904141e-01 
1.79524316648917e+00 1.78130275123749e+00 -3.10904579150270e-01 
1.79858004969826e+00 1.78438110023321e+00 -2.98142020858483e-01 
1.80191693290735e+00 1.78742953503107e+00 -2.84493864395925e-01 
1.80525381611644e+00 1.79044626560419e+00 -2.70064808047397e-01 
1.80859069932552e+00 1.79342968893798e+00 -2.54969216477844e-01 
1.81192758253461e+00 1.79637840694860e+00 -2.39329343904587e-01 
1.81526446574370e+00 1.79929123864784e+00 -2.23273430764789e-01 
1.81860134895279e+00 1.80216722639363e+00 -2.06933751706239e-01 
1.82193823216187e+00 1.80500563638786e+00 -1.90444689998338e-01 
1.82527511537096e+00 1.80780595386608e+00 -1.73940905703486e-01 
1.82861199858005e+00 1.81056787364709e+00 -1.57555653398984e-01 
1.83194888178914e+00 1.81329128686037e+00 -1.41419291385758e-01 
1.83528576499823e+00 1.81597626474605e+00 -1.25658009671981e-01 
1.83862264820731e+00 1.81862304042993e+00 -1.10392789934745e-01 
1.84195953141640e+00 1.82123198952734e+00 -9.57385981325926e-02 
1.84529641462549e+00 1.82380361033902e+00 -8.18038001707743e-02 
1.84863329783458e+00 1.82633850428551e+00 -6.86897832669354e-02 
1.85197018104366e+00 1.82883735709735e+00 -5.64907604718440e-02 
1.85530706425275e+00 1.83130092114949e+00 -4.52937329053100e-02 
1.85864394746184e+00 1.83372999920749e+00 -3.51785833289230e-02 
1.86198083067093e+00 1.83612542974643e+00 -2.62182752694469e-02 
1.86531771388001e+00 1.83848807391461e+00 -1.84791335896971e-02 
1.86865459708910e+00 1.84081880414236e+00 -1.20211847957967e-02 
1.87199148029819e+00 1.84311849434270e+00 -6.89853814547900e-03 
1.87532836350728e+00 1.84538801161230e+00 -3.15979151846481e-03 
1.87866524671637e+00 1.84762820931591e+00 -8.48448831031299e-04 
1.88200212992545e+00 1.84983992142374e+00 -3.33842792572325e-06 
1.88533901313454e+00 1.85202395796562e+00 -6.59024232631574e-04 
1.88867589634363e+00 1.85418110146634e+00 -2.84620351538595e-03 
1.89201277955272e+00 1.85631210423244e+00 -6.59208687647763e-03 
1.89534966276180e+00 1.85841768636860e+00 -1.19207574938865e-02 
1.89868654597089e+00 1.86049853441232e+00 -1.88535078602529e-02 
1.90202342917998e+00 1.86255530048634e+00 -2.74091531542862e-02 
1.90536031238907e+00 1.86458860187970e+00 -3.76043211178735e-02 
1.90869719559815e+00 1.86659902097893e+00 -4.94537188382999e-02 
1.91203407880724e+00 1.86858710548168e+00 -6.29703772341030e-02 
1.91537096201633e+00 1.87055336883420e+00 -7.81658743110518e-02 
1.91870784522542e+00 1.87249829084289e+00 -9.50505384276353e-02 
1.92204472843450e+00 1.87442231841801e+00 -1.13633632921257e-01 
1.92538161164359e+00 1.87632586641418e+00 -1.33923523480606e-01 
1.92871849485268e+00 1.87820931853842e+00 -1.55927829661584e-01 
1.93205537806177e+00 1.88007302830177e+00 -1.79653561910318e-01 
1.93539226127086e+00 1.88191731999457e+00 -2.05107245411169e-01 
1.93872914447994e+00 1.88374248966960e+00 -2.32295032011254e-01 
1.94206602768903e+00 1.88554880612051e+00 -2.61222801399502e-01 
1.94540291089812e+00 1.88733651184521e+00 -2.91896252645536e-01 
1.94873979410721e+00 1.88910582398681e+00 -3.24320987114868e-01 
1.95207667731629e+00 1.89085693524599e+00 -3.58502583712474e-01 
1.95541356052538e+00 1.89259001476063e+00 -3.94446667316954e-01 
1.95875044373447e+00 1.89430520894973e+00 -4.32158971208500e-01 
1.96208732694356e+00 1.89600264231948e+00 -4.71645394215504e-01 
1.96542421015264e+00 1.89768241823061e+00 -5.12912053249244e-01 
1.96876109336173e+00 1.89934461962656e+00 -5.55965331836512e-01 
1.97209797657082e+00 1.90098930972263e+00 -6.00811925204824e-01 
1.97543485977991e+00 1.90261653265682e+00 -6.47458882429981e-01 
1.97877174298900e+00 1.90422631410348e+00 -6.95913646111622e-01 
1.98210862619808e+00 1.90581866185091e+00 -7.46184090002676e-01 
1.98544550940717e+00 1.90739356634475e+00 -7.98278554985202e-01 
1.98878239261626e+00 1.90895100119876e+00 -8.52205883755655e-01 
1.99211927582535e+00 1.91049092367505e+00 -9.07975454551978e-01 
1.99545615903443e+00 1.91201327513590e+00 -9.65597214236708e-01 
1.99879304224352e+00 1.91351798146935e+00 -1.02508171102502e+00 
2.00212992545261e+00 1.91500495349090e+00 -1.08644012713134e+00 
2.00546680866170e+00 1.91647408732398e+00 -1.14968431159431e+00 
2.00880369187078e+00 1.91792526476164e+00 -1.21482681352376e+00 
2.01214057507987e+00 1.91935835361224e+00 -1.28188091600686e+00 
2.01547745828896e+00 1.92077320803213e+00 -1.35086067089740e+00 
2.01881434149805e+00 1.92216966884827e+00 -1.42178093471050e+00 
2.02215122470714e+00 1.92354756387420e+00 -1.49465740583365e+00 
2.02548810791622e+00 1.92490670822267e+00 -1.56950666326528e+00 
2.02882499112531e+00 1.92624690461882e+00 -1.64634620708401e+00 
2.03216187433440e+00 1.92756794371780e+00 -1.72519450085457e+00 
2.03549875754349e+00 1.92886960443144e+00 -1.80607101616734e+00 
2.03883564075257e+00 1.93015165426833e+00 -1.88899627951163e+00 
2.04217252396166e+00 1.93141384969295e+00 -1.97399192167570e+00 
2.04550940717075e+00 1.93265593650920e+00 -2.06108072986649e+00 
2.04884629037984e+00 1.93387765027474e+00 -2.15028670273617e+00 
2.05218317358892e+00 1.93507871675311e+00 -2.24163510849380e+00 
2.05552005679801e+00 1.93625885241110e+00 -2.33515254627642e+00 
2.05885694000710e+00 1.93741776497000e+00 -2.43086701093672e+00 
2.06219382321619e+00 1.93855515401996e+00 -2.52880796139214e+00 
2.06553070642528e+00 1.93967071170798e+00 -2.62900639265542e+00 
2.06886758963436e+00 1.94076412351083e+00 -2.73149491163914e+00 
2.07220447284345e+00 1.94183506910602e+00 -2.83630781679207e+00 
2.07554135605254e+00 1.94288322335455e+00 -2.94348118157501e+00 
2.07887823926163e+00 1.94390825741132e+00 -3.05305294172690e+00 
2.08221512247071e+00 1.94490983998039e+00 -3.16506298619546e+00 
2.08555200567980e+00 1.94588763873400e+00 -3.27955325151823e+00 
2.08888888888889e+00 1.94684132191618e+00 -3.39656781932037e+00 
2.09222577209798e+00 1.94777056015363e+00 -3.51615301646437e+00 
2.09556265530706e+00 1.94867502849851e+00 -3.63835751720729e+00 
2.09889953851615e+00 1.94955440872981e+00 -3.76323244653004e+00 
2.10223642172524e+00 1.95040839194169e+00 -3.89083148354695e+00 
2.10557330493433e+00 1.95123668144891e+00 -4.02121096362131e+00 
2.10891018814341e+00 1.95203899604120e+00 -4.15442997746436e+00 
2.11224707135250e+00 1.95281507361874e+00 -4.29055046509972e+00 
2.11558395456159e+00 1.95356467524188e+00 -4.42963730209825e+00 
2.11892083777068e+00 1.95428758962713e+00 -4.57175837496283e+00 
2.12225772097977e+00 1.95498363811977e+00 -4.71698464192704e+00 
2.12559460418885e+00 1.95565268016991e+00 -4.86539017474895e+00 
2.12893148739794e+00 1.95629461933293e+00 -5.01705217633134e+00 
2.13226837060703e+00 1.95690940980736e+00 -5.17205096818303e+00 
2.13560525381612e+00 1.95749706351121e+00 -5.33046994087842e+00 
2.13894213702520e+00 1.95805765768251e+00 -5.49239545980229e+00 
2.14227902023429e+00 1.95859134296952e+00 -5.65791671761692e+00 
2.14561590344338e+00 1.95909835195048e+00 -5.82712552413090e+00 
2.14895278665247e+00 1.95957900799145e+00 -6.00011602364303e+00 
2.15228966986155e+00 1.96003373431271e+00 -6.17698432950961e+00 
2.15562655307064e+00 1.96046306309041e+00 -6.35782806572696e+00 
2.15896343627973e+00 1.96086764436962e+00 -6.54274580591682e+00 
2.16230031948882e+00 1.96124825451062e+00 -6.73183640138716e+00 
2.16563720269791e+00 1.96160580383239e+00 -6.92519819210766e+00 
2.16897408590699e+00 1.96194134306080e+00 -7.12292809764151e+00 
2.17231096911608e+00 1.96225606813749e+00 -7.32512058945069e+00 
2.17564785232517e+00 1.96255132290511e+00 -7.53186655162634e+00 
2.17898473553426e+00 1.96282859916290e+00 -7.74325204392965e+00 
2.18232161874334e+00 1.96308953359091e+00 -7.95935698893695e+00 
2.18565850195243e+00 1.96333590108081e+00 -8.18025381367490e+00 
2.18899538516152e+00 1.96356960409101e+00 -8.40600608489163e+00 
2.19233226837061e+00 1.96379265777156e+00 -8.63666718527048e+00 
2.19566915157969e+00 1.96400717077753e+00 -8.87227908453004e+00 
2.19900603478878e+00 1.96421532190577e+00 -9.11287126347946e+00 
2.20234291799787e+00 1.96441933293685e+00 -9.35845984970785e+00 
2.20567980120696e+00 1.96462143832500e+00 -9.60904701992566e+00 
2.20901668441605e+00 1.96482385262863e+00 -9.86462071561408e+00 
2.21235356762513e+00 1.96502873678930e+00 -1.01251547056586e+01 
2.21569045083422e+00 1.96523816451822e+00 -1.03906090127560e+01 
2.21902733404331e+00 1.96545409011764e+00 -1.06609307008408e+01 
2.22236421725240e+00 1.96567831903449e+00 -1.09360550003224e+01 
2.22570110046148e+00 1.96591248231429e+00 -1.12159067285542e+01 
2.22903798367057e+00 1.96615801590447e+00 -1.15004019465741e+01 
2.23237486687966e+00 1.96641614546932e+00 -1.17894497813789e+01 
2.23571175008875e+00 1.96668787705240e+00 -1.20829543368214e+01 
2.23904863329783e+00 1.96697399359050e+00 -1.23808166159569e+01 
2.24238551650692e+00 1.96727505697577e+00 -1.26829363828947e+01 
2.24572239971601e+00 1.96759141510559e+00 -1.29892139019445e+01 
2.24905928292510e+00 1.96792321317067e+00 -1.32995515046828e+01 
2.25239616613419e+00 1.96827040831568e+00 -1.36138549499903e+01 
2.25573304934327e+00 1.96863278676454e+00 -1.39320345566602e+01 
2.25906993255236e+00 1.96900998252242e+00 -1.42540061016483e+01 
2.26240681576145e+00 1.96940149683745e+00 -1.45796914885855e+01 
2.26574369897054e+00 1.96980671770983e+00 -1.49090192002878e+01 
2.26908058217962e+00 1.97022493886048e+00 -1.52419245555491e+01 
2.27241746538871e+00 1.97065537770209e+00 -1.55783497945909e+01 
2.27575434859780e+00 1.97109719198171e+00 -1.59182440194786e+01 
2.27909123180689e+00 1.97154949487878e+00 -1.62615630159843e+01 
2.28242811501597e+00 1.97201136844168e+00 -1.66082689822380e+01 
2.28576499822506e+00 1.97248187532697e+00 -1.69583301874428e+01 
2.28910188143415e+00 1.97296006886865e+00 -1.73117205813317e+01 
2.29243876464324e+00 1.97344500155184e+00 -1.76684193721840e+01 
2.29577564785233e+00 1.97393573199701e+00 -1.80284105883339e+01 
2.29911253106141e+00 1.97443133058126e+00 -1.83916826353511e+01 
2.30244941427050e+00 1.97493088383307e+00 -1.87582278585454e+01 
2.30578629747959e+00 1.97543349773960e+00 -1.91280421182180e+01 
2.30912318068868e+00 1.97593830010335e+00 -1.95011243831487e+01 
2.31246006389776e+00 1.97644444207750e+00 -1.98774763461858e+01 
2.31579694710685e+00 1.97695109900127e+00 -2.02571020644798e+01 
2.31913383031594e+00 1.97745747064559e+00 -2.06400076258129e+01 
2.32247071352503e+00 1.97796278096866e+00 -2.10262008416385e+01 
2.32580759673411e+00 1.97846627747017e+00 -2.14156909667852e+01 
2.32914447994320e+00 1.97896723022237e+00 -2.18084884452834e+01 
2.33248136315229e+00 1.97946493064621e+00 -2.22046046814177e+01 
2.33581824636138e+00 1.97995869009183e+00 -2.26040518348486e+01 
2.33915512957046e+00 1.98044783827450e+00 -2.30068426384768e+01 
2.34249201277955e+00 1.98093172160942e+00 -2.34129902376240e+01 
2.34582889598864e+00 1.98140970148268e+00 -2.38225080490482e+01 
2.34916577919773e+00 1.98188115248959e+00 -2.42354096382914e+01 
2.35250266240682e+00 1.98234546066656e+00 -2.46517086138775e+01 
2.35583954561590e+00 1.98280202173848e+00 -2.50714185369101e+01 
2.35917642882499e+00 1.98325023939942e+00 -2.54945528446626e+01 
2.36251331203408e+00 1.98368952364136e+00 -2.59211247868149e+01 
2.36585019524317e+00 1.98411928914259e+00 -2.63511473730557e+01 
2.36918707845225e+00 1.98453895372484e+00 -2.67846333308336e+01 
2.37252396166134e+00 1.98494793688630e+00 -2.72215950721127e+01 
2.37586084487043e+00 1.98534565841538e+00 -2.76620446680594e+01 
2.37919772807952e+00 1.98573153708874e+00 -2.81059938306537e+01 
2.38253461128861e+00 1.98610498945552e+00 -2.85534539002979e+01 
2.38587149449769e+00 1.98646542870848e+00 -2.90044358385483e+01 
2.38920837770678e+00 1.98681226364190e+00 -2.94589502251777e+01 
2.39254526091587e+00 1.98714489769483e+00 -2.99170072588334e+01 
2.39588214412496e+00 1.98746272807790e+00 -3.03786167606186e+01 
2.39921902733404e+00 1.98776514498113e+00 -3.08437881799876e+01 
2.40255591054313e+00 1.98805153085948e+00 -3.13125306024038e+01 
2.40589279375222e+00 1.98832125979280e+00 -3.17848527582640e+01 
2.40922967696131e+00 1.98857369691626e+00 -3.22607630326459e+01 
2.41256656017039e+00 1.98880819791729e+00 -3.27402694754861e+01 
2.41590344337948e+00 1.98902410859472e+00 -3.32233798118498e+01 
2.41924032658857e+00 1.98922076447584e+00 -3.37101014519818e+01 
2.42257720979766e+00 1.98939749048710e+00 -3.42004415008976e+01 
2.42591409300675e+00 1.98955360067403e+00 -3.46944067672823e+01 
2.42925097621583e+00 1.98968839796627e+00 -3.51920037715240e+01 
2.43258785942492e+00 1.98980117398346e+00 -3.56932387527337e+01 
2.43592474263401e+00 1.98989120887805e+00 -3.61981176746304e+01 
2.43926162584310e+00 1.98995777121128e+00 -3.67066462302043e+01 
2.44259850905218e+00 1.99000011785845e+00 -3.72188298450883e+01 
2.44593539226127e+00 1.99001749394060e+00 -3.77346736796038e+01 
2.44927227547036e+00 1.99000913277867e+00 -3.82541826294456e+01 
2.45260915867945e+00 1.98997425586796e+00 -3.87773613250040e+01 
2.45594604188853e+00 1.98991207286959e+00 -3.93042141293338e+01 
2.45928292509762e+00 1.98982178161673e+00 -3.98347451347820e+01 
2.46261980830671e+00 1.98970256813349e+00 -4.03689581583169e+01 
2.46595669151580e+00 1.98955360666410e+00 -4.09068567355796e+01 
2.46929357472488e+00 1.98937405971094e+00 -4.14484441137210e+01 
2.47263045793397e+00 1.98916307807962e+00 -4.19937232430600e+01 
2.47596734114306e+00 1.98891980092991e+00 -4.25426967676249e+01 
2.47930422435215e+00 1.98864335583125e+00 -4.30953670146349e+01 
2.48264110756124e+00 1.98833285882178e+00 -4.36517359829706e+01 
2.48597799077032e+00 1.98798741447030e+00 -4.42118053307039e+01 
2.48931487397941e+00 1.98760611594024e+00 -4.47755763617405e+01 
2.49265175718850e+00 1.98718804505523e+00 -4.53430500116264e+01 
2.49598864039759e+00 1.98673227236595e+00 -4.59142268325852e+01 
2.49932552360667e+00 1.98623785721780e+00 -4.64891069778316e+01 
2.50266240681576e+00 1.98570384781934e+00 -4.70676901852166e+01 
2.50599929002485e+00 1.98512928131148e+00 -4.76499757602560e+01 
2.50933617323394e+00 1.98451318383718e+00 -4.82359625585782e+01 
2.51267305644302e+00 1.98385457061203e+00 -4.88256489678513e+01 
2.51600993965211e+00 1.98315244599567e+00 -4.94190328892169e+01 
2.51934682286120e+00 1.98240580356419e+00 -5.00161117182730e+01 
2.52268370607029e+00 1.98161362618399e+00 -5.06168823256446e+01 
2.52602058927938e+00 1.98077488608709e+00 -5.12213410371711e+01 
2.52935747248846e+00 1.97988854494835e+00 -5.18294836137403e+01 
2.53269435569755e+00 1.97895355396492e+00 -5.24413052307989e+01 
2.53603123890664e+00 1.97796885393823e+00 -5.30568004575643e+01 
2.53936812211573e+00 1.97693337535886e+00 -5.36759632359580e+01 
2.54270500532481e+00 1.97584603849478e+00 -5.42987868592862e+01 
2.54604188853390e+00 1.97470575348313e+00 -5.49252639506832e+01 
2.54937877174299e+00 1.97351142042623e+00 -5.55553864413381e+01 
2.55271565495208e+00 1.97226192949179e+00 -5.61891455485182e+01 
2.55605253816116e+00 1.97095616101817e+00 -5.68265317534075e+01 
2.55938942137025e+00 1.96959298562461e+00 -5.74675347787709e+01 
2.56272630457934e+00 1.96817126432724e+00 -5.81121435664585e+01 
2.56606318778843e+00 1.96668984866089e+00 -5.87603462547650e+01 
2.56940007099752e+00 1.96514758080718e+00 -5.94121301556470e+01 
2.57273695420660e+00 1.96354329372934e+00 -6.00674817318212e+01 
2.57607383741569e+00 1.96187581131398e+00 -6.07263865737424e+01 
2.57941072062478e+00 1.96014394852019e+00 -6.13888293764815e+01 
2.58274760383387e+00 1.95834651153629e+00 -6.20547939165073e+01 
2.58608448704295e+00 1.95648229794455e+00 -6.27242630283817e+01 
2.58942137025204e+00 1.95455009689420e+00 -6.33972185813866e+01 
2.59275825346113e+00 1.95254868928297e+00 -6.40736414560803e+01 
2.59609513667022e+00 1.95047684794762e+00 -6.47535115208072e+01 
2.59943201987930e+00 1.94833333786342e+00 -6.54368076081587e+01 
2.60276890308839e+00 1.94611691635326e+00 -6.61235074914089e+01 
2.60610578629748e+00 1.94382633330624e+00 -6.68135878609250e+01 
2.60944266950657e+00 1.94146033140637e+00 -6.75070243005736e+01 
2.61277955271566e+00 1.93901764637133e+00 -6.82037912641288e+01 
2.61611643592474e+00 1.93649700720170e+00 -6.89038620517001e+01 
2.61945331913383e+00 1.93389713644079e+00 -6.96072087861889e+01 
2.62279020234292e+00 1.93121675044540e+00 -7.03138023897904e+01 
2.62612708555201e+00 1.92845455966765e+00 -7.10236125605579e+01 
2.62946396876109e+00 1.92560926894795e+00 -7.17366077490352e+01 
2.63280085197018e+00 1.92267957781967e+00 -7.24527551349872e+01 
2.63613773517927e+00 1.91966418082533e+00 -7.31720206042328e+01 
2.63947461838836e+00 1.91656176784470e+00 -7.38943687256036e+01 
2.64281150159744e+00 1.91337102443482e+00 -7.46197627280432e+01 
2.64614838480653e+00 1.91009063218233e+00 -7.53481644778705e+01 
2.64948526801562e+00 1.90671926906808e+00 -7.60795344562177e+01 
2.65282215122471e+00 1.90325560984416e+00 -7.68138317366719e+01 
2.65615903443379e+00 1.89969832642366e+00 -7.75510139631346e+01 
2.65949591764288e+00 1.89604608828308e+00 -7.82910373279205e+01 
2.66283280085197e+00 1.89229756287766e+00 -7.90338565501233e+01 
2.66616968406106e+00 1.88845141606964e+00 -7.97794248542611e+01 
2.66950656727015e+00 1.88450631256965e+00 -8.05276939492329e+01 
2.67284345047923e+00 1.88046091639112e+00 -8.12786140076049e+01 
2.67618033368832e+00 1.87631389131815e+00 -8.20321336452548e+01 
2.67951721689741e+00 1.87206390138639e+00 -8.27881999013923e+01 
2.68285410010650e+00 1.86770961137755e+00 -8.35467582189882e+01 
2.68619098331558e+00 1.86324968732705e+00 -8.43077524256330e+01 
2.68952786652467e+00 1.85868279704531e+00 -8.50711247148557e+01 
2.69286474973376e+00 1.85400761065231e+00 -8.58368156279255e+01 
2.69620163294285e+00 1.84922280112562e+00 -8.66047640361648e+01 
2.69953851615193e+00 1.84432704486194e+00 -8.73749071238054e+01 
2.70287539936102e+00 1.83931902225190e+00 -8.81471803714096e+01 
2.70621228257011e+00 1.83419741826833e+00 -8.89215175398912e+01 
2.70954916577920e+00 1.82896092306774e+00 -8.96978506551610e+01 
2.71288604898829e+00 1.82360823260508e+00 -9.04761099934293e+01 
2.71622293219737e+00 1.81813804926158e+00 -9.12562240671944e+01 
2.71955981540646e+00 1.81254908248568e+00 -9.20381196119471e+01 
2.72289669861555e+00 1.80684004944678e+00 -9.28217215736218e+01 
2.72623358182464e+00 1.80100967570180e+00 -9.36069530968231e+01 
2.72957046503372e+00 1.79505669587441e+00 -9.43937355138681e+01 
2.73290734824281e+00 1.78897985434646e+00 -9.51819883346574e+01 
2.73624423145190e+00 1.78277790596192e+00 -9.59716292374297e+01 
2.73958111466099e+00 1.77644961674258e+00 -9.67625740604064e+01 
2.74291799787007e+00 1.76999376461570e+00 -9.75547367943846e+01 
2.74625488107916e+00 1.76340914015306e+00 -9.83480295762835e+01 
2.74959176428825e+00 1.75669454732129e+00 -9.91423626836956e+01 
2.75292864749734e+00 1.74984880424312e+00 -9.99376445304671e+01 
2.75626553070642e+00 1.74287074396930e+00 -1.00733781663336e+02 
2.75960241391551e+00 1.73575921526071e+00 -1.01530678759665e+02 
2.76293929712460e+00 1.72851308338047e+00 -1.02328238626296e+02 
2.76627618033369e+00 1.72113123089552e+00 -1.03126362199564e+02 
2.76961306354278e+00 1.71361255848736e+00 -1.03924948546488e+02 
2.77294994675186e+00 1.70595598577146e+00 -1.04723894867186e+02 
2.77628682996095e+00 1.69816045212494e+00 -1.05523096498528e+02 
2.77962371317004e+00 1.69022491752196e+00 -1.06322446919069e+02 
2.78296059637913e+00 1.68214836337648e+00 -1.07121837755289e+02 
2.78629747958821e+00 1.67392979339166e+00 -1.07921158789154e+02 
2.78963436279730e+00 1.66556823441558e+00 -1.08720297967055e+02 
2.79297124600639e+00 1.65706273730249e+00 -1.09519141410115e+02 
2.79630812921548e+00 1.64841237777926e+00 -1.10317573425927e+02 
2.79964501242457e+00 1.63961625731607e+00 -1.11115476521723e+02 
2.80298189563365e+00 1.63067350400120e+00 -1.11912731419012e+02 
2.80631877884274e+00 1.62158327341869e+00 -1.12709217069704e+02 
2.80965566205183e+00 1.61234474952867e+00 -1.13504810673749e+02 
2.81299254526092e+00 1.60295714554945e+00 -1.14299387698302e+02 
2.81632942847000e+00 1.59341970484061e+00 -1.15092821898457e+02 
2.81966631167909e+00 1.58373170178647e+00 -1.15884985339540e+02 
2.82300319488818e+00 1.57389244267911e+00 -1.16675748421007e+02 
2.82634007809727e+00 1.56390126660022e+00 -1.17464979901945e+02 
2.82967696130635e+00 1.55375754630090e+00 -1.18252546928199e+02 
2.83301384451544e+00 1.54346068907853e+00 -1.19038315061145e+02 
2.83635072772453e+00 1.53301013765025e+00 -1.19822148308108e+02 
2.83968761093362e+00 1.52240537102153e+00 -1.20603909154459e+02 
2.84302449414271e+00 1.51164590534977e+00 -1.21383458597368e+02 
2.84636137735179e+00 1.50073129480120e+00 -1.22160656181254e+02 
2.84969826056088e+00 1.48966113240095e+00 -1.22935360034919e+02 
2.85303514376997e+00 1.47843505087474e+00 -1.23707426910384e+02 
2.85637202697906e+00 1.46705272348179e+00 -1.24476712223407e+02 
2.85970891018814e+00 1.45551386483753e+00 -1.25243070095714e+02 
2.86304579339723e+00 1.44381823172551e+00 -1.26006353398928e+02 
2.86638267660632e+00 1.43196562389738e+00 -1.26766413800175e+02 
2.86971955981541e+00 1.41995588486001e+00 -1.27523101809406e+02 
2.87305644302449e+00 1.40778890264881e+00 -1.28276266828386e+02 
2.87639332623358e+00 1.39546461058602e+00 -1.29025757201357e+02 
2.87973020944267e+00 1.38298298802347e+00 -1.29771420267374e+02 
2.88306709265176e+00 1.37034406106822e+00 -1.30513102414288e+02 
2.88640397586085e+00 1.35754790329058e+00 -1.31250649134357e+02 
2.88974085906993e+00 1.34459463641314e+00 -1.31983905081483e+02 
2.89307774227902e+00 1.33148443098010e+00 -1.32712714130045e+02 
2.89641462548811e+00 1.31821750700565e+00 -1.33436919435304e+02 
2.89975150869720e+00 1.30479413460055e+00 -1.34156363495360e+02 
2.90308839190628e+00 1.29121463457590e+00 -1.34870888214634e+02 
2.90642527511537e+00 1.27747937902308e+00 -1.35580334968843e+02 
2.90976215832446e+00 1.26358879186887e+00 -1.36284544671440e+02 
2.91309904153355e+00 1.24954334940482e+00 -1.36983357841484e+02 
2.91643592474263e+00 1.23534358078984e+00 -1.37676614672895e+02 
2.91977280795172e+00 1.22099006852524e+00 -1.38364155105076e+02 
2.92310969116081e+00 1.20648344890094e+00 -1.39045818894842e+02 
2.92644657436990e+00 1.19182441241235e+00 -1.39721445689614e+02 
2.92978345757898e+00 1.17701370414672e+00 -1.40390875101842e+02 
2.93312034078807e+00 1.16205212413818e+00 -1.41053946784614e+02 
2.93645722399716e+00 1.14694052769061e+00 -1.41710500508373e+02 
2.93979410720625e+00 1.13167982566748e+00 -1.42360376238718e+02 
2.94313099041534e+00 1.11627098474793e+00 -1.43003414215224e+02 
2.94646787362442e+00 1.10071502764812e+00 -1.43639455031222e+02 
2.94980475683351e+00 1.08501303330730e+00 -1.44268339714487e+02 
2.95314164004260e+00 1.06916613703770e+00 -1.44889909808754e+02 
2.95647852325169e+00 1.05317553063769e+00 -1.45504007456033e+02 
2.95981540646077e+00 1.03704246246736e+00 -1.46110475479618e+02 
2.96315228966986e+00 1.02076823748609e+00 -1.46709157467757e+02 
2.96648917287895e+00 1.00435421725132e+00 -1.47299897857895e+02 
2.96982605608804e+00 9.87801819878128e-01 -1.47882542021416e+02 
2.97316293929712e+00 9.71112519958930e-01 -1.48456936348832e+02 
2.97649982250621e+00 9.54287848442980e-01 -1.49022928335326e+02 
2.97983670571530e+00 9.37329392475126e-01 -1.49580366666581e+02 
2.98317358892439e+00 9.20238795193389e-01 -1.50129101304815e+02 
2.98651047213348e+00 9.03017755485154e-01 -1.50668983574944e+02 
2.98984735534256e+00 8.85668027701525e-01 -1.51199866250808e+02 
2.99318423855165e+00 8.68191421329657e-01 -1.51721603641341e+02 
2.99652112176074e+00 8.50589800622790e-01 -1.52234051676652e+02 
2.99985800496983e+00 8.32865084187864e-01 -1.52737067993902e+02 
3.00319488817891e+00 8.15019244530667e-01 -1.53230512022892e+02 
3.00653177138800e+00 7.97054307558187e-01 -1.53714245071300e+02 
3.00986865459709e+00 7.78972352038482e-01 -1.54188130409465e+02 
3.01320553780618e+00 7.60775509017896e-01 -1.54652033354633e+02 
3.01654242101526e+00 7.42465961195716e-01 -1.55105821354586e+02 
3.01987930422435e+00 7.24045942256538e-01 -1.55549364070562e+02 
3.02321618743344e+00 7.05517736160316e-01 -1.55982533459391e+02 
3.02655307064253e+00 6.86883676390672e-01 -1.56405203854732e+02 
3.02988995385162e+00 6.68146145161300e-01 -1.56817252047370e+02 
3.03322683706070e+00 6.49307572581355e-01 -1.57218557364442e+02 
3.03656372026979e+00 6.30370435779753e-01 -1.57609001747540e+02 
3.03990060347888e+00 6.11337257989165e-01 -1.57988469829582e+02 
3.04323748668797e+00 5.92210607590068e-01 -1.58356849010384e+02 
3.04657436989705e+00 5.72993097115490e-01 -1.58714029530846e+02 
3.04991125310614e+00 5.53687382217000e-01 -1.59059904545658e+02 
3.05324813631523e+00 5.34296160592698e-01 -1.59394370194459e+02 
3.05658501952432e+00 5.14822170877930e-01 -1.59717325671365e+02 
3.05992190273340e+00 4.95268191499354e-01 -1.60028673292780e+02 
3.06325878594249e+00 4.75637039493469e-01 -1.60328318563424e+02 
3.06659566915158e+00 4.55931569290202e-01 -1.60616170240488e+02 
3.06993255236067e+00 4.36154671462661e-01 -1.60892140395861e+02 
3.07326943556976e+00 4.16309271443991e-01 -1.61156144476337e+02 
3.07660631877884e+00 3.96398328212303e-01 -1.61408101361750e+02 
3.07994320198793e+00 3.76424832944830e-01 -1.61647933420945e+02 
3.08328008519702e+00 3.56391807642376e-01 -1.61875566565557e+02 
3.08661696840611e+00 3.36302303725176e-01 -1.62090930301488e+02 
3.08995385161519e+00 3.16159400601528e-01 -1.62293957778060e+02 
3.09329073482428e+00 2.95966204210223e-01 -1.62484585834766e+02 
3.09662761803337e+00 2.75725845538192e-01 -1.62662755045561e+02 
3.09996450124246e+00 2.55441479114650e-01 -1.62828409760656e+02 
3.10330138445154e+00 2.35116281483096e-01 -1.62981498145751e+02 
3.10663826766063e+00 2.14753449652504e-01 -1.63121972218660e+02 
3.10997515086972e+00 1.94356199529219e-01 -1.63249787883289e+02 
3.11331203407881e+00 1.73927764330875e-01 -1.63364904960927e+02 
3.11664891728790e+00 1.53471392983862e-01 -1.63467287218806e+02 
3.11998580049698e+00 1.32990348505941e-01 -1.63556902395898e+02 
3.12332268370607e+00 1.12487906375293e-01 -1.63633722225919e+02 
3.12665956691516e+00 9.19673528877761e-02 -1.63697722457508e+02 
3.12999645012425e+00 7.14319835037524e-02 -1.63748882871565e+02 
3.13333333333333e+00 5.08851011862366e-02 -1.63787187295709e+02 
