Data Format: k_val_normalized w_real_normalized w_imag 
num_pts 435 
0.00000000000000e+00 4.43568199152101e-17 -8.93443154984064e-15 
7.15931533903884e-03 7.15931533903869e-03 1.05643070339665e-14 
1.43186306780777e-02 1.43186306780778e-02 1.17941044678725e-14 
2.14779460171165e-02 2.14779460171165e-02 3.44653356191269e-14 
2.86372613561554e-02 2.86372613561554e-02 -1.26002861787753e-14 
3.57965766951942e-02 3.57965766951942e-02 -6.32095721279500e-15 
4.29558920342330e-02 4.29558920342332e-02 7.46110423305649e-15 
5.01152073732719e-02 5.01152073732721e-02 -5.92647502755954e-16 
5.72745227123107e-02 5.72745227123107e-02 1.28598737445925e-14 
6.44338380513496e-02 6.44338380513497e-02 8.97401798657539e-15 
7.15931533903884e-02 7.15931533903888e-02 -1.88379257978704e-14 
7.87524687294272e-02 7.87524687294278e-02 -4.37114386138849e-14 
8.59117840684661e-02 8.59117840684669e-02 -7.96362328917653e-14 
9.30710994075049e-02 9.30710994075067e-02 -1.82617846857682e-13 
1.00230414746544e-01 1.00230414746548e-01 -4.31204915125292e-13 
1.07389730085583e-01 1.07389730085590e-01 -8.28893206969183e-13 
1.14549045424621e-01 1.14549045424637e-01 -1.55655879336428e-12 
1.21708360763660e-01 1.21708360763690e-01 -2.83475156173230e-12 
1.28867676102699e-01 1.28867676102754e-01 -4.94832807108430e-12 
1.36026991441738e-01 1.36026991441837e-01 -8.40972444494198e-12 
1.43186306780777e-01 1.43186306780948e-01 -1.38082579445780e-11 
1.50345622119816e-01 1.50345622120105e-01 -2.21528776526305e-11 
1.57504937458854e-01 1.57504937459329e-01 -3.46394829156934e-11 
1.64664252797893e-01 1.64664252798656e-01 -5.30925947691546e-11 
1.71823568136932e-01 1.71823568138132e-01 -7.97170084463854e-11 
1.78982883475971e-01 1.78982883477823e-01 -1.17563478362036e-10 
1.86142198815010e-01 1.86142198817813e-01 -1.70391660636291e-10 
1.93301514154049e-01 1.93301514158221e-01 -2.43116111618199e-10 
2.00460829493088e-01 2.00460829499199e-01 -3.41777222634238e-10 
2.07620144832126e-01 2.07620144840948e-01 -4.73947991935985e-10 
2.14779460171165e-01 2.14779460183719e-01 -6.48695622719909e-10 
2.21938775510204e-01 2.21938775527836e-01 -8.77111685118644e-10 
2.29098090849243e-01 2.29098090873703e-01 -1.17235150378082e-09 
2.36257406188282e-01 2.36257406221816e-01 -1.54982248985643e-09 
2.43416721527321e-01 2.43416721572784e-01 -2.02769355804450e-09 
2.50576036866359e-01 2.50576036927345e-01 -2.62675405076988e-09 
2.57735352205398e-01 2.57735352286377e-01 -3.37069596300799e-09 
2.64894667544437e-01 2.64894667650927e-01 -4.28629194164992e-09 
2.72053982883476e-01 2.72053983022211e-01 -5.40337337085009e-09 
2.79213298222515e-01 2.79213298401645e-01 -6.75472926820481e-09 
2.86372613561554e-01 2.86372613790843e-01 -8.37605730603235e-09 
2.93531928900592e-01 2.93531929191631e-01 -1.03055979128455e-08 
3.00691244239631e-01 3.00691244606046e-01 -1.25836999504222e-08 
3.07850559578670e-01 3.07850560036321e-01 -1.52522547151136e-08 
3.15009874917709e-01 3.15009875484872e-01 -1.83539647195304e-08 
3.22169190256748e-01 3.22169190954258e-01 -2.19311486460660e-08 
3.29328505595787e-01 3.29328506447127e-01 -2.60247044589530e-08 
3.36487820934826e-01 3.36487821966134e-01 -3.06725029559589e-08 
3.43647136273864e-01 3.43647137513843e-01 -3.59076543243950e-08 
3.50806451612903e-01 3.50806453092577e-01 -4.17565771239520e-08 
3.57965766951942e-01 3.57965768704239e-01 -4.82366194346657e-08 
3.65125082290981e-01 3.65125084350088e-01 -5.53537329561027e-08 
3.72284397630020e-01 3.72284400030439e-01 -6.30995432085419e-08 
3.79443712969059e-01 3.79443715744320e-01 -7.14486584360968e-08 
3.86603028308097e-01 3.86603031489032e-01 -8.03555028379095e-08 
3.93762343647136e-01 3.93762347259640e-01 -8.97513800725824e-08 
4.00921658986175e-01 4.00921663048343e-01 -9.95414290795477e-08 
4.08080974325214e-01 4.08080978843736e-01 -1.09601886366978e-07 
4.15240289664253e-01 4.15240294629954e-01 -1.19777675729498e-07 
4.22399605003292e-01 4.22399610385649e-01 -1.29880448627274e-07 
4.29558920342330e-01 4.29558926082810e-01 -1.39687694143986e-07 
4.36718235681369e-01 4.36718241685401e-01 -1.48942610637318e-07 
4.43877551020408e-01 4.43877557147795e-01 -1.57355711578116e-07 
4.51036866359447e-01 4.51036872412967e-01 -1.64607971177871e-07 
4.58196181698486e-01 4.58196187410452e-01 -1.70356345071478e-07 
4.65355497037525e-01 4.65355502054021e-01 -1.74242234003165e-07 
4.72514812376564e-01 4.72514816239050e-01 -1.75903116055112e-07 
4.79674127715602e-01 4.79674129839558e-01 -1.74988385586273e-07 
4.86833443054641e-01 4.86833442704901e-01 -1.71180015716271e-07 
4.93992758393680e-01 4.93992754656054e-01 -1.64218845145067e-07 
5.01152073732719e-01 5.01152065481486e-01 -1.53937615932458e-07 
5.08311389071758e-01 5.08311374932576e-01 -1.40301866043329e-07 
5.15470704410797e-01 5.15470682718548e-01 -1.23459542804175e-07 
5.22630019749835e-01 5.22629988500874e-01 -1.03801048414129e-07 
5.29789335088874e-01 5.29789291887135e-01 -8.20309944831489e-08 
5.36948650427913e-01 5.36948592424279e-01 -5.92532814123712e-08 
5.44107965766952e-01 5.44107889591259e-01 -3.70711545500444e-08 
5.51267281105991e-01 5.51267182791018e-01 -1.77043960289944e-08 
5.58426596445030e-01 5.58426471341759e-01 -4.12549537228101e-09 
5.65585911784068e-01 5.65585754467509e-01 -2.17028988191337e-10 
5.72745227123107e-01 5.72745031287903e-01 -1.09528838643184e-08 
5.79904542462146e-01 5.79904300807190e-01 -4.26056796273595e-08 
5.87063857801185e-01 5.87063561902403e-01 -1.02983298857102e-07 
5.94223173140224e-01 5.94222813310696e-01 -2.01697520524855e-07 
6.01382488479263e-01 6.01382053615787e-01 -3.50468060345915e-07 
6.08541803818301e-01 6.08541281233526e-01 -5.63464999602596e-07 
6.15701119157340e-01 6.15700494396536e-01 -8.57693736192838e-07 
6.22860434496379e-01 6.22859691137939e-01 -1.25342599006531e-06 
6.30019749835418e-01 6.30018869274148e-01 -1.77468075102388e-06 
6.37179065174457e-01 6.37178026386713e-01 -2.44975989378133e-06 
6.44338380513496e-01 6.44337159803244e-01 -3.31184234671334e-06 
6.51497695852535e-01 6.51496266577416e-01 -4.39964186395184e-06 
6.58657011191573e-01 6.58655343468057e-01 -5.75813322459346e-06 
6.65816326530612e-01 6.65814386917370e-01 -7.43935155372064e-06 
6.72975641869651e-01 6.72973393028312e-01 -9.50327076266058e-06 
6.80134957208690e-01 6.80132357541162e-01 -1.20187657604244e-05 
6.87294272547729e-01 6.87291275809368e-01 -1.50646647248785e-05 
6.94453587886768e-01 6.94450142774704e-01 -1.87308965862129e-05 
7.01612903225806e-01 7.01608952941831e-01 -2.31197404595983e-05 
7.08772218564845e-01 7.08767700352358e-01 -2.83471822343066e-05 
7.15931533903884e-01 7.15926378558501e-01 -3.45443850894702e-05 
7.23090849242923e-01 7.23084980596459e-01 -4.18592801076952e-05 
7.30250164581962e-01 7.30243498959641e-01 -5.04582831564294e-05 
7.37409479921001e-01 7.37401925571908e-01 -6.05281443966501e-05 
7.44568795260039e-01 7.44560251760969e-01 -7.22779372689962e-05 
7.51728110599078e-01 7.51718468232138e-01 -8.59411925904602e-05 
7.58887425938117e-01 7.58876565042659e-01 -1.01778184816551e-04 
7.66046741277156e-01 7.66034531576771e-01 -1.20078376101081e-04 
7.73206056616195e-01 7.73192356521826e-01 -1.41163024587272e-04 
7.80365371955234e-01 7.80350027845650e-01 -1.65387962884781e-04 
7.87524687294272e-01 7.87507532775451e-01 -1.93146551988402e-04 
7.94684002633311e-01 7.94664857778585e-01 -2.24872816569647e-04 
8.01843317972350e-01 8.01821988545466e-01 -2.61044766792536e-04 
8.09002633311389e-01 8.08978909974965e-01 -3.02187910356955e-04 
8.16161948650428e-01 8.16135606162670e-01 -3.48878960796885e-04 
8.23321263989467e-01 8.23292060392349e-01 -4.01749744097699e-04 
8.30480579328506e-01 8.30448255131035e-01 -4.61491308288511e-04 
8.37639894667544e-01 8.37604172028122e-01 -5.28858237577096e-04 
8.44799210006583e-01 8.44759791918919e-01 -6.04673174144195e-04 
8.51958525345622e-01 8.51915094833071e-01 -6.89831547535398e-04 
8.59117840684661e-01 8.59070060008346e-01 -7.85306513672368e-04 
8.66277156023700e-01 8.66224665910219e-01 -8.92154101516940e-04 
8.73436471362739e-01 8.73378890257755e-01 -1.01151856749756e-03 
8.80595786701777e-01 8.80532710056264e-01 -1.14463795455986e-03 
8.87755102040816e-01 8.87686101637251e-01 -1.29284985307258e-03 
8.94914417379855e-01 8.94839040706122e-01 -1.45759735852337e-03 
9.02073732718894e-01 9.01991502398183e-01 -1.64043522186995e-03 
9.09233048057933e-01 9.09143461343417e-01 -1.84303618411257e-03 
9.16392363396972e-01 9.16294891740528e-01 -2.06719748882947e-03 
9.23551678736011e-01 9.23445767440766e-01 -2.31484756235453e-03 
9.30710994075049e-01 9.30596062041957e-01 -2.58805285203015e-03 
9.37870309414088e-01 9.37745748993273e-01 -2.88902481047872e-03 
9.45029624753127e-01 9.44894801711105e-01 -3.22012701262388e-03 
9.52188940092166e-01 9.52043193706516e-01 -3.58388239200183e-03 
9.59348255431205e-01 9.59190898724612e-01 -3.98298057976046e-03 
9.66507570770244e-01 9.66337890896222e-01 -4.42028533034662e-03 
9.73666886109282e-01 9.73484144902191e-01 -4.89884201564335e-03 
9.80826201448321e-01 9.80629636150535e-01 -5.42188516768932e-03 
9.87985516787360e-01 9.87774340966745e-01 -5.99284605068391e-03 
9.95144832126399e-01 9.94918236797335e-01 -6.61536024001972e-03 
1.00230414746544e+00 1.00206130242682e+00 -7.29327518661011e-03 
1.00946346280448e+00 1.00920351820816e+00 -8.03065774297127e-03 
1.01662277814352e+00 1.01634486630663e+00 -8.83180162748900e-03 
1.02378209348255e+00 1.02348533095712e+00 -9.70123480228094e-03 
1.03094140882159e+00 1.03062489873463e+00 -1.06437267397560e-02 
1.03810072416063e+00 1.03776355883780e+00 -1.16642955530829e-02 
1.04526003949967e+00 1.04490130338519e+00 -1.27682149649763e-02 
1.05241935483871e+00 1.05203812772387e+00 -1.39610210897930e-02 
1.05957867017775e+00 1.05917403074989e+00 -1.52485190041866e-02 
1.06673798551679e+00 1.06630901524018e+00 -1.66367890824769e-02 
1.07389730085583e+00 1.07344308819514e+00 -1.81321930721853e-02 
1.08105661619486e+00 1.08057626119127e+00 -1.97413798875740e-02 
1.08821593153390e+00 1.08770855074313e+00 -2.14712911002654e-02 
1.09537524687294e+00 1.09483997867367e+00 -2.33291661056152e-02 
1.10253456221198e+00 1.10197057249210e+00 -2.53225469472842e-02 
1.10969387755102e+00 1.10910036577828e+00 -2.74592827825045e-02 
1.11685319289006e+00 1.11622939857260e+00 -2.97475339735426e-02 
1.12401250822910e+00 1.12335771777018e+00 -3.21957757930385e-02 
1.13117182356814e+00 1.13048537751826e+00 -3.48128017320150e-02 
1.13833113890718e+00 1.13761243961569e+00 -3.76077264037100e-02 
1.14549045424621e+00 1.14473897391303e+00 -4.05899880374326e-02 
1.15264976958525e+00 1.15186505871228e+00 -4.37693505602721e-02 
1.15980908492429e+00 1.15899078116471e+00 -4.71559052672934e-02 
1.16696840026333e+00 1.16611623766563e+00 -5.07600720831457e-02 
1.17412771560237e+00 1.17324153424482e+00 -5.45926004218079e-02 
1.18128703094141e+00 1.18036678695117e+00 -5.86645696534084e-02 
1.18844634628045e+00 1.18749212223049e+00 -6.29873891911957e-02 
1.19560566161949e+00 1.19461767729504e+00 -6.75727982125860e-02 
1.20276497695853e+00 1.20174360048374e+00 -7.24328650334895e-02 
1.20992429229756e+00 1.20887005161180e+00 -7.75799861562546e-02 
1.21708360763660e+00 1.21599720230869e+00 -8.30268850147702e-02 
1.22424292297564e+00 1.22312523634350e+00 -8.87866104423417e-02 
1.23140223831468e+00 1.23025434993660e+00 -9.48725348913017e-02 
1.23856155365372e+00 1.23738475205685e+00 -1.01298352433918e-01 
1.24572086899276e+00 1.24451666470345e+00 -1.08078076577177e-01 
1.25288018433180e+00 1.25165032317178e+00 -1.15226037925602e-01 
1.26003949967084e+00 1.25878597630269e+00 -1.22756881726783e-01 
1.26719881500987e+00 1.26592388671460e+00 -1.30685565336546e-01 
1.27435813034891e+00 1.27306433101801e+00 -1.39027355641265e-01 
1.28151744568795e+00 1.28020760001237e+00 -1.47797826474530e-01 
1.28867676102699e+00 1.28735399886465e+00 -1.57012856067282e-01 
1.29583607636603e+00 1.29450384726998e+00 -1.66688624569493e-01 
1.30299539170507e+00 1.30165747959402e+00 -1.76841611681676e-01 
1.31015470704411e+00 1.30881524499739e+00 -1.87488594433825e-01 
1.31731402238315e+00 1.31597750754214e+00 -1.98646645149200e-01 
1.32447333772219e+00 1.32314464628081e+00 -2.10333129629278e-01 
1.33163265306122e+00 1.33031705532814e+00 -2.22565705594277e-01 
1.33879196840026e+00 1.33749514391618e+00 -2.35362321414545e-01 
1.34595128373930e+00 1.34467933643311e+00 -2.48741215162779e-01 
1.35311059907834e+00 1.35187007244645e+00 -2.62720914020935e-01 
1.36026991441738e+00 1.35906780671132e+00 -2.77320234067671e-01 
1.36742922975642e+00 1.36627300916442e+00 -2.92558280475754e-01 
1.37458854509546e+00 1.37348616490447e+00 -3.08454448143080e-01 
1.38174786043450e+00 1.38070777415991e+00 -3.25028422781060e-01 
1.38890717577354e+00 1.38793835224473e+00 -3.42300182481610e-01 
1.39606649111257e+00 1.39517842950312e+00 -3.60289999780837e-01 
1.40322580645161e+00 1.40242855124391e+00 -3.79018444237369e-01 
1.41038512179065e+00 1.40968927766565e+00 -3.98506385538893e-01 
1.41754443712969e+00 1.41696118377306e+00 -4.18774997150742e-01 
1.42470375246873e+00 1.42424485928583e+00 -4.39845760516358e-01 
1.43186306780777e+00 1.43154090854056e+00 -4.61740469819188e-01 
1.43902238314681e+00 1.43884995038654e+00 -4.84481237312119e-01 
1.44618169848585e+00 1.44617261807634e+00 -5.08090499220465e-01 
1.45334101382488e+00 1.45350955915177e+00 -5.32591022221301e-01 
1.46050032916392e+00 1.46086143532602e+00 -5.58005910501379e-01 
1.46765964450296e+00 1.46822892236268e+00 -5.84358613394532e-01 
1.47481895984200e+00 1.47561270995212e+00 -6.11672933596634e-01 
1.48197827518104e+00 1.48301350158594e+00 -6.39973035957368e-01 
1.48913759052008e+00 1.49043201443000e+00 -6.69283456844557e-01 
1.49629690585912e+00 1.49786897919633e+00 -6.99629114077823e-01 
1.50345622119816e+00 1.50532514001464e+00 -7.31035317425727e-01 
1.51061553653720e+00 1.51280125430339e+00 -7.63527779661749e-01 
1.51777485187623e+00 1.52029809264106e+00 -7.97132628171901e-01 
1.52493416721527e+00 1.52781643863763e+00 -8.31876417107738e-01 
1.53209348255431e+00 1.53535708880650e+00 -8.67786140077591e-01 
1.53925279789335e+00 1.54292085243697e+00 -9.04889243368484e-01 
1.54641211323239e+00 1.55050855146724e+00 -9.43213639690884e-01 
1.55357142857143e+00 1.55812102035803e+00 -9.82787722439310e-01 
1.56073074391047e+00 1.56575910596651e+00 -1.02364038046099e+00 
1.56789005924951e+00 1.57342366742066e+00 -1.06580101332416e+00 
1.57504937458854e+00 1.58111557599356e+00 -1.10929954708008e+00 
1.58220868992758e+00 1.58883571497748e+00 -1.15416645051087e+00 
1.58936800526662e+00 1.59658497955742e+00 -1.20043275185613e+00 
1.59652732060566e+00 1.60436427668351e+00 -1.24813005601314e+00 
1.60368663594470e+00 1.61217452494203e+00 -1.29729056220350e+00 
1.61084595128374e+00 1.62001665442431e+00 -1.34794708210170e+00 
1.61800526662278e+00 1.62789160659289e+00 -1.40013305842060e+00 
1.62516458196182e+00 1.63580033414450e+00 -1.45388258394927e+00 
1.63232389730086e+00 1.64374380086870e+00 -1.50923042104023e+00 
1.63948321263989e+00 1.65172298150181e+00 -1.56621202154268e+00 
1.64664252797893e+00 1.65973886157496e+00 -1.62486354718005e+00 
1.65380184331797e+00 1.66779243725543e+00 -1.68522189037006e+00 
1.66096115865701e+00 1.67588471518022e+00 -1.74732469548722e+00 
1.66812047399605e+00 1.68401671228093e+00 -1.81121038056735e+00 
1.67527978933509e+00 1.69218945559856e+00 -1.87691815945580e+00 
1.68243910467413e+00 1.70040398208730e+00 -1.94448806440103e+00 
1.68959842001317e+00 1.70866133840585e+00 -2.01396096909623e+00 
1.69675773535221e+00 1.71696258069498e+00 -2.08537861217303e+00 
1.70391705069124e+00 1.72530877434006e+00 -2.15878362115181e+00 
1.71107636603028e+00 1.73370099371681e+00 -2.23421953685392e+00 
1.71823568136932e+00 1.74214032191903e+00 -2.31173083828305e+00 
1.72539499670836e+00 1.75062785046649e+00 -2.39136296798250e+00 
1.73255431204740e+00 1.75916467899142e+00 -2.47316235787716e+00 
1.73971362738644e+00 1.76775191490176e+00 -2.55717645560997e+00 
1.74687294272548e+00 1.77639067301937e+00 -2.64345375138268e+00 
1.75403225806452e+00 1.78508207519138e+00 -2.73204380531311e+00 
1.76119157340355e+00 1.79382724987263e+00 -2.82299727532033e+00 
1.76835088874259e+00 1.80262733167707e+00 -2.91636594555243e+00 
1.77551020408163e+00 1.81148346089632e+00 -3.01220275536973e+00 
1.78266951942067e+00 1.82039678298278e+00 -3.11056182890009e+00 
1.78982883475971e+00 1.82936844799534e+00 -3.21149850518202e+00 
1.79698815009875e+00 1.83839961000524e+00 -3.31506936891144e+00 
1.80414746543779e+00 1.84749142645966e+00 -3.42133228181233e+00 
1.81130678077683e+00 1.85664505750058e+00 -3.53034641464757e+00 
1.81846609611587e+00 1.86586166523632e+00 -3.64217227989031e+00 
1.82562541145490e+00 1.87514241296318e+00 -3.75687176507624e+00 
1.83278472679394e+00 1.88448846433442e+00 -3.87450816685549e+00 
1.83994404213298e+00 1.89390098247385e+00 -3.99514622576679e+00 
1.84710335747202e+00 1.90338112903118e+00 -4.11885216175349e+00 
1.85426267281106e+00 1.91293006317613e+00 -4.24569371044287e+00 
1.86142198815010e+00 1.92254894052848e+00 -4.37574016021065e+00 
1.86858130348914e+00 1.93223891202086e+00 -4.50906239004930e+00 
1.87574061882818e+00 1.94200112269121e+00 -4.64573290826303e+00 
1.88289993416722e+00 1.95183671040176e+00 -4.78582589200663e+00 
1.89005924950625e+00 1.96174680448124e+00 -4.92941722768747e+00 
1.89721856484529e+00 1.97173252428700e+00 -5.07658455224876e+00 
1.90437788018433e+00 1.98179497768371e+00 -5.22740729534778e+00 
1.91153719552337e+00 1.99193525943516e+00 -5.38196672244362e+00 
1.91869651086241e+00 2.00215444950564e+00 -5.54034597880596e+00 
1.92585582620145e+00 2.01245361126746e+00 -5.70263013445212e+00 
1.93301514154049e+00 2.02283378961076e+00 -5.86890623001904e+00 
1.94017445687953e+00 2.03329600895219e+00 -6.03926332357004e+00 
1.94733377221856e+00 2.04384127113851e+00 -6.21379253833510e+00 
1.95449308755760e+00 2.05447055324138e+00 -6.39258711137679e+00 
1.96165240289664e+00 2.06518480523946e+00 -6.57574244316867e+00 
1.96881171823568e+00 2.07598494758386e+00 -6.76335614806881e+00 
1.97597103357472e+00 2.08687186864300e+00 -6.95552810566238e+00 
1.98313034891376e+00 2.09784642202266e+00 -7.15236051294231e+00 
1.99028966425280e+00 2.10890942375724e+00 -7.35395793728771e+00 
1.99744897959184e+00 2.12006164936788e+00 -7.56042737019168e+00 
2.00460829493088e+00 2.13130383078320e+00 -7.77187828168253e+00 
2.01176761026991e+00 2.14263665311827e+00 -7.98842267537008e+00 
2.01892692560895e+00 2.15406075130735e+00 -8.21017514404005e+00 
2.02608624094799e+00 2.16557670658586e+00 -8.43725292570751e+00 
2.03324555628703e+00 2.17718504281695e+00 -8.66977596002946e+00 
2.04040487162607e+00 2.18888622265795e+00 -8.90786694496113e+00 
2.04756418696511e+00 2.20068064356189e+00 -9.15165139353132e+00 
2.05472350230415e+00 2.21256863360923e+00 -9.40125769059253e+00 
2.06188281764319e+00 2.22455044716481e+00 -9.65681714939218e+00 
2.06904213298222e+00 2.23662626035490e+00 -9.91846406779045e+00 
2.07620144832126e+00 2.24879616635934e+00 -1.01863357839377e+01 
2.08336076366030e+00 2.26106017051342e+00 -1.04605727312037e+01 
2.09052007899934e+00 2.27341818521427e+00 -1.07413184921354e+01 
2.09767939433838e+00 2.28587002462652e+00 -1.10287198512003e+01 
2.10483870967742e+00 2.29841539918169e+00 -1.13229268460524e+01 
2.11199802501646e+00 2.31105390986597e+00 -1.16240928170382e+01 
2.11915734035550e+00 2.32378504229109e+00 -1.19323744546391e+01 
2.12631665569454e+00 2.33660816054269e+00 -1.22479318445247e+01 
2.13347597103357e+00 2.34952250080106e+00 -1.25709285098704e+01 
2.14063528637261e+00 2.36252716472871e+00 -1.29015314505676e+01 
2.14779460171165e+00 2.37562111261992e+00 -1.32399111789336e+01 
2.15495391705069e+00 2.38880315630696e+00 -1.35862417515034e+01 
2.16211323238973e+00 2.40207195181840e+00 -1.39407007964592e+01 
2.16927254772877e+00 2.41542599178465e+00 -1.43034695362328e+01 
2.17643186306781e+00 2.42886359758685e+00 -1.46747328047842e+01 
2.18359117840685e+00 2.44238291124477e+00 -1.50546790590408e+01 
2.19075049374589e+00 2.45598188704050e+00 -1.54435003839471e+01 
2.19790980908492e+00 2.46965828287489e+00 -1.58413924905578e+01 
2.20506912442396e+00 2.48340965135420e+00 -1.62485547065683e+01 
2.21222843976300e+00 2.49723333060538e+00 -1.66651899586636e+01 
2.21938775510204e+00 2.51112643481888e+00 -1.70915047460247e+01 
2.22654707044108e+00 2.52508584451881e+00 -1.75277091043170e+01 
2.23370638578012e+00 2.53910819656134e+00 -1.79740165594504e+01 
2.24086570111916e+00 2.55318987386300e+00 -1.84306440703761e+01 
2.24802501645820e+00 2.56732699486224e+00 -1.88978119601617e+01 
2.25518433179723e+00 2.58151540271814e+00 -1.93757438345562e+01 
2.26234364713627e+00 2.59575065425223e+00 -1.98646664872345e+01 
2.26950296247531e+00 2.61002800864077e+00 -2.03648097908859e+01 
2.27666227781435e+00 2.62434241586606e+00 -2.08764065732916e+01 
2.28382159315339e+00 2.63868850493791e+00 -2.13996924775082e+01 
2.29098090849243e+00 2.65306057189771e+00 -2.19349058052656e+01 
2.29814022383147e+00 2.66745256761996e+00 -2.24822873426576e+01 
2.30529953917051e+00 2.68185808542824e+00 -2.30420801672024e+01 
2.31245885450955e+00 2.69627034854509e+00 -2.36145294353282e+01 
2.31961816984858e+00 2.71068219739762e+00 -2.41998821493332e+01 
2.32677748518762e+00 2.72508607680343e+00 -2.47983869028672e+01 
2.33393680052666e+00 2.73947402306438e+00 -2.54102936039765e+01 
2.34109611586570e+00 2.75383765099841e+00 -2.60358531747597e+01 
2.34825543120474e+00 2.76816814094285e+00 -2.66753172266885e+01 
2.35541474654378e+00 2.78245622576597e+00 -2.73289377106620e+01 
2.36257406188282e+00 2.79669217792667e+00 -2.79969665408831e+01 
2.36973337722186e+00 2.81086579662562e+00 -2.86796551916661e+01 
2.37689269256090e+00 2.82496639509503e+00 -2.93772542663282e+01 
2.38405200789993e+00 2.83898278807735e+00 -3.00900130373414e+01 
2.39121132323897e+00 2.85290327954735e+00 -3.08181789569865e+01 
2.39837063857801e+00 2.86671565073543e+00 -3.15619971377903e+01 
2.40552995391705e+00 2.88040714851398e+00 -3.23217098021078e+01 
2.41268926925609e+00 2.89396447421220e+00 -3.30975557002706e+01 
2.41984858459513e+00 2.90737377292884e+00 -3.38897694968189e+01 
2.42700789993417e+00 2.92062062341562e+00 -3.46985811244208e+01 
2.43416721527321e+00 2.93369002860799e+00 -3.55242151051881e+01 
2.44132653061224e+00 2.94656640688343e+00 -3.63668898392207e+01 
2.44848584595128e+00 2.95923358413067e+00 -3.72268168603223e+01 
2.45564516129032e+00 2.97167478671657e+00 -3.81042000589875e+01 
2.46280447662936e+00 2.98387263544033e+00 -3.89992348728889e+01 
2.46996379196840e+00 2.99580914056739e+00 -3.99121074452697e+01 
2.47712310730744e+00 3.00746569803783e+00 -4.08429937518049e+01 
2.48428242264648e+00 3.01882308694623e+00 -4.17920586966848e+01 
2.49144173798552e+00 3.02986146839144e+00 -4.27594551788620e+01 
2.49860105332456e+00 3.04056038579625e+00 -4.37453231296073e+01 
2.50576036866359e+00 3.05089876679745e+00 -4.47497885227278e+01 
2.51291968400263e+00 3.06085492680727e+00 -4.57729623590296e+01 
2.52007899934167e+00 3.07040657434677e+00 -4.68149396268207e+01 
2.52723831468071e+00 3.07953081825091e+00 -4.78757982405038e+01 
2.53439763001975e+00 3.08820417684325e+00 -4.89555979595282e+01 
2.54155694535879e+00 3.09640258917662e+00 -5.00543792902335e+01 
2.54871626069783e+00 3.10410142843224e+00 -5.11721623733534e+01 
2.55587557603687e+00 3.11127551756692e+00 -5.23089458601991e+01 
2.56303489137591e+00 3.11789914729309e+00 -5.34647057807968e+01 
2.57019420671494e+00 3.12394609647108e+00 -5.46393944074904e+01 
2.57735352205398e+00 3.12938965498733e+00 -5.58329391177690e+01 
2.58451283739302e+00 3.13420264918505e+00 -5.70452412603151e+01 
2.59167215273206e+00 3.13835746990617e+00 -5.82761750284889e+01 
2.59883146807110e+00 3.14182610319512e+00 -5.95255863456960e+01 
2.60599078341014e+00 3.14458016370538e+00 -6.07932917672731e+01 
2.61315009874918e+00 3.14659093083976e+00 -6.20790774037288e+01 
2.62030941408822e+00 3.14782938764453e+00 -6.33826978703413e+01 
2.62746872942725e+00 3.14826626246585e+00 -6.47038752682753e+01 
2.63462804476629e+00 3.14787207336476e+00 -6.60422982025010e+01 
2.64178736010533e+00 3.14661717527411e+00 -6.73976208419176e+01 
2.64894667544437e+00 3.14447180986733e+00 -6.87694620271578e+01 
2.65610599078341e+00 3.14140615809494e+00 -7.01574044316124e+01 
2.66326530612245e+00 3.13739039533058e+00 -7.15609937812283e+01 
2.67042462146149e+00 3.13239474905340e+00 -7.29797381386502e+01 
2.67758393680053e+00 3.12638955897880e+00 -7.44131072572110e+01 
2.68474325213957e+00 3.11934533953464e+00 -7.58605320102378e+01 
2.69190256747860e+00 3.11123284456445e+00 -7.73214039010164e+01 
2.69906188281764e+00 3.10202313412465e+00 -7.87950746586290e+01 
2.70622119815668e+00 3.09168764322739e+00 -8.02808559247134e+01 
2.71338051349572e+00 3.08019825236626e+00 -8.17780190359739e+01 
2.72053982883476e+00 3.06752735964775e+00 -8.32857949070515e+01 
2.72769914417380e+00 3.05364795433746e+00 -8.48033740180759e+01 
2.73485845951284e+00 3.03853369161692e+00 -8.63299065109186e+01 
2.74201777485188e+00 3.02215896833453e+00 -8.78645023978399e+01 
2.74917709019092e+00 3.00449899952184e+00 -8.94062318858352e+01 
2.75633640552995e+00 2.98552989543624e+00 -9.09541258196148e+01 
2.76349572086899e+00 2.96522873888075e+00 -9.25071762457121e+01 
2.77065503620803e+00 2.94357366254299e+00 -9.40643370997770e+01 
2.77781435154707e+00 2.92054392608762e+00 -9.56245250186422e+01 
2.78497366688611e+00 2.89611999273007e+00 -9.71866202782631e+01 
2.79213298222515e+00 2.87028360501441e+00 -9.87494678581292e+01 
2.79929229756419e+00 2.84301785951358e+00 -1.00311878632227e+02 
2.80645161290323e+00 2.81430728016868e+00 -1.01872630686108e+02 
2.81361092824226e+00 2.78413788998160e+00 -1.03430470759080e+02 
2.82077024358130e+00 2.75249728077670e+00 -1.04984115809993e+02 
2.82792955892034e+00 2.71937468074774e+00 -1.06532254704570e+02 
2.83508887425938e+00 2.68476101951013e+00 -1.08073550021667e+02 
2.84224818959842e+00 2.64864899038245e+00 -1.09606639975329e+02 
2.84940750493746e+00 2.61103310962725e+00 -1.11130140448986e+02 
2.85656682027650e+00 2.57190977238819e+00 -1.12642647137603e+02 
2.86372613561554e+00 2.53127730506897e+00 -1.14142737793099e+02 
2.87088545095458e+00 2.48913601390943e+00 -1.15628974567892e+02 
2.87804476629361e+00 2.44548822952492e+00 -1.17099906450900e+02 
2.88520408163265e+00 2.40033834718726e+00 -1.18554071789973e+02 
2.89236339697169e+00 2.35369286263878e+00 -1.19990000894208e+02 
2.89952271231073e+00 2.30556040324518e+00 -1.21406218709298e+02 
2.90668202764977e+00 2.25595175430807e+00 -1.22801247558630e+02 
2.91384134298881e+00 2.20487988037403e+00 -1.24173609942557e+02 
2.92100065832785e+00 2.15235994139389e+00 -1.25521831387922e+02 
2.92815997366689e+00 2.09840930360364e+00 -1.26844443339687e+02 
2.93531928900592e+00 2.04304754501610e+00 -1.28139986086226e+02 
2.94247860434496e+00 1.98629645543132e+00 -1.29407011709674e+02 
2.94963791968400e+00 1.92818003089293e+00 -1.30644087052546e+02 
2.95679723502304e+00 1.86872446253679e+00 -1.31849796691681e+02 
2.96395655036208e+00 1.80795811979804e+00 -1.33022745910501e+02 
2.97111586570112e+00 1.74591152796259e+00 -1.34161563660486e+02 
2.97827518104016e+00 1.68261734006891e+00 -1.35264905502752e+02 
2.98543449637920e+00 1.61811030318582e+00 -1.36331456520611e+02 
2.99259381171824e+00 1.55242721911186e+00 -1.37359934194064e+02 
2.99975312705727e+00 1.48560689956161e+00 -1.38349091227219e+02 
3.00691244239631e+00 1.41769011592336e+00 -1.39297718319774e+02 
3.01407175773535e+00 1.34871954369189e+00 -1.40204646873825e+02 
3.02123107307439e+00 1.27873970169869e+00 -1.41068751627452e+02 
3.02839038841343e+00 1.20779688628014e+00 -1.41888953206740e+02 
3.03554970375247e+00 1.13593910054190e+00 -1.42664220588136e+02 
3.04270901909151e+00 1.06321597889472e+00 -1.43393573463303e+02 
3.04986833443055e+00 9.89678707053421e-01 -1.44076084498961e+02 
3.05702764976958e+00 9.15379937706576e-01 -1.44710881484473e+02 
3.06418696510862e+00 8.40373702079058e-01 -1.45297149360350e+02 
3.07134628044766e+00 7.64715317624350e-01 -1.45834132121178e+02 
3.07850559578670e+00 6.88461292096246e-01 -1.46321134586873e+02 
3.08566491112574e+00 6.11669224262327e-01 -1.46757524036610e+02 
3.09282422646478e+00 5.34397701533150e-01 -1.47142731700191e+02 
3.09998354180382e+00 4.56706194791252e-01 -1.47476254102054e+02 
3.10714285714286e+00 3.78654950714140e-01 -1.47757654253654e+02 
