num_modes 5 
num_pts 186 
Dispersion Data
0.00000000000000e+00 -2.14546816347265e+00 2.14546816347265e+00 -1.24083920718073e+00 1.24083920718073e+00 4.32742140862880e-17 
1.67567567567568e-02 -2.15859649990455e+00 2.13028055110673e+00 -1.22485596078205e+00 1.25682437533167e+00 1.67567567567561e-02 
3.35135135135135e-02 -2.16974143703270e+00 2.11296022903201e+00 -1.20887159076171e+00 1.27281454697748e+00 3.35135135134135e-02 
5.02702702702703e-02 -2.17898077832263e+00 2.09343673689512e+00 -1.19288310916289e+00 1.28881281921221e+00 5.02702702685448e-02 
6.70270270270270e-02 -2.18639375603649e+00 2.07164312909114e+00 -1.17688760641965e+00 1.30482228356663e+00 6.70270270139171e-02 
8.37837837837838e-02 -2.19206055424294e+00 2.04751652274515e+00 -1.16088227211385e+00 1.32084600523446e+00 8.37837837201498e-02 
1.00540540540541e-01 -2.19606185556098e+00 2.02099864795214e+00 -1.14486441533665e+00 1.33688700244895e+00 1.00540540307653e-01 
1.17297297297297e-01 -2.19847841393391e+00 1.99203639563031e+00 -1.12883148444068e+00 1.35294822599201e+00 1.17297296595354e-01 
1.34054054054054e-01 -2.19939065533893e+00 1.96058235813856e+00 -1.11278108593601e+00 1.36903253879545e+00 1.34054052217627e-01 
1.50810810810811e-01 -2.19887830795067e+00 1.92659535765708e+00 -1.09671100225559e+00 1.38514269557344e+00 1.50810806497392e-01 
1.67567567567568e-01 -2.19702006289668e+00 1.89004095723266e+00 -1.08061920809418e+00 1.40128132240850e+00 1.67567558260607e-01 
1.84324324324324e-01 -2.19389326637452e+00 1.85089194935327e+00 -1.06450388501270e+00 1.41745089619917e+00 1.84324305574524e-01 
2.01081081081081e-01 -2.18957364354435e+00 1.80912881694129e+00 -1.04836343399824e+00 1.43365372386592e+00 2.01081045389157e-01 
2.17837837837838e-01 -2.18413505427192e+00 1.76474016174244e+00 -1.03219648568054e+00 1.44989192120213e+00 2.17837773058645e-01 
2.34594594594595e-01 -2.17764928047549e+00 1.71772309524046e+00 -1.01600190793051e+00 1.46616739124987e+00 2.34594481716651e-01 
2.51351351351351e-01 -2.17018584452796e+00 1.66808358744193e+00 -9.99778810604435e-01 1.48248180207369e+00 2.51351161477864e-01 
2.68108108108108e-01 -2.16181185788468e+00 1.61583676915268e+00 -9.83526547250052e-01 1.49883656380091e+00 2.68107798436102e-01 
2.84864864864865e-01 -2.15259189884877e+00 1.56100718370165e+00 -9.67244713655438e-01 1.51523280479324e+00 2.84864373428773e-01 
3.01621621621622e-01 -2.14258791815173e+00 1.50362898445744e+00 -9.50933143197191e-01 1.53167134681103e+00 3.01620860537461e-01 
3.18378378378378e-01 -2.13185917081951e+00 1.44374607492117e+00 -9.34591899027143e-01 1.54815267902881e+00 3.18377225295620e-01 
3.35135135135135e-01 -2.12046217261520e+00 1.38141218866268e+00 -9.18221263223707e-01 1.56467693075857e+00 3.35133422576550e-01 
3.51891891891892e-01 -2.10845067920110e+00 1.31669090688797e+00 -9.01821723120050e-01 1.58124384273459e+00 3.51889394138520e-01 
3.68648648648649e-01 -2.09587568604795e+00 1.24965561197882e+00 -8.85393955102733e-01 1.59785273681181e+00 3.68645065808845e-01 
3.85405405405405e-01 -2.08278544703782e+00 1.18038937592289e+00 -8.68938806246464e-01 1.61450248392723e+00 3.85400344295298e-01 
4.02162162162162e-01 -2.06922550966234e+00 1.10898478314830e+00 -8.52457274209719e-01 1.63119147017177e+00 4.02155113621330e-01 
4.18918918918919e-01 -2.05523876470817e+00 1.03554368788258e+00 -8.35950485858835e-01 1.64791756081787e+00 4.18909231191344e-01 
4.35675675675676e-01 -2.04086550834691e+00 9.60176906765773e-01 -8.19419675112846e-01 1.66467806214577e+00 4.35662523503672e-01 
4.52432432432432e-01 -2.02614351460487e+00 8.83003848053213e-01 -8.02866160506939e-01 1.68146968091000e+00 4.52414781541955e-01 
4.69189189189189e-01 -2.01110811627609e+00 8.04152079340194e-01 -7.86291322959131e-01 1.69828848128568e+00 4.69165755890204e-01 
4.85945945945946e-01 -1.99579229245567e+00 7.23756836319495e-01 -7.69696584194211e-01 1.71512983913423e+00 4.85915151632885e-01 
5.02702702702703e-01 -1.98022676100539e+00 6.41960475639613e-01 -7.53083386233405e-01 1.73198839342813e+00 5.02662623118562e-01 
5.19459459459459e-01 -1.96444007441427e+00 5.58911875459309e-01 -7.36453172300803e-01 1.74885799467695e+00 5.19407768683850e-01 
5.36216216216216e-01 -1.94845871767743e+00 4.74765787788164e-01 -7.19807369431875e-01 1.76573165020117e+00 5.36150125453109e-01 
5.52972972972973e-01 -1.93230720698268e+00 3.89682147157886e-01 -7.03147372999075e-01 1.78260146610803e+00 5.52889164348078e-01 
5.69729729729730e-01 -1.91600818816006e+00 3.03825340581377e-01 -6.86474533298166e-01 1.79945858583491e+00 5.69624285459797e-01 
5.86486486486486e-01 -1.89958253401089e+00 2.17363444121245e-01 -6.69790144269786e-01 1.81629312514232e+00 5.86354813952037e-01 
6.03243243243243e-01 -1.88304943978654e+00 1.30467431704145e-01 -6.53095434366471e-01 1.83309410346112e+00 6.03079996680008e-01 
6.20000000000000e-01 -1.86642651622916e+00 4.33103620784344e-02 -6.36391559518122e-01 1.84984937152836e+00 6.19798999719607e-01 
6.36756756756757e-01 -1.84972987971651e+00 -4.39334499818692e-02 -6.19679598100035e-01 1.86654553528506e+00 6.36510907009529e-01 
6.53513513513513e-01 -1.83297423916845e+00 -1.31089271975722e-01 -6.02960547768007e-01 1.88316787605780e+00 6.53214720310281e-01 
6.70270270270270e-01 -1.81617297947362e+00 -2.17982795135952e-01 -5.86235323994794e-01 1.89970026710662e+00 6.69909360679229e-01 
6.87027027027027e-01 -1.79933824128144e+00 -3.04440972682442e-01 -5.69504760121223e-01 1.91612508669439e+00 6.86593671648285e-01 
7.03783783783784e-01 -1.78248099707770e+00 -3.90292848527652e-01 -5.52769608722754e-01 1.93242312791995e+00 7.03266424269725e-01 
7.20540540540541e-01 -1.76561112352201e+00 -4.75370370184272e-01 -5.36030544087448e-01 1.94857350565818e+00 7.19926324165438e-01 
7.37297297297297e-01 -1.74873747007432e+00 -5.59509179773272e-01 -5.19288165603046e-01 1.96455356106582e+00 7.36572020675113e-01 
7.54054054054054e-01 -1.73186792397615e+00 -6.42549377236506e-01 -5.02543001857979e-01 1.98033876424161e+00 7.53202118150048e-01 
7.70810810810811e-01 -1.71500947168229e+00 -7.24336250119613e-01 -4.85795515272608e-01 1.99590261577174e+00 7.69815189381878e-01 
7.87567567567568e-01 -1.69816825686086e+00 -8.04720964605853e-01 -4.69046107091614e-01 2.01121654804514e+00 7.86409791091262e-01 
8.04324324324324e-01 -1.68134963509649e+00 -8.83561212846778e-01 -4.52295122585295e-01 2.02624982738452e+00 8.02984481332376e-01 
8.21081081081081e-01 -1.66455822544230e+00 -9.60721812048004e-01 -4.35542856325718e-01 2.04096945820504e+00 8.19537838597697e-01 
8.37837837837838e-01 -1.64779795897425e+00 -1.03607525122383e+00 -4.18789557422421e-01 2.05534009057822e+00 8.36068482337266e-01 
8.54594594594595e-01 -1.63107212450577e+00 -1.10950218202870e+00 -4.02035434621053e-01 2.06932393273977e+00 8.52575094540962e-01 
8.71351351351351e-01 -1.61438341162283e+00 -1.18089185060171e+00 -3.85280661186534e-01 2.08288067023027e+00 8.69056441974915e-01 
8.88108108108108e-01 -1.59773395120010e+00 -1.25014246791689e+00 -3.68525379509520e-01 2.09596739349256e+00 8.85511398617806e-01 
9.04864864864865e-01 -1.58112535355831e+00 -1.31716151671177e+00 -3.51769705391004e-01 2.10853853586316e+00 9.01938967812221e-01 
9.21621621621622e-01 -1.56455874442152e+00 -1.38186599366251e+00 -3.35013731974447e-01 2.12054582398283e+00 9.18338303633203e-01 
9.38378378378378e-01 -1.54803479883127e+00 -1.44418258608052e+00 -3.18257533307877e-01 2.13193824270946e+00 9.34708730981838e-01 
9.55135135135135e-01 -1.53155377317211e+00 -1.50404778301474e+00 -3.01501167529796e-01 2.14266201664121e+00 9.51049763936466e-01 
9.71891891891892e-01 -1.51511553546153e+00 -1.56140792125026e+00 -2.84744679682472e-01 2.15266061034836e+00 9.67361121937224e-01 
9.88648648648649e-01 -1.49871959405417e+00 -1.61621916728870e+00 -2.67988104164301e-01 2.16187474936661e+00 9.83642743438619e-01 
1.00540540540541e+00 -1.48236512490893e+00 -1.66844743697392e+00 -2.51231466839444e-01 2.17024246392348e+00 9.99894796737189e-01 
1.02216216216216e+00 -1.46605099756462e+00 -1.71806825497856e+00 -2.34474786827968e-01 2.17769915725424e+00 1.01611768776250e+00 
1.03891891891892e+00 -1.44977579996806e+00 -1.76506655688845e+00 -2.17718078003242e-01 2.18417770021468e+00 1.03231206470621e+00 
1.05567567567568e+00 -1.43353786229577e+00 -1.80943643710415e+00 -2.00961350225725e-01 2.18960855371953e+00 1.04847881945029e+00 
1.07243243243243e+00 -1.41733527990797e+00 -1.85118084621751e+00 -1.84204610343281e-01 2.19391992032707e+00 1.06461908583883e+00 
1.08918918918919e+00 -1.40116593556997e+00 -1.89031124191005e+00 -1.67447862988349e-01 2.19703792605607e+00 1.08073423491266e+00 
1.10594594594595e+00 -1.38502752107265e+00 -1.92684719775387e+00 -1.50691111201395e-01 2.19888683326317e+00 1.09682586729127e+00 
1.12270270270270e+00 -1.36891755837843e+00 -1.96081597457219e+00 -1.33934356908603e-01 2.19938928512677e+00 1.11289580293854e+00 
1.13945945945946e+00 -1.35283342041331e+00 -1.99225205923127e+00 -1.17177601279641e-01 2.19846658198214e+00 1.12894606858712e+00 
1.15621621621622e+00 -1.33677235161783e+00 -2.02119667588706e+00 -1.00420844988785e-01 2.19603898943027e+00 1.14497888312050e+00 
1.17297297297297e+00 -1.32073148836045e+00 -2.04769727479791e+00 -8.36640883999527e-02 2.19202607780395e+00 1.16099664122285e+00 
1.18972972972973e+00 -1.30470787930501e+00 -2.07180700383855e+00 -6.69073316932421e-02 2.18634709221923e+00 1.17700189560451e+00 
1.20648648648649e+00 -1.28869850581004e+00 -2.09358416781331e+00 -5.01505749477340e-02 2.17892135207111e+00 1.19299733809887e+00 
1.22324324324324e+00 -1.27270030242036e+00 -2.11309168056881e+00 -3.33938181925765e-02 2.16966867845283e+00 1.20898577990509e+00 
1.24000000000000e+00 -1.25671017749165e+00 -2.13039651475398e+00 -1.66370614359165e-02 2.15850984759013e+00 1.22497013122304e+00 
1.25675675675676e+00 -1.24072503396516e+00 -2.14556915387079e+00 1.19695320839555e-04 2.14536706799166e+00 1.24095338049420e+00 
1.27351351351351e+00 -1.22474179028348e+00 -2.15868305100985e+00 1.68764520775956e-02 2.13016447862749e+00 1.25693857342693e+00 
1.29027027027027e+00 -1.20875740140820e+00 -2.16981409837539e+00 3.36332088342505e-02 2.11282866506575e+00 1.27292879194794e+00 
1.30702702702703e+00 -1.19276887986824e+00 -2.17904011138175e+00 5.03899655893553e-02 2.09328919012930e+00 1.28892713318557e+00 
1.32378378378378e+00 -1.17677331673264e+00 -2.18644033075460e+00 6.71467223345903e-02 2.07147913528522e+00 1.30493668855591e+00 
1.34054054054054e+00 -1.16076790236530e+00 -2.19209494570134e+00 8.39034790403415e-02 2.04733564865838e+00 1.32096052299023e+00 
1.35729729729730e+00 -1.14474994678299e+00 -2.19608464083320e+00 1.00660235626507e-01 2.02080049527109e+00 1.33700165431246e+00 
1.37405405405405e+00 -1.12871689940223e+00 -2.19849016913240e+00 1.17416991911034e-01 1.99182060486204e+00 1.35306303274927e+00 
1.39081081081081e+00 -1.11266636792825e+00 -2.19939195286732e+00 1.34173747526584e-01 1.96034861243438e+00 1.36914752053168e+00 
1.40756756756757e+00 -1.09659613611129e+00 -2.19886971397084e+00 1.50930501793264e-01 1.92634338653055e+00 1.38525787152752e+00 
1.42432432432432e+00 -1.08050418007422e+00 -2.19700213501764e+00 1.67687253532643e-01 1.88977054013531e+00 1.40139671082678e+00 
1.44108108108108e+00 -1.06438868290347e+00 -2.19386655156717e+00 1.84444000805391e-01 1.85060291907144e+00 1.41756651418793e+00 
1.45783783783784e+00 -1.04824804719318e+00 -2.18953867628389e+00 2.01200740551979e-01 1.80882106277758e+00 1.43376958724167e+00 
1.47459459459459e+00 -1.03208090524408e+00 -2.18409235490726e+00 2.17957468113090e-01 1.76441363244670e+00 1.45000804433900e+00 
1.49135135135135e+00 -1.01588612664230e+00 -2.17759935382278e+00 2.34714176603878e-01 1.71737780165597e+00 1.46628378692314e+00 
1.50810810810811e+00 -9.99662822982485e-01 -2.17012917868329e+00 2.51470856114121e-01 1.66771960483452e+00 1.48259848129851e+00 
1.52486486486486e+00 -9.83410349551677e-01 -2.16174892324906e+00 2.68227492704772e-01 1.61545423919267e+00 1.49895353566538e+00 
1.54162162162162e+00 -9.67128303855381e-01 -2.15252314735674e+00 2.84984067170625e-01 1.56060631607110e+00 1.51535007628474e+00 
1.55837837837838e+00 -9.50816520942910e-01 -2.14251378269343e+00 3.01740553538929e-01 1.50321005805800e+00 1.53178892263480e+00 
1.57513513513514e+00 -9.34475065571897e-01 -2.13178006484449e+00 3.18496917274873e-01 1.44330943866131e+00 1.54827056141794e+00 
1.59189189189189e+00 -9.18104221338591e-01 -2.12037848990531e+00 3.35253113167203e-01 1.38095826180668e+00 1.56479511927409e+00 
1.60864864864865e+00 -9.01704476986852e-01 -2.10836279379871e+00 3.52009082870815e-01 1.31622017895275e+00 1.58136233405489e+00 
1.62540540540541e+00 -8.85276510189940e-01 -2.09578395232496e+00 3.68764752088204e-01 1.24916864216875e+00 1.59797152451007e+00 
1.64216216216216e+00 -8.68821169171288e-01 -2.08269019989079e+00 3.85520027378196e-01 1.17988679209714e+00 1.61462155823598e+00 
1.65891891891892e+00 -8.52339452589344e-01 -2.06912706481853e+00 4.02274792588483e-01 1.10846728031927e+00 1.63131081773337e+00 
1.67567567567568e+00 -8.35832488154325e-01 -2.05513741912749e+00 4.19028904918310e-01 1.03501202624860e+00 1.64803716441981e+00 
1.69243243243243e+00 -8.19301510469289e-01 -2.04076154070518e+00 4.35782190629025e-01 9.59631909285330e-01 1.66479790043971e+00 
1.70918918918919e+00 -8.02747838593347e-01 -2.02603718584407e+00 4.52534440433309e-01 8.82446397572533e-01 1.68158972811334e+00 
1.72594594594595e+00 -7.86172853811476e-01 -2.01099967020823e+00 4.69285404608462e-01 8.03583115290012e-01 1.69840870686461e+00 
1.74270270270270e+00 -7.69577978064679e-01 -1.99568195640773e+00 4.86034787895216e-01 7.23177351001007e-01 1.71525020746696e+00 
1.75945945945946e+00 -7.52964653448609e-01 -1.98011474649374e+00 5.02782244260728e-01 6.41371510123459e-01 1.73210886344736e+00 
1.77621621621622e+00 -7.36334323131218e-01 -1.96432657783824e+00 5.19527371622640e-01 5.58314515125102e-01 1.74897851949027e+00 
1.79297297297297e+00 -7.19688413974294e-01 -1.94834392102270e+00 5.36269706649781e-01 4.74161157535414e-01 1.76585217668850e+00 
1.80972972972973e+00 -7.03028321073349e-01 -1.93219127852651e+00 5.53008719773819e-01 3.89071406322406e-01 1.78272193449491e+00 
1.82648648648649e+00 -6.86355394359033e-01 -1.91589128317141e+00 5.69743810564370e-01 3.03209677593880e-01 1.79957892924088e+00 
1.84324324324324e+00 -6.69670927334040e-01 -1.89946479543987e+00 5.86474303636863e-01 2.16744070947334e-01 1.81641326910357e+00 
1.86000000000000e+00 -6.52976147955361e-01 -1.88293099893818e+00 6.03199445277048e-01 1.29845578107044e-01 1.83321396542676e+00 
1.87675675675676e+00 -6.36272211614450e-01 -1.86630749341812e+00 6.19918400977476e-01 4.26872697472763e-02 1.84996886033010e+00 
1.89351351351351e+00 -6.19560196119108e-01 -1.84961038489967e+00 6.36630254088292e-01 -4.45565333939001e-02 1.86666455058019e+00 
1.91027027027027e+00 -6.02841098541361e-01 -1.83285437255341e+00 6.53334005786379e-01 -1.31711098858394e-01 1.88328630774583e+00 
1.92702702702703e+00 -5.86115833765421e-01 -1.81605283210169e+00 6.70028576561936e-01 -2.18602123928691e-01 1.89981799472037e+00 
1.94378378378378e+00 -5.69385234548909e-01 -1.79921789558429e+00 6.86712809408931e-01 -3.05056573835219e-01 1.91624197876712e+00 
1.96054054054054e+00 -5.52650052898080e-01 -1.78236052740734e+00 7.03385474884819e-01 -3.90903510371053e-01 1.93253904133037e+00 
1.97729729729730e+00 -5.35910962553002e-01 -1.76549059665408e+00 7.20045278174479e-01 -4.75974904664571e-01 1.94868828495635e+00 
1.99405405405405e+00 -5.19168562380408e-01 -1.74861694568509e+00 7.36690868253633e-01 -5.60106428009582e-01 1.96466703778360e+00 
2.01081081081081e+00 -5.02423380479135e-01 -1.73174745509380e+00 7.53320849198013e-01 -6.43138214858763e-01 1.98045075619238e+00 
2.02756756756757e+00 -4.85675878814523e-01 -1.71488910511321e+00 7.69933793627151e-01 -7.24915592348242e-01 1.99601292634515e+00 
2.04432432432432e+00 -4.68926458212810e-01 -1.69804803359195e+00 7.86528258207345e-01 -8.05289771036358e-01 2.01132496550377e+00 
2.06108108108108e+00 -4.52175463563429e-01 -1.68122959067438e+00 8.03102801069147e-01 -8.84118491905294e-01 2.02635612417059e+00 
2.07783783783784e+00 -4.35423189095246e-01 -1.66443839033060e+00 8.19656000923347e-01 -9.61266625086979e-01 2.04107339026627e+00 
2.09459459459459e+00 -4.18669883611610e-01 -1.64767835889003e+00 8.36186477589153e-01 -1.03660671623035e+00 2.05544139672342e+00 
2.11135135135135e+00 -4.01915755587710e-01 -1.63095278073623e+00 8.52692913582638e-01 -1.11001947692171e+00 2.06942233403565e+00 
2.12810810810811e+00 -3.85160978051950e-01 -1.61426434132346e+00 8.69174076356251e-01 -1.18139421609814e+00 2.08297586945202e+00 
2.14486486486487e+00 -3.68405693190268e-01 -1.59761516767544e+00 8.85628840734823e-01 -1.25062920995095e+00 2.09605907464170e+00 
2.16162162162162e+00 -3.51650016628298e-01 -1.58100686652636e+00 9.02056211063085e-01 -1.31763200839564e+00 2.10862636376678e+00 
2.17837837837838e+00 -3.34894041360918e-01 -1.56444056026312e+00 9.18455342566869e-01 -1.38231967678125e+00 2.12062944398911e+00 
2.19513513513514e+00 -3.18137841311662e-01 -1.54791692082531e+00 9.34825561435836e-01 -1.44461897211798e+00 2.13201728049422e+00 
2.21189189189189e+00 -3.01381474515948e-01 -1.53143620171793e+00 9.51166383160675e-01 -1.50446645371212e+00 2.14273607814076e+00 
2.22864864864865e+00 -2.84624985931735e-01 -1.51499826828935e+00 9.67477528700755e-01 -1.56180852870272e+00 2.15272928183342e+00 
2.24540540540541e+00 -2.67868409889373e-01 -1.49860262642481e+00 9.83758938117490e-01 -1.61660143359008e+00 2.16193759767176e+00 
2.26216216216216e+00 -2.51111772198869e-01 -1.48224844980377e+00 1.00001078138093e+00 -1.66881115342327e+00 2.17029903684586e+00 
2.27891891891892e+00 -2.34355091937831e-01 -1.46593460586682e+00 1.01623346613856e+00 -1.71841328086646e+00 2.17774898413413e+00 
2.29567567567568e+00 -2.17598382946886e-01 -1.44965968063613e+00 1.03242764232144e+00 -1.76539281788423e+00 2.18422029270975e+00 
2.31243243243243e+00 -2.00841655061683e-01 -1.43342200253050e+00 1.04859420354979e+00 -1.80974392326880e+00 2.18964340678288e+00 
2.32918918918919e+00 -1.84084915111663e-01 -1.41721966531352e+00 1.06473428538240e+00 -1.85146960966982e+00 2.19394651339752e+00 
2.34594594594595e+00 -1.67328167715870e-01 -1.40105055031032e+00 1.08084926053029e+00 -1.89058139417608e+00 2.19705572446790e+00 
2.36270270270270e+00 -1.50571415905273e-01 -1.38491234802421e+00 1.09694073121900e+00 -1.92709890683221e+00 2.19889528987987e+00 
2.37945945945946e+00 -1.33814661599513e-01 -1.36880257927963e+00 1.11301051893662e+00 -1.96104946174910e+00 2.19938784220192e+00 
2.39621621621622e+00 -1.17057905963895e-01 -1.35271861601215e+00 1.12906065184238e+00 -1.99246759568110e+00 2.19845467324789e+00 
2.41297297297297e+00 -1.00301149669902e-01 -1.33665770181806e+00 1.14509335013543e+00 -2.02139457909422e+00 2.19601604241166e+00 
2.42972972972973e+00 -8.35443930797500e-02 -1.32061697236710e+00 1.16111100969328e+00 -2.04787790483703e+00 2.19199151635493e+00 
2.44648648648649e+00 -6.67876363725653e-02 -1.30459347576995e+00 1.17711618428822e+00 -2.07197075954959e+00 2.18630033927345e+00 
2.46324324324324e+00 -5.00308796269227e-02 -1.28858419297792e+00 1.19311156667723e+00 -2.09373148290758e+00 2.17886183259811e+00 
2.48000000000000e+00 -3.32741228717394e-02 -1.27258605827546e+00 1.20909996883943e+00 -2.11322301970123e+00 2.16959582260714e+00 
2.49675675675676e+00 -1.65173661150768e-02 -1.25659597990572e+00 1.22508430160756e+00 -2.13051236959551e+00 2.15842309403853e+00 
2.51351351351351e+00 2.39390641679067e-04 -1.24061086084638e+00 1.24106755390669e+00 -2.14567003921333e+00 2.14526586740057e+00 
2.53027027027027e+00 1.69961473984349e-02 -1.22462761972624e+00 1.25705277177855e+00 -2.15876950093407e+00 2.13004829728998e+00 
2.54702702702703e+00 3.37529041550875e-02 -1.20864321184348e+00 1.27304303733288e+00 -2.16988666250959e+00 2.11269698864494e+00 
2.56378378378378e+00 5.05096609101653e-02 -1.19265465021388e+00 1.28904144773122e+00 -2.17909935127759e+00 2.09314152749214e+00 
2.58054054054054e+00 6.72664176552616e-02 -1.17665902654247e+00 1.30505109427397e+00 -2.18648681640292e+00 2.07131502239866e+00 
2.59729729729730e+00 8.40231743605272e-02 -1.16065353197626e+00 1.32107504162884e+00 -2.19212925220862e+00 2.04715465251726e+00 
2.61405405405405e+00 1.00779930945346e-01 -1.14463547745862e+00 1.33711630720944e+00 -2.19610734527632e+00 2.02060221782552e+00 
2.63081081081081e+00 1.17536687226682e-01 -1.12860231347092e+00 1.35317784068612e+00 -2.19850184760684e+00 1.99160468691026e+00 
2.64756756756757e+00 1.34293442835475e-01 -1.11255164891447e+00 1.36926250358810e+00 -2.19939317774084e+00 1.96011473744583e+00 
2.66432432432432e+00 1.51050197089010e-01 -1.09648126885764e+00 1.38537304893583e+00 -2.19886105135214e+00 1.92609128436301e+00 
2.68108108108108e+00 1.67806948804455e-01 -1.08038915085217e+00 1.40151210082570e+00 -2.19698414244686e+00 1.88949999060949e+00 
2.69783783783784e+00 1.84563696035881e-01 -1.06427347951059e+00 1.41768213387506e+00 -2.19383977593229e+00 1.85031375536633e+00 
2.71459459459459e+00 2.01320435714189e-01 -1.04813265903466e+00 1.43388545242376e+00 -2.18950365196470e+00 1.80851317461038e+00 
2.73135135135135e+00 2.18077163166575e-01 -1.03196532339646e+00 1.45012416937932e+00 -2.18404960214646e+00 1.76408696900178e+00 
2.74810810810811e+00 2.34833871489642e-01 -1.01577034389758e+00 1.46640018458497e+00 -2.17754937732103e+00 1.71703237422891e+00 
2.76486486486486e+00 2.51590550748211e-01 -9.99546833871144e-01 1.48271516258386e+00 -2.17007246641348e+00 1.66735548915888e+00 
2.78162162162162e+00 2.68347186970299e-01 -9.83294150343397e-01 1.49907050964796e+00 -2.16168594548279e+00 1.61507157741938e+00 
2.79837837837838e+00 2.85103760908018e-01 -9.67011892537031e-01 1.51546734993625e+00 -2.15245435589436e+00 1.56020531837286e+00 
2.81513513513514e+00 3.01860246534184e-01 -9.50699897173691e-01 1.53190650064355e+00 -2.14243961028739e+00 1.50279100383421e+00 
2.83189189189189e+00 3.18616609245619e-01 -9.34358230616242e-01 1.54838844599862e+00 -2.13170092480449e+00 1.44287267732232e+00 
2.84864864864865e+00 3.35372803746383e-01 -9.17987177978073e-01 1.56491330996793e+00 -2.12029477587227e+00 1.38050421311951e+00 
2.86540540540541e+00 3.52128771587858e-01 -9.01587229412905e-01 1.58148082751887e+00 -2.10827487967405e+00 1.31574933293465e+00 
2.88216216216216e+00 3.68884438347560e-01 -8.85159063879762e-01 1.59809031429437e+00 -2.09569219234067e+00 1.24868155851872e+00 
2.89891891891892e+00 3.85639710435180e-01 -8.68703530749776e-01 1.61474063454840e+00 -2.08259492880528e+00 1.17938409915991e+00 
2.91567567567568e+00 4.02394471522455e-01 -8.52221629680267e-01 1.63143016718968e+00 -2.06902859822347e+00 1.10794967358041e+00 
2.93243243243243e+00 4.19148578603250e-01 -8.35714489224205e-01 1.64815676977898e+00 -2.05503605385041e+00 1.03448026636388e+00 
2.94918918918919e+00 4.35901857701694e-01 -8.19183344667519e-01 1.66491774032280e+00 -2.04065755529318e+00 9.59086819651729e-01 
2.96594594594595e+00 4.52654099259259e-01 -8.02629515592113e-01 1.68170977670497e+00 -2.02593084111457e+00 8.81888861452685e-01 
2.98270270270270e+00 4.69405053246274e-01 -7.86054383648818e-01 1.69852893359582e+00 -2.01089120985316e+00 8.03014072505954e-01 
2.99945945945946e+00 4.86154424059466e-01 -7.69459370993808e-01 1.71537057667838e+00 -1.99557160763870e+00 7.22597794217292e-01 
3.01621621621622e+00 5.02901865284319e-01 -7.52845919796184e-01 1.73222933403143e+00 -1.98000272071668e+00 6.40782480743455e-01 
3.03297297297297e+00 5.19646974419236e-01 -7.36215473166875e-01 1.74909904451158e+00 -1.96421307134702e+00 5.57717098828064e-01 
3.04972972972973e+00 5.36389287677258e-01 -7.19569457793194e-01 1.76597270298096e+00 -1.94822911570258e+00 4.73556479485195e-01 
3.06648648648649e+00 5.53128274999747e-01 -7.02909268493033e-01 1.78284240223494e+00 -1.93207534255933e+00 3.88460626081879e-01 
3.08324324324324e+00 5.69863335434684e-01 -6.86236254831348e-01 1.79969927149558e+00 -1.91577437173576e+00 3.02593983781807e-01 
3.10000000000000e+00 5.86593793048981e-01 -6.69551709872426e-01 1.81653341135316e+00 -1.89934705140026e+00 2.16124675676998e-01 
Dissipation Data
0.00000000000000e+00 -3.73552412556980e+01 -3.73552412556979e+01 -5.90704690247700e-01 -5.90704690247713e-01 -3.21694180374118e-15 
1.67567567567568e-02 -3.61783867331500e+01 -3.85450934734346e+01 -5.35731177003972e-01 -6.49790137069370e-01 -1.85171435563441e-13 
3.35135135135135e-02 -3.50160535694051e+01 -3.97462962238099e+01 -4.84685376638354e-01 -7.13175202491256e-01 -1.11215592509855e-11 
5.02702702702703e-02 -3.38696423934203e+01 -4.09570791888954e+01 -4.37386328273945e-01 -7.81051274579283e-01 -1.24314232906523e-10 
6.70270270270270e-02 -3.27404320117427e+01 -4.21755501009143e+01 -3.93656163888608e-01 -8.53613713907844e-01 -6.79822212450360e-10 
8.37837837837838e-02 -3.16295813043406e+01 -4.33996968570101e+01 -3.53319981905922e-01 -9.31062150218637e-01 -2.50353701551966e-09 
1.00540540540541e-01 -3.05381317363504e+01 -4.46273905825792e+01 -3.16205763956645e-01 -1.01360080272636e+00 -7.15493728175771e-09 
1.17297297297297e-01 -2.94670104160488e+01 -4.58563896735959e+01 -2.82144336862274e-01 -1.10143882058280e+00 -1.71117381637854e-08 
1.34054054054054e-01 -2.84170336285543e+01 -4.70843448386255e+01 -2.50969381175159e-01 -1.19479064010631e+00 -3.58110325589433e-08 
1.50810810810811e-01 -2.73889107751572e+01 -4.83088051507854e+01 -2.22517486740241e-01 -1.29387635549899e+00 -6.74699741034657e-08 
1.67567567567568e-01 -2.63832486496748e+01 -4.95272251089452e+01 -1.96628254726570e-01 -1.39892209989516e+00 -1.16625413075304e-07 
1.84324324324324e-01 -2.54005559857453e+01 -5.07369726960868e+01 -1.73144444435453e-01 -1.51016043369952e+00 -1.87361027719699e-07 
2.01081081081081e-01 -2.44412482123847e+01 -5.19353384111855e+01 -1.51912161954530e-01 -1.62783073727011e+00 -2.82234430800685e-07 
2.17837837837838e-01 -2.35056523592825e+01 -5.31195452393492e+01 -1.32781086439407e-01 -1.75217960507361e+00 -4.00976364781437e-07 
2.34594594594595e-01 -2.25940120580636e+01 -5.42867595134769e+01 -1.15604728520107e-01 -1.88346123848161e+00 -5.39108869946648e-07 
2.51351351351351e-01 -2.17064925909033e+01 -5.54341026095155e+01 -1.00240714108894e-01 -2.02193783437987e+00 -6.86719467246050e-07 
2.68108108108108e-01 -2.08431859432849e+01 -5.65586634066753e+01 -8.65510857997232e-02 -2.16787996672853e+00 -8.27733553209316e-07 
2.84864864864865e-01 -2.00041158231663e+01 -5.76575114338630e+01 -7.44026131643957e-02 -2.32156695813458e+00 -9.40145440419990e-07 
3.01621621621622e-01 -1.91892426141861e+01 -5.87277106142587e+01 -6.36671026277583e-02 -2.48328723837871e+00 -9.97798840180561e-07 
3.18378378378378e-01 -1.83984682356750e+01 -5.97663335114972e+01 -5.42216973014850e-02 -2.65333868667822e+00 -9.74447551745219e-07 
3.35135135135135e-01 -1.76316408869898e+01 -6.07704759734796e+01 -4.59491572066213e-02 -2.83202895426456e+00 -8.50974085379972e-07 
3.51891891891892e-01 -1.68885596579855e+01 -6.17372720634772e+01 -3.87381107386199e-02 -3.01967576361236e+00 -6.26794240910863e-07 
3.68648648648649e-01 -1.61689789912121e+01 -6.26639091630246e+01 -3.24832690206990e-02 -3.21660718037648e+00 -3.36627066646974e-07 
3.85405405405405e-01 -1.54726129846378e+01 -6.35476431271582e+01 -2.70855959219531e-02 -3.42316185377996e+00 -7.39554371429246e-08 
4.02162162162162e-01 -1.47991395263794e+01 -6.43858133699169e+01 -2.24524279362662e-02 -3.63968922085251e+00 -2.26401275141618e-08 
4.18918918918919e-01 -1.41482042550803e+01 -6.51758577566664e+01 -1.84975397568362e-02 -3.86654966954872e+00 -4.98273252216110e-07 
4.35675675675676e-01 -1.35194243412919e+01 -6.59153271798025e+01 -1.51411531563557e-02 -4.10411465538896e+00 -2.00095918527756e-06 
4.52432432432432e-01 -1.29123920865437e+01 -6.66018996956685e+01 -1.23098886027249e-02 -4.35276676586407e+00 -5.28128645888289e-06 
4.69189189189189e-01 -1.23266783378374e+01 -6.72333941031016e+01 -9.93666081720161e-03 -4.61289972644259e+00 -1.14212954238202e-05 
4.85945945945946e-01 -1.17618357161227e+01 -6.78077828478585e+01 -7.96052112907258e-03 -4.88491834161933e+00 -2.19322461363616e-05 
5.02702702702703e-01 -1.12174016580176e+01 -6.83232041421905e+01 -6.32645092940510e-03 -5.16923836406293e+00 -3.88709405060921e-05 
5.19459459459459e-01 -1.06929012706668e+01 -6.87779731950226e+01 -4.98511171960658e-03 -5.46628628456402e+00 -6.49762450949045e-05 
5.36216216216216e-01 -1.01878500002486e+01 -6.91705924554162e+01 -3.89255815444737e-03 -5.77649903517118e+00 -1.03827287117019e-04 
5.52972972972973e-01 -9.70175611527975e+00 -6.94997607802211e+01 -3.00992107632298e-03 -6.10032359763834e+00 -1.60024548982139e-04 
5.69729729729730e-01 -9.23412300654070e+00 -6.97643814459388e+01 -2.30306783320185e-03 -6.43821650911203e+00 -2.39394759988270e-04 
5.86486486486486e-01 -8.78445130615953e+00 -6.99635689347277e+01 -1.74224718336678e-03 -6.79064325686753e+00 -3.49220071357267e-04 
6.03243243243243e-01 -8.35224082914027e+00 -7.00966544350906e+01 -1.30172585087146e-03 -7.15807755387519e+00 -4.98491502045219e-04 
6.20000000000000e-01 -7.93699234138366e+00 -7.01631900089668e+01 -9.59423344627198e-04 -7.54100048705009e+00 -6.98186056095372e-04 
6.36756756756757e-01 -7.53820915900286e+00 -7.01629513886217e+01 -6.96551039744386e-04 -7.93989953021608e+00 -9.61566244689272e-04 
6.53513513513513e-01 -7.15539858446121e+00 -7.00959393787446e+01 -4.97260786945680e-04 -8.35526741410373e+00 -1.30450000577332e-03 
6.70270270270270e-01 -6.78807318572479e+00 -6.99623798514127e+01 -3.48307512316766e-04 -8.78760084609961e+00 -1.74579821817988e-03 
6.87027027027027e-01 -6.43575192521707e+00 -6.97627223339764e+01 -2.38729434371913e-04 -9.23739907296433e+00 -2.30756617700740e-03 
7.03783783783784e-01 -6.09796114586067e+00 -6.94976372022783e+01 -1.59548695859349e-04 -9.70516228033038e+00 -3.01556456236584e-03 
7.20540540540541e-01 -5.77423542188990e+00 -6.91680115038923e+01 -1.03494411825883e-04 -1.01913898234583e+01 -3.89957462997145e-03 
7.37297297297297e-01 -5.46411828240413e+00 -6.87749434480689e+01 -6.47493958217488e-05 -1.06965782844532e+01 -4.99376162011103e-03 
7.54054054054054e-01 -5.16716281580992e+00 -6.83197356107507e+01 -3.87211589338221e-05 -1.12212193519002e+01 -6.33702976829018e-03 
7.70810810810811e-01 -4.88293216337065e+00 -6.78038869141923e+01 -2.18371902888577e-05 -1.17657975196371e+01 -7.97336185107930e-03 
7.87567567567568e-01 -4.61099991005455e+00 -6.72290834513280e+01 -1.13640297701631e-05 -1.23307876021325e+01 -9.95213596318566e-03 
8.04324324324324e-01 -4.35095038075084e+00 -6.65971882349356e+01 -5.24923147378792e-06 -1.29166520646507e+01 -1.23284122342798e-02 
8.21081081081081e-01 -4.10237884972923e+00 -6.59102299607494e+01 -1.98499069498706e-06 -1.35238381670600e+01 -1.51631824923702e-02 
8.37837837837838e-01 -3.86489167095330e+00 -6.51703908819001e+01 -4.91960296868308e-07 -1.41527749207771e+01 -1.85235764787624e-02 
8.54594594594595e-01 -3.63810633654366e+00 -6.43799938992748e+01 -2.16091875061532e-08 -1.48038698589588e+01 -2.24830191272196e-02 
8.71351351351351e-01 -3.42165147033090e+00 -6.35414889785662e+01 -7.53681541745761e-08 -1.54775056206846e+01 -2.71213346135202e-02 
8.88108108108108e-01 -3.21516676305631e+00 -6.26574390097926e+01 -3.38758554752233e-07 -1.61740363505736e+01 -3.25247943329139e-02 
9.04864864864865e-01 -3.01830285537914e+00 -6.17305052288987e+01 -6.28699285723262e-07 -1.68937839161124e+01 -3.87861076109970e-02 
9.21621621621622e-01 -2.83072117444598e+00 -6.07634323236114e+01 -8.52228700584347e-07 -1.76370339460133e+01 -4.60043557303105e-02 
9.38378378378378e-01 -2.65209372937710e+00 -5.97590333470047e+01 -9.74954335211417e-07 -1.84040316942591e+01 -5.42848716767025e-02 
9.55135135135135e-01 -2.48210287063712e+00 -5.87201745622051e+01 -9.97645071419161e-07 -1.91949777362071e+01 -6.37390697820186e-02 
9.71891891891892e-01 -2.32044101788819e+00 -5.76497603403053e+01 -9.39504167857446e-07 -2.00100235052906e+01 -7.44842310785614e-02 
9.88648648648649e-01 -2.16681036058087e+00 -5.65507182309081e+01 -8.26798397423034e-07 -2.08492666815353e+01 -8.66432515977759e-02 
1.00540540540541e+00 -2.02092253522294e+00 -5.54259843207720e+01 -6.85665596580641e-07 -2.17127464463290e+01 -1.00344361974476e-01 
1.02216216216216e+00 -1.88249828298875e+00 -5.42784889908507e+01 -5.38073198108335e-07 -2.26004386216606e+01 -1.15720827507266e-01 
1.03891891891892e+00 -1.75126709108768e+00 -5.31111431756575e+01 -4.00051111430453e-07 -2.35122507163389e+01 -1.32910638246031e-01 
1.05567567567568e+00 -1.62696682111003e+00 -5.19268252214314e+01 -2.81469617031007e-07 -2.44480169064664e+01 -1.52056198727331e-01 
1.07243243243243e+00 -1.50934332740585e+00 -5.07283684311181e+01 -1.86771854873227e-07 -2.54074929825698e+01 -1.73304026670307e-01 
1.08918918918919e+00 -1.39815006843569e+00 -4.95185493748371e+01 -1.16202013683704e-07 -2.63903513011641e+01 -1.96804469323911e-01 
1.10594594594595e+00 -1.29314771395486e+00 -4.83000770343995e+01 -6.71871339831405e-08 -2.73961757839976e+01 -2.22711445267548e-01 
1.12270270270270e+00 -1.19410375085836e+00 -4.70755828397171e+01 -3.56368535834946e-08 -2.84244570136290e+01 -2.51182218380184e-01 
1.13945945945946e+00 -1.10079209051871e+00 -4.58476116437662e+01 -1.70142383368177e-08 -2.94745874791452e+01 -2.82377209471602e-01 
1.15621621621622e+00 -1.01299268048954e+00 -4.46186136712783e+01 -7.10642876452146e-09 -3.05458570305760e+01 -3.16459849785566e-01 
1.17297297297297e+00 -9.30491123519652e-01 -4.33909374647220e+01 -2.48286581341153e-09 -3.16374486047084e+01 -3.53596479295326e-01 
1.18972972972973e+00 -8.53078306921078e-01 -4.21668238395642e+01 -6.72730045734678e-10 -3.27484342884086e+01 -3.93956291477201e-01 
1.20648648648649e+00 -7.80550045447584e-01 -4.09484008494500e+01 -1.22566439498486e-10 -3.38777717880681e+01 -4.37711325105887e-01 
1.22324324324324e+00 -7.12706740962354e-01 -3.97376797509539e+01 -1.08873733602689e-11 -3.50243013752852e+01 -4.85036502599557e-01 
1.24000000000000e+00 -6.49353062288734e-01 -3.85365519471433e+01 -1.68290656345554e-13 -3.61867433792704e+01 -5.36109713574707e-01 
1.25675675675676e+00 -5.90297648733100e-01 -3.73467868794533e+01 -3.47659922958769e-15 -3.73636962956623e+01 -5.91111941554880e-01 
1.27351351351351e+00 -5.35352840826997e-01 -3.61700308284907e+01 -1.77042760873268e-13 -3.85536355793994e+01 -6.50227431217986e-01 
1.29027027027027e+00 -4.84334441838265e-01 -3.50078065764467e+01 -1.13557798968691e-11 -3.97549131860057e+01 -7.13643893152375e-01 
1.30702702702703e+00 -4.37061513528088e-01 -3.38615138769358e+01 -1.26080917022774e-10 -4.09657579211206e+01 -7.81552742810027e-01 
1.32378378378378e+00 -3.93356209462315e-01 -3.27324306723604e+01 -6.86983647337379e-10 -4.21842766523655e+01 -8.54149370178189e-01 
1.34054054054054e+00 -3.53043648901902e-01 -3.16217149943828e+01 -2.52437004381176e-09 -4.34084564307586e+01 -9.31633436619825e-01 
1.35729729729730e+00 -3.15951833881137e-01 -3.05304074798246e+01 -7.20371245832105e-09 -4.46361675609433e+01 -1.01420919533543e+00 
1.37405405405405e+00 -2.81911611519863e-01 -2.94594344322854e+01 -1.72096879582840e-08 -4.58651676505931e+01 -1.10208583195895e+00 
1.39081081081081e+00 -2.50756682898838e-01 -2.84096113589908e+01 -3.59858582361559e-08 -4.70931066596151e+01 -1.19547782189484e+00 
1.40756756756757e+00 -2.22323658956778e-01 -2.73816469127698e+01 -6.77536908228292e-08 -4.83175329593371e+01 -1.29460530112024e+00 
1.42432432432432e+00 -1.96452162849251e-01 -2.63761471705759e+01 -1.17049922936239e-07 -4.95359004008842e+01 -1.39969444729627e+00 
1.44108108108108e+00 -1.72984977067382e-01 -2.53936201824872e+01 -1.87951437055314e-07 -5.07455763805945e+01 -1.51097786814730e+00 
1.45783783783784e+00 -1.51768232377428e-01 -2.44344807285343e+01 -2.83000494744690e-07 -5.19438508787380e+01 -1.62869499416482e+00 
1.47459459459459e+00 -1.32651634352796e-01 -2.34990552248668e+01 -4.01902626836593e-07 -5.31279464362044e+01 -1.75309247276290e+00 
1.49135135135135e+00 -1.15488721987238e-01 -2.25875867255194e+01 -5.40145052048200e-07 -5.42950290223347e+01 -1.88442456105457e+00 
1.50810810810811e+00 -1.00137151657060e-01 -2.17002399712024e+01 -6.87773011439158e-07 -5.54422197358981e+01 -2.02295351442104e+00 
1.52486486486486e+00 -8.64589986161743e-02 -2.08371064419481e+01 -8.28667298501263e-07 -5.65666072704985e+01 -2.16894996801108e+00 
1.54162162162162e+00 -7.43210673224937e-02 -1.99982093759135e+01 -9.40783931042863e-07 -5.76652610656059e+01 -2.32269330823121e+00 
1.55837837837838e+00 -6.35952012759055e-02 -1.91835087220120e+01 -9.97948439612176e-07 -5.87352450550656e+01 -2.48447203116819e+00 
1.57513513513514e+00 -5.41585827455732e-02 -1.83929059991727e+01 -9.73935581195777e-07 -5.97736319164980e+01 -2.65458408472349e+00 
1.59189189189189e+00 -4.58940128186841e-02 -1.76262490397777e+01 -8.49714178943962e-07 -6.07775177175602e+01 -2.83333719103765e+00 
1.60864864864865e+00 -3.86901626289999e-02 -1.68833365991226e+01 -6.24885572027423e-07 -6.17440368486926e+01 -3.02104914553833e+00 
1.62540540540541e+00 -3.24417874174983e-02 -1.61639228165092e+01 -3.34496605538231e-07 -6.26703771268120e+01 -3.21804808866770e+00 
1.64216216216216e+00 -2.70498962110947e-02 -1.54677215167972e+01 -7.25529608720593e-08 -6.35537949504889e+01 -3.42467274602907e+00 
1.65891891891892e+00 -2.24218713264213e-02 -1.47944103439090e+01 -2.36971781763520e-08 -6.43916303845052e+01 -3.64127263234933e+00 
1.67567567567568e+00 -1.84715335456144e-02 -1.41436347199441e+01 -5.04637545241245e-07 -6.51813220503555e+01 -3.86820821428498e+00 
1.69243243243243e+00 -1.51191505873658e-02 -1.35150116252673e+01 -2.01701698431324e-06 -6.59204216992457e+01 -4.10585102671062e+00 
1.70918918918919e+00 -1.22913883158994e-02 -1.29081331962693e+01 -5.31348553752498e-06 -6.66066083454428e+01 -4.35458373672895e+00 
1.72594594594595e+00 -9.92120590699875e-03 -1.23225701385350e+01 -1.14787817902985e-05 -6.72377018404113e+01 -4.61480014923760e+00 
1.74270270270270e+00 -7.94769783663611e-03 -1.17578749539869e+01 -2.20276270580379e-05 -6.78116757720170e+01 -4.88690514748923e+00 
1.75945945945946e+00 -6.31588700386360e-03 -1.12135849812714e+01 -3.90211862253747e-05 -6.83266695781140e+01 -5.17131456169963e+00 
1.77621621621622e+00 -4.97647449153134e-03 -1.06892252492824e+01 -6.52037403701932e-05 -6.87809997700103e+01 -5.46845495840327e+00 
1.79297297297297e+00 -3.88555236954179e-03 -1.01843111443410e+01 -1.04161042278439e-04 -6.91731701685506e+01 -5.77876334294070e+00 
1.80972972972973e+00 -3.00428654083986e-03 -9.69835089218320e+00 -1.60501578312481e-04 -6.95018810637861e+01 -6.10268676720118e+00 
1.82648648648649e+00 -2.29857692348117e-03 -9.23084785658308e+00 -2.40061632294366e-04 -6.97660372183174e+01 -6.44068183454625e+00 
1.84324324324324e+00 -1.73870227118924e-03 -8.78130265715656e+00 -3.50134634667350e-04 -6.99647546443158e+01 -6.79321409372387e+00 
1.86000000000000e+00 -1.29895669350636e-03 -8.34921510963421e+00 -4.99724780234245e-04 -7.00973660948421e+01 -7.16075731355393e+00 
1.87675675675676e+00 -9.57284484940667e-04 -7.93408599265973e+00 -6.99824310888215e-04 -7.01634252212680e+01 -7.54379263023976e+00 
1.89351351351351e+00 -6.94919256544866e-04 -7.53541864591937e+00 -9.63713191380672e-04 -7.01627093602746e+01 -7.94280755933752e+00 
1.91027027027027e+00 -4.96032630536764e-04 -7.15272040513540e+00 -1.30727916561284e-03 -7.00952209259270e+01 -8.35829486470629e+00 
1.92702702702703e+00 -3.47396953926987e-04 -6.78550388012162e+00 -1.74935538429066e-03 -6.99611873945748e+01 -8.79075127715913e+00 
1.94378378378378e+00 -2.38065652500449e-04 -6.43328808269015e+00 -2.31207196497163e-03 -6.97610598827140e+01 -9.24067605603642e+00 
1.96054054054054e+00 -1.59074016575284e-04 -6.09559941170004e+00 -3.02121701060368e-03 -6.94955103303200e+01 -9.70856938751680e+00 
1.97729729729730e+00 -1.03162414520479e-04 -5.77197250293221e+00 -3.90660180940442e-03 -6.91654273144166e+01 -1.01949306141503e+01 
1.99405405405405e+00 -6.45231911017390e-05 -5.46195095176256e+00 -5.00242420811268e-03 -6.87719105296600e+01 -1.07002562908197e+01 
2.01081081081081e+00 -3.85718403857485e-05 -5.16508791678322e+00 -6.34762353750758e-03 -6.83162639843759e+01 -1.12250380630942e+01 
2.02756756756757e+00 -2.17424586702436e-05 -4.88094661258962e+00 -7.98622002168949e-03 -6.77999879716659e+01 -1.17697603647013e+01 
2.04432432432432e+00 -1.13069842029244e-05 -4.60910069992388e+00 -9.96763136606410e-03 -6.72247698858004e+01 -1.23348979315863e+01 
2.06108108108108e+00 -5.21732012826920e-06 -4.34913458124372e+00 -1.23469592339249e-02 -6.65924739640121e+01 -1.29209131307503e+01 
2.07783783783784e+00 -1.96911118875461e-06 -4.10064360958999e+00 -1.51852386210028e-02 -6.59051300429080e+01 -1.35282531027243e+01 
2.09459459459459e+00 -4.85698469344078e-07 -3.86323421836131e+00 -1.85496437393015e-02 -6.51649214269273e+01 -1.41573467171784e+01 
2.11135135135135e+00 -2.06042148934850e-08 -3.63652397928942e+00 -2.25136449295161e-02 -6.43741719734933e+01 -1.48086013417820e+01 
2.12810810810811e+00 -7.67910004384825e-08 -3.42014159555255e+00 -2.71571123183633e-02 -6.35353325056657e+01 -1.54823994250611e+01 
2.14486486486487e+00 -3.40891024942353e-07 -3.21372683658183e+00 -3.25663633891455e-02 -6.26509666681026e+01 -1.61790948947045e+01 
2.16162162162162e+00 -6.30600677473362e-07 -3.01693042071711e+00 -3.88341532833764e-02 -6.17237363459714e+01 -1.68990093736003e+01 
2.17837837837838e+00 -8.53478023222091e-07 -2.82941385146424e+00 -4.60596084292452e-02 -6.07563867689918e+01 -1.76424282169301e+01 
2.19513513513514e+00 -9.75455940543138e-07 -2.65084921270626e+00 -5.43481059128836e-02 -5.97517314240735e+01 -1.84095963749895e+01 
2.21189189189189e+00 -9.97487169172076e-07 -2.48091892783308e+00 -6.38111027824904e-02 -5.87126368999688e+01 -1.92007140881207e+01 
2.22864864864865e+00 -9.38860098969223e-07 -2.31931548738529e+00 -7.45659211107824e-02 -5.76420077860023e+01 -2.00159324223119e+01 
2.24540540540541e+00 -8.25861792788129e-07 -2.16574114946467e+00 -8.67354960579713e-02 -5.65427717442672e+01 -2.08553486567024e+01 
2.26216216216216e+00 -6.84611422942172e-07 -2.01990761685011e+00 -1.00448095303293e-01 -5.54178648707330e+01 -2.17190015374591e+01 
2.27891891891892e+00 -5.37038034935345e-07 -1.88153569447889e+00 -1.15837018999730e-01 -5.42702174555126e+01 -2.26068664162640e+01 
2.29567567567568e+00 -3.99126883072722e-07 -1.75035493071108e+00 -1.33040289825339e-01 -5.31027402461717e+01 -2.35188502959622e+01 
2.31243243243243e+00 -2.80706027138395e-07 -1.62610324559339e+00 -1.52200342749939e-01 -5.19183113104992e+01 -2.44547868106758e+01 
2.32918918918919e+00 -1.86183943467637e-07 -1.50852654917771e+00 -1.73463723827371e-01 -5.07197635866893e+01 -2.54144311728257e+01 
2.34594594594595e+00 -1.15779704150505e-07 -1.39737835283189e+00 -1.96980806697962e-01 -4.95098731995345e+01 -2.63974551248756e+01 
2.36270270270270e+00 -6.69051922372229e-08 -1.29241937640432e+00 -2.22905534596632e-01 -4.82913486111231e+01 -2.74034419390880e+01 
2.37945945945946e+00 -3.54633440074675e-08 -1.19341715406972e+00 -2.51395194572881e-01 -4.70668206638011e+01 -2.84318815139755e+01 
2.39621621621622e+00 -1.69171904860307e-08 -1.10014564168764e+00 -2.82610229408004e-01 -4.58388335619790e+01 -2.94821656212969e+01 
2.41297297297297e+00 -7.05818548228555e-09 -1.01238482854786e+00 -3.16714091429135e-01 -4.46098368278781e+01 -3.05535833621839e+01 
2.42972972972973e+00 -2.46231441208291e-09 -9.29920356447549e-01 -3.53873141132302e-01 -4.33821782546909e+01 -3.16453168951276e+01 
2.44648648648649e+00 -6.65685454071224e-10 -8.52543149144310e-01 -3.94256592291331e-01 -4.21580978690701e+01 -3.27564375019567e+01 
2.46324324324324e+00 -1.20835677136846e-10 -7.80049055342937e-01 -4.38036504088241e-01 -4.09397229034958e+01 -3.38859020604350e+01 
2.48000000000000e+00 -1.06635191609747e-11 -7.12238508495187e-01 -4.85387819787261e-01 -3.97290637681052e+01 -3.50325499935986e+01 
2.49675675675676e+00 -1.59838886996179e-13 -6.48916206806999e-01 -5.36488450605686e-01 -3.85280110011483e+01 -3.61951007663190e+01 
2.51351351351351e+00 6.85302470896272e-15 -5.89890816943285e-01 -5.91519402722342e-01 -3.73383331675062e+01 -3.73721519987686e+01 
2.53027027027027e+00 -1.97186839134435e-13 -5.34974704977232e-01 -6.50664944803643e-01 -3.61616756658254e+01 -3.85621782644148e+01 
2.54702702702703e+00 -1.16085283075721e-11 -4.83983698133915e-01 -7.14112813016186e-01 -3.49995603968978e+01 -3.97635306368734e+01 
2.56378378378378e+00 -1.27868737412903e-10 -4.36736880804062e-01 -7.82054450211712e-01 -3.38533862390587e+01 -4.09744370454137e+01 
2.58054054054054e+00 -6.94218579030922e-10 -3.93056428135084e-01 -8.54685275805656e-01 -3.27244302706620e+01 -4.21930034931629e+01 
2.59729729729730e+00 -2.54533085988963e-09 -3.52767480221113e-01 -9.32204982798495e-01 -3.16138496751935e+01 -4.34172161851706e+01 
2.61405405405405e+00 -7.25274643156818e-09 -3.15698059498006e-01 -1.01481785839400e+00 -3.05226842613156e+01 -4.46449446055335e+01 
2.63081081081081e+00 -1.73080705436116e-08 -2.81679033384291e-01 -1.10273312472638e+00 -2.94518595281327e+01 -4.58739455738823e+01 
2.64756756756757e+00 -3.61613564861023e-08 -2.50544123492155e-01 -1.19616529630524e+00 -2.84021902051781e+01 -4.71018683017749e+01 
2.66432432432432e+00 -6.80383202201032e-08 -2.22129961859289e-01 -1.29533455090219e+00 -2.73743841970382e+01 -4.83262604591094e+01 
2.68108108108108e+00 -1.17475535023750e-07 -1.96276193635210e-01 -1.40046711072495e+00 -2.63690468640353e+01 -4.95445752496799e+01 
2.69783783783784e+00 -1.88543107687158e-07 -1.72825624510603e-01 -1.51179563083771e+00 -2.53866855729303e+01 -5.07541794836403e+01 
2.71459459459459e+00 -2.83767785140256e-07 -1.51624409941867e-01 -1.62955959188541e+00 -2.44277144550189e+01 -5.19523626230654e+01 
2.73135135135135e+00 -4.02829898382865e-07 -1.32522281933517e-01 -1.75400569424964e+00 -2.34924593131662e+01 -5.31363467651812e+01 
2.74810810810811e+00 -5.41181738442059e-07 -1.15372807857443e-01 -1.88538825080468e+00 -2.25811626240743e+01 -5.43032975163682e+01 
2.76486486486486e+00 -6.88826261753050e-07 -1.00033674569553e-01 -2.02396957544667e+00 -2.16939885872469e+01 -5.54503356988535e+01 
2.78162162162162e+00 -8.29599559565830e-07 -8.63669899994215e-02 -2.17002036453191e+00 -2.08310281775214e+01 -5.65745498213073e+01 
2.79837837837838e+00 -9.41419608579735e-07 -7.42395935070799e-02 -2.32382006828492e+00 -1.99923041635064e+01 -5.76730092344640e+01 
2.81513513513514e+00 -9.98093851907775e-07 -6.35233656827229e-02 -2.48565724911588e+00 -1.91777760596385e+01 -5.87427778835616e+01 
2.83189189189189e+00 -9.73418433919484e-07 -5.40955279672751e-02 -2.65582992362696e+00 -1.83873449846873e+01 -5.97809285609541e+01 
2.84864864864865e+00 -8.48448991688987e-07 -4.58389225270217e-02 -2.83464588488291e+00 -1.76208584042954e+01 -6.07845575548172e+01 
2.86540540540541e+00 -6.22973338668008e-07 -3.86422632449436e-02 -3.02242300127847e+00 -1.68781147394262e+01 -6.17507995835311e+01 
2.88216216216216e+00 -3.32367214171262e-07 -3.24003494884001e-02 -3.21948948805540e+00 -1.61588678263534e+01 -6.26768429001685e+01 
2.89891891891892e+00 -7.11607965357784e-08 -2.70142354483625e-02 -3.42618414720756e+00 -1.54628312170391e+01 -6.35599444476047e+01 
2.91567567567568e+00 -2.47804848867665e-08 -2.23913492674215e-02 -3.64285657116749e+00 -1.47896823114131e+01 -6.43974449421248e+01 
2.93243243243243e+00 -5.11053413370477e-07 -1.84455578171821e-02 -3.86986730529949e+00 -1.41390663152237e+01 -6.51867837620964e+01 
2.94918918918919e+00 -2.03316440572607e-06 -1.50971747598355e-02 -4.10758796383571e+00 -1.35106000188333e+01 -6.59255135182572e+01 
2.96594594594595e+00 -5.34582917318618e-06 -1.22729113505038e-02 -4.35640129349101e+00 -1.29038753936676e+01 -6.66113141834910e+01 
2.98270270270270e+00 -1.15364895020843e-05 -9.90577121146384e-03 -4.61670117858907e+00 -1.23184630040590e+01 -6.72420066625474e+01 
2.99945945945946e+00 -2.21233339272850e-05 -7.93489195478453e-03 -4.88889258113378e+00 -1.17539152330587e+01 -6.78155656860209e+01 
3.01621621621622e+00 -3.91718972532523e-05 -6.30533797471476e-03 -5.17339140887746e+00 -1.12097693214865e+01 -6.83301319179412e+01 
3.03297297297297e+00 -6.54318831275976e-05 -4.96784992086454e-03 -5.47062430408301e+00 -1.06855502201217e+01 -6.87840231725211e+01 
3.04972972972973e+00 -1.04495679198916e-04 -3.87855726200814e-03 -5.78102834536321e+00 -1.01807732555552e+01 -6.91757446428576e+01 
3.06648648648649e+00 -1.60979786213742e-04 -2.99866094429905e-03 -6.10505065471732e+00 -9.69494661085902e+00 -6.95039980526118e+01 
3.08324324324324e+00 -2.40730054226058e-04 -2.29409343775776e-03 -6.44314790169098e+00 -9.22757362290936e+00 -6.97676896508286e+01 
3.10000000000000e+00 -3.51051205857558e-04 -1.73516347294593e-03 -6.79578569646789e+00 -8.77815489890844e+00 -6.99659369799732e+01 
