Data Format: k_val_normalized w_real_normalized w_imag 
num_pts 435 
0.00000000000000e+00 -1.11822007296470e-16 -9.13773320680077e-15 
7.15931533903884e-03 7.15931533903878e-03 -4.23868096589131e-14 
1.43186306780777e-02 1.43186306780776e-02 -3.84710194170885e-14 
2.14779460171165e-02 2.14779460171167e-02 1.16937178713912e-14 
2.86372613561554e-02 2.86372613561553e-02 -2.75818112409842e-14 
3.57965766951942e-02 3.57965766951944e-02 -1.59131473346599e-14 
4.29558920342330e-02 4.29558920342334e-02 -1.33583560559459e-14 
5.01152073732719e-02 5.01152073732723e-02 -3.61745684149282e-14 
5.72745227123107e-02 5.72745227123105e-02 -5.89116972155159e-15 
6.44338380513496e-02 6.44338380513499e-02 -1.86505471619923e-14 
7.15931533903884e-02 7.15931533903884e-02 -4.02175765833230e-15 
7.87524687294272e-02 7.87524687294274e-02 -4.37453810197747e-14 
8.59117840684661e-02 8.59117840684652e-02 -7.11942791421808e-14 
9.30710994075049e-02 9.30710994075024e-02 -1.03221481800704e-13 
1.00230414746544e-01 1.00230414746538e-01 -2.65222343419299e-13 
1.07389730085583e-01 1.07389730085571e-01 -5.50639956894408e-13 
1.14549045424621e-01 1.14549045424598e-01 -1.04377871939080e-12 
1.21708360763660e-01 1.21708360763616e-01 -1.88033765853043e-12 
1.28867676102699e-01 1.28867676102616e-01 -3.36500838668140e-12 
1.36026991441738e-01 1.36026991441586e-01 -5.85012559830074e-12 
1.43186306780777e-01 1.43186306780509e-01 -9.85892251295852e-12 
1.50345622119816e-01 1.50345622119359e-01 -1.63225634709174e-11 
1.57504937458854e-01 1.57504937458091e-01 -2.63111512703431e-11 
1.64664252797893e-01 1.64664252796648e-01 -4.15423589092890e-11 
1.71823568136932e-01 1.71823568134942e-01 -6.45127292514050e-11 
1.78982883475971e-01 1.78982883472851e-01 -9.84293964149831e-11 
1.86142198815010e-01 1.86142198810205e-01 -1.47894663230785e-10 
1.93301514154049e-01 1.93301514146767e-01 -2.19052718990325e-10 
2.00460829493088e-01 2.00460829482219e-01 -3.20133832787877e-10 
2.07620144832126e-01 2.07620144816130e-01 -4.62111929773593e-10 
2.14779460171165e-01 2.14779460147930e-01 -6.59481073409659e-10 
2.21938775510204e-01 2.21938775476865e-01 -9.31032847898190e-10 
2.29098090849243e-01 2.29098090801950e-01 -1.30119125743414e-09 
2.36257406188282e-01 2.36257406121914e-01 -1.80145982007669e-09 
2.43416721527321e-01 2.43416721435126e-01 -2.47204184263409e-09 
2.50576036866359e-01 2.50576036739502e-01 -3.36401380079574e-09 
2.57735352205398e-01 2.57735352032414e-01 -4.54184287178586e-09 
2.64894667544437e-01 2.64894667310558e-01 -6.08655791156592e-09 
2.72053982883476e-01 2.72053982569810e-01 -8.09927749732520e-09 
2.79213298222515e-01 2.79213297805054e-01 -1.07056528001772e-08 
2.86372613561554e-01 2.86372613009985e-01 -1.40610382425311e-08 
2.93531928900592e-01 2.93531928176867e-01 -1.83568177379972e-08 
3.00691244239631e-01 3.00691243296264e-01 -2.38273019033541e-08 
3.07850559578670e-01 3.07850558356721e-01 -3.07585202029942e-08 
3.15009874917709e-01 3.15009873344404e-01 -3.94982090342218e-08 
3.22169190256748e-01 3.22169188242672e-01 -5.04672407155010e-08 
3.29328505595787e-01 3.29328503031607e-01 -6.41733257713851e-08 
3.36487820934826e-01 3.36487817687466e-01 -8.12268576618276e-08 
3.43647136273864e-01 3.43647132182053e-01 -1.02358806614513e-07 
3.50806451612903e-01 3.50806446482031e-01 -1.28441958372063e-07 
3.57965766951942e-01 3.57965760548115e-01 -1.60515065754815e-07 
3.65125082290981e-01 3.65125074334189e-01 -1.99810480542274e-07 
3.72284397630020e-01 3.72284387786308e-01 -2.47785963472494e-07 
3.79443712969059e-01 3.79443700841574e-01 -3.06160970103814e-07 
3.86603028308097e-01 3.86603013426900e-01 -3.76957990689640e-07 
3.93762343647136e-01 3.93762325457621e-01 -4.62549375475689e-07 
4.00921658986175e-01 4.00921636835966e-01 -5.65710889338926e-07 
4.08080974325214e-01 4.08080947449360e-01 -6.89681622158508e-07 
4.15240289664253e-01 4.15240257168564e-01 -8.38232335273371e-07 
4.22399605003292e-01 4.22399565845622e-01 -1.01574195505974e-06 
4.29558920342330e-01 4.29558873311612e-01 -1.22728383861797e-06 
4.36718235681369e-01 4.36718179374194e-01 -1.47872251648698e-06 
4.43877551020408e-01 4.43877483814928e-01 -1.77682189777417e-06 
4.51036866359447e-01 4.51036786386364e-01 -2.12936651091601e-06 
4.58196181698486e-01 4.58196086808889e-01 -2.54529630406558e-06 
4.65355497037525e-01 4.65355384767302e-01 -3.03485707441938e-06 
4.72514812376564e-01 4.72514679907133e-01 -3.60976767968786e-06 
4.79674127715602e-01 4.79673971830677e-01 -4.28340515758858e-06 
4.86833443054641e-01 4.86833260092734e-01 -5.07101008932867e-06 
4.93992758393680e-01 4.93992544196053e-01 -5.98991354402369e-06 
5.01152073732719e-01 5.01151823586469e-01 -7.05978724219358e-06 
5.08311389071758e-01 5.08311097647707e-01 -8.30291957280425e-06 
5.15470704410797e-01 5.15470365695898e-01 -9.74451882595205e-06 
5.22630019749835e-01 5.22629626973732e-01 -1.14130464261378e-05 
5.29789335088874e-01 5.29788880644323e-01 -1.33405818515245e-05 
5.36948650427913e-01 5.36948125784711e-01 -1.55632225144995e-05 
5.44107965766952e-01 5.44107361379070e-01 -1.81215203049976e-05 
5.51267281105991e-01 5.51266586311591e-01 -2.10609581765134e-05 
5.58426596445030e-01 5.58425799359046e-01 -2.44324691983080e-05 
5.65585911784068e-01 5.65584999183079e-01 -2.82930011999732e-05 
5.72745227123107e-01 5.72744184322205e-01 -3.27061300067834e-05 
5.79904542462146e-01 5.79903353183562e-01 -3.77427243756068e-05 
5.87063857801185e-01 5.87062504034424e-01 -4.34816664271283e-05 
5.94223173140224e-01 5.94221634993527e-01 -5.00106300702508e-05 
6.01382488479263e-01 6.01380744022220e-01 -5.74269219949472e-05 
6.08541803818301e-01 6.08539828915503e-01 -6.58383880690162e-05 
6.15701119157340e-01 6.15698887292997e-01 -7.53643896223837e-05 
6.22860434496379e-01 6.22857916589889e-01 -8.61368524699211e-05 
6.30019749835418e-01 6.30016914047918e-01 -9.83013938865957e-05 
6.37179065174457e-01 6.37175876706501e-01 -1.12018530090687e-04 
6.44338380513496e-01 6.44334801394026e-01 -1.27464969676368e-04 
6.51497695852535e-01 6.51493684719434e-01 -1.44834995828490e-04 
6.58657011191573e-01 6.58652523064182e-01 -1.64341942545755e-04 
6.65816326530612e-01 6.65811312574680e-01 -1.86219768423849e-04 
6.72975641869651e-01 6.72970049155312e-01 -2.10724731859984e-04 
6.80134957208690e-01 6.80128728462197e-01 -2.38137172889008e-04 
6.87294272547729e-01 6.87287345897766e-01 -2.68763404408530e-04 
6.94453587886768e-01 6.94445896606367e-01 -3.02937718114203e-04 
7.01612903225806e-01 7.01604375470996e-01 -3.41024507736285e-04 
7.08772218564845e-01 7.08762777111353e-01 -3.83420514959443e-04 
7.15931533903884e-01 7.15921095883388e-01 -4.30557200200688e-04 
7.23090849242923e-01 7.23079325880527e-01 -4.82903243029748e-04 
7.30250164581962e-01 7.30237460936777e-01 -5.40967174748110e-04 
7.37409479921001e-01 7.37395494631927e-01 -6.05300146718548e-04 
7.44568795260039e-01 7.44553420299050e-01 -6.76498837155033e-04 
7.51728110599078e-01 7.51711231034558e-01 -7.55208498873251e-04 
7.58887425938117e-01 7.58868919711053e-01 -8.42126150581342e-04 
7.66046741277156e-01 7.66026478993196e-01 -9.38003913192768e-04 
7.73206056616195e-01 7.73183901356906e-01 -1.04365249308601e-03 
7.80365371955234e-01 7.80341179112129e-01 -1.15994481298730e-03 
7.87524687294272e-01 7.87498304429455e-01 -1.28781979172200e-03 
7.94684002633311e-01 7.94655269370907e-01 -1.42828627230016e-03 
8.01843317972350e-01 8.01812065925151e-01 -1.58242709826229e-03 
8.09002633311389e-01 8.08968686047471e-01 -1.75140333737129e-03 
8.16161948650428e-01 8.16125121704784e-01 -1.93645865108953e-03 
8.23321263989467e-01 8.23281364926031e-01 -2.13892380736515e-03 
8.30480579328506e-01 8.30437407858224e-01 -2.36022133419746e-03 
8.37639894667544e-01 8.37593242828501e-01 -2.60187031029898e-03 
8.44799210006583e-01 8.44748862412461e-01 -2.86549128842118e-03 
8.51958525345622e-01 8.51904259509108e-01 -3.15281134666415e-03 
8.59117840684661e-01 8.59059427422706e-01 -3.46566926174350e-03 
8.66277156023700e-01 8.66214359951820e-01 -3.80602079768107e-03 
8.73436471362739e-01 8.73369051485865e-01 -4.17594410275689e-03 
8.80595786701777e-01 8.80523497109381e-01 -4.57764520628431e-03 
8.87755102040816e-01 8.87677692714357e-01 -5.01346360673654e-03 
8.94914417379855e-01 8.94831635120783e-01 -5.48587794108138e-03 
9.02073732718894e-01 9.01985322205702e-01 -5.99751172522733e-03 
9.09233048057933e-01 9.09138753040938e-01 -6.55113915392491e-03 
9.16392363396972e-01 9.16291928039661e-01 -7.14969094860308e-03 
9.23551678736011e-01 9.23444849111986e-01 -7.79626024028487e-03 
9.30710994075049e-01 9.30597519829665e-01 -8.49410847418217e-03 
9.37870309414088e-01 9.37749945600007e-01 -9.24667132218560e-03 
9.45029624753127e-01 9.44902133849035e-01 -1.00575645887922e-02 
9.52188940092166e-01 9.52054094213931e-01 -1.09305900955460e-02 
9.59348255431205e-01 9.59205838744731e-01 -1.18697415281675e-02 
9.66507570770244e-01 9.66357382115168e-01 -1.28792102316290e-02 
9.73666886109282e-01 9.73508741842615e-01 -1.39633909361170e-02 
9.80826201448321e-01 9.80659938516919e-01 -1.51268873987508e-02 
9.87985516787360e-01 9.87810996037944e-01 -1.63745179441109e-02 
9.95144832126399e-01 9.94961941861583e-01 -1.77113208881310e-02 
1.00230414746544e+00 1.00211280725390e+00 -1.91425598290090e-02 
1.00946346280448e+00 1.00926362755313e+00 -2.06737287895046e-02 
1.01662277814352e+00 1.01641444243904e+00 -2.23105571959639e-02 
1.02378209348255e+00 1.02356529620930e+00 -2.40590146784806e-02 
1.03094140882159e+00 1.03071623806234e+00 -2.59253156789820e-02 
1.03810072416063e+00 1.03786732238609e+00 -2.79159238533227e-02 
1.04526003949967e+00 1.04501860905215e+00 -3.00375562556348e-02 
1.05241935483871e+00 1.05217016371464e+00 -3.22971872931401e-02 
1.05957867017775e+00 1.05932205811320e+00 -3.47020524415232e-02 
1.06673798551679e+00 1.06647437037921e+00 -3.72596517119616e-02 
1.07389730085583e+00 1.07362718534483e+00 -3.99777528619281e-02 
1.08105661619486e+00 1.08078059485373e+00 -4.28643943442012e-02 
1.08821593153390e+00 1.08793469807306e+00 -4.59278879892579e-02 
1.09537524687294e+00 1.09508960180554e+00 -4.91768214180776e-02 
1.10253456221198e+00 1.10224542080109e+00 -5.26200601843863e-02 
1.10969387755102e+00 1.10940227806703e+00 -5.62667496469219e-02 
1.11685319289006e+00 1.11656030517601e+00 -6.01263165737944e-02 
1.12401250822910e+00 1.12371964257088e+00 -6.42084704835649e-02 
1.13117182356814e+00 1.13088043986566e+00 -6.85232047284993e-02 
1.13833113890718e+00 1.13804285614164e+00 -7.30807973285132e-02 
1.14549045424621e+00 1.14520706023807e+00 -7.78918115651321e-02 
1.15264976958525e+00 1.15237323103636e+00 -8.29670963466941e-02 
1.15980908492429e+00 1.15954155773719e+00 -8.83177863585766e-02 
1.16696840026333e+00 1.16671224012982e+00 -9.39553020125433e-02 
1.17412771560237e+00 1.17388548885279e+00 -9.98913492126165e-02 
1.18128703094141e+00 1.18106152564544e+00 -1.06137918954216e-01 
1.18844634628045e+00 1.18824058358961e+00 -1.12707286777138e-01 
1.19560566161949e+00 1.19542290734103e+00 -1.19612012091574e-01 
1.20276497695853e+00 1.20260875334983e+00 -1.26864937400493e-01 
1.20992429229756e+00 1.20979839006970e+00 -1.34479187439410e-01 
1.21708360763660e+00 1.21699209815541e+00 -1.42468168258855e-01 
1.22424292297564e+00 1.22419017064833e+00 -1.50845566271958e-01 
1.23140223831468e+00 1.23139291314963e+00 -1.59625347294036e-01 
1.23856155365372e+00 1.23860064398102e+00 -1.68821755597915e-01 
1.24572086899276e+00 1.24581369433291e+00 -1.78449313011146e-01 
1.25288018433180e+00 1.25303240839982e+00 -1.88522818080502e-01 
1.26003949967084e+00 1.26025714350318e+00 -1.99057345329953e-01 
1.26719881500987e+00 1.26748827020138e+00 -2.10068244636327e-01 
1.27435813034891e+00 1.27472617238739e+00 -2.21571140748956e-01 
1.28151744568795e+00 1.28197124737391e+00 -2.33581932976701e-01 
1.28867676102699e+00 1.28922390596642e+00 -2.46116795067033e-01 
1.29583607636603e+00 1.29648457252430e+00 -2.59192175300315e-01 
1.30299539170507e+00 1.30375368501037e+00 -2.72824796821061e-01 
1.31015470704411e+00 1.31103169502928e+00 -2.87031658228313e-01 
1.31731402238315e+00 1.31831906785493e+00 -3.01830034445170e-01 
1.32447333772219e+00 1.32561628244763e+00 -3.17237477887046e-01 
1.33163265306122e+00 1.33292383146123e+00 -3.33271819946471e-01 
1.33879196840026e+00 1.34024222124081e+00 -3.49951172811823e-01 
1.34595128373930e+00 1.34757197181143e+00 -3.67293931635757e-01 
1.35311059907834e+00 1.35491361685844e+00 -3.85318777067331e-01 
1.36026991441738e+00 1.36226770369985e+00 -4.04044678161927e-01 
1.36742922975642e+00 1.36963479325137e+00 -4.23490895680006e-01 
1.37458854509546e+00 1.37701545998460e+00 -4.43676985786179e-01 
1.38174786043450e+00 1.38441029187890e+00 -4.64622804157489e-01 
1.38890717577354e+00 1.39181989036757e+00 -4.86348510509902e-01 
1.39606649111257e+00 1.39924487027863e+00 -5.08874573548908e-01 
1.40322580645161e+00 1.40668585977105e+00 -5.32221776351509e-01 
1.41038512179065e+00 1.41414350026652e+00 -5.56411222183639e-01 
1.41754443712969e+00 1.42161844637757e+00 -5.81464340756878e-01 
1.42470375246873e+00 1.42911136583224e+00 -6.07402894928024e-01 
1.43186306780777e+00 1.43662293939579e+00 -6.34248987842450e-01 
1.43902238314681e+00 1.44415386078993e+00 -6.62025070523472e-01 
1.44618169848585e+00 1.45170483660969e+00 -6.90753949907491e-01 
1.45334101382488e+00 1.45927658623842e+00 -7.20458797324888e-01 
1.46050032916392e+00 1.46686984176120e+00 -7.51163157425761e-01 
1.46765964450296e+00 1.47448534787671e+00 -7.82890957549239e-01 
1.47481895984200e+00 1.48212386180799e+00 -8.15666517534243e-01 
1.48197827518104e+00 1.48978615321204e+00 -8.49514559970049e-01 
1.48913759052008e+00 1.49747300408846e+00 -8.84460220883397e-01 
1.49629690585912e+00 1.50518520868723e+00 -9.20529060860508e-01 
1.50345622119816e+00 1.51292357341554e+00 -9.57747076599814e-01 
1.51061553653720e+00 1.52068891674368e+00 -9.96140712893731e-01 
1.51777485187623e+00 1.52848206911000e+00 -1.03573687503584e+00 
1.52493416721527e+00 1.53630387282468e+00 -1.07656294165074e+00 
1.53209348255431e+00 1.54415518197218e+00 -1.11864677794358e+00 
1.53925279789335e+00 1.55203686231226e+00 -1.16201674936745e+00 
1.54641211323239e+00 1.55994979117907e+00 -1.20670173570527e+00 
1.55357142857143e+00 1.56789485737830e+00 -1.25273114556498e+00 
1.56073074391047e+00 1.57587296108168e+00 -1.30013493128559e+00 
1.56789005924951e+00 1.58388501371873e+00 -1.34894360425356e+00 
1.57504937458854e+00 1.59193193786508e+00 -1.39918825062773e+00 
1.58220868992758e+00 1.60001466712692e+00 -1.45090054747347e+00 
1.58936800526662e+00 1.60813414602110e+00 -1.50411277930507e+00 
1.59652732060566e+00 1.61629132985007e+00 -1.55885785503779e+00 
1.60368663594470e+00 1.62448718457120e+00 -1.61516932535103e+00 
1.61084595128374e+00 1.63272268665967e+00 -1.67308140046358e+00 
1.61800526662278e+00 1.64099882296417e+00 -1.73262896832471e+00 
1.62516458196182e+00 1.64931659055462e+00 -1.79384761322374e+00 
1.63232389730086e+00 1.65767699656102e+00 -1.85677363482206e+00 
1.63948321263989e+00 1.66608105800260e+00 -1.92144406761301e+00 
1.64664252797893e+00 1.67452980160618e+00 -1.98789670081445e+00 
1.65380184331797e+00 1.68302426361282e+00 -2.05617009870064e+00 
1.66096115865701e+00 1.69156548957168e+00 -2.12630362138112e+00 
1.66812047399605e+00 1.70015453411996e+00 -2.19833744603374e+00 
1.67527978933509e+00 1.70879246074773e+00 -2.27231258860089e+00 
1.68243910467413e+00 1.71748034154647e+00 -2.34827092595973e+00 
1.68959842001317e+00 1.72621925694001e+00 -2.42625521857497e+00 
1.69675773535221e+00 1.73501029539663e+00 -2.50630913364798e+00 
1.70391705069124e+00 1.74385455312078e+00 -2.58847726877222e+00 
1.71107636603028e+00 1.75275313372311e+00 -2.67280517611019e+00 
1.71823568136932e+00 1.76170714786736e+00 -2.75933938710492e+00 
1.72539499670836e+00 1.77071771289243e+00 -2.84812743774047e+00 
1.73255431204740e+00 1.77978595240812e+00 -2.93921789436879e+00 
1.73971362738644e+00 1.78891299586288e+00 -3.03266038011755e+00 
1.74687294272548e+00 1.79809997808192e+00 -3.12850560189777e+00 
1.75403225806452e+00 1.80734803877379e+00 -3.22680537802822e+00 
1.76119157340355e+00 1.81665832200373e+00 -3.32761266649606e+00 
1.76835088874259e+00 1.82603197563186e+00 -3.43098159387289e+00 
1.77551020408163e+00 1.83547015071436e+00 -3.53696748490581e+00 
1.78266951942067e+00 1.84497400086551e+00 -3.64562689280457e+00 
1.78982883475971e+00 1.85454468157875e+00 -3.75701763024490e+00 
1.79698815009875e+00 1.86418334950446e+00 -3.87119880111001e+00 
1.80414746543779e+00 1.87389116168252e+00 -3.98823083299075e+00 
1.81130678077683e+00 1.88366927472724e+00 -4.10817551046715e+00 
1.81846609611587e+00 1.89351884396253e+00 -4.23109600919073e+00 
1.82562541145490e+00 1.90344102250492e+00 -4.35705693079162e+00 
1.83278472679394e+00 1.91343696029213e+00 -4.48612433862802e+00 
1.83994404213298e+00 1.92350780305462e+00 -4.61836579440128e+00 
1.84710335747202e+00 1.93365469122769e+00 -4.75385039565420e+00 
1.85426267281106e+00 1.94387875880163e+00 -4.89264881417172e+00 
1.86142198815010e+00 1.95418113210718e+00 -5.03483333530180e+00 
1.86858130348914e+00 1.96456292853362e+00 -5.18047789821111e+00 
1.87574061882818e+00 1.97502525517685e+00 -5.32965813709155e+00 
1.88289993416722e+00 1.98556920741450e+00 -5.48245142332787e+00 
1.89005924950625e+00 1.99619586740521e+00 -5.63893690863774e+00 
1.89721856484529e+00 2.00690630250924e+00 -5.79919556919041e+00 
1.90437788018433e+00 2.01770156362713e+00 -5.96331025070894e+00 
1.91153719552337e+00 2.02858268345353e+00 -6.13136571455649e+00 
1.91869651086241e+00 2.03955067464281e+00 -6.30344868480348e+00 
1.92585582620145e+00 2.05060652788333e+00 -6.47964789627004e+00 
1.93301514154049e+00 2.06175120987687e+00 -6.66005414352978e+00 
1.94017445687953e+00 2.07298566121980e+00 -6.84476033086116e+00 
1.94733377221856e+00 2.08431079418248e+00 -7.03386152312259e+00 
1.95449308755760e+00 2.09572749038316e+00 -7.22745499752441e+00 
1.96165240289664e+00 2.10723659835258e+00 -7.42564029626293e+00 
1.96881171823568e+00 2.11883893098565e+00 -7.62851927997668e+00 
1.97597103357472e+00 2.13053526287578e+00 -7.83619618197513e+00 
1.98313034891376e+00 2.14232632752827e+00 -8.04877766318486e+00 
1.99028966425280e+00 2.15421281444811e+00 -8.26637286774809e+00 
1.99744897959184e+00 2.16619536609815e+00 -8.48909347919987e+00 
2.00460829493088e+00 2.17827457472301e+00 -8.71705377714106e+00 
2.01176761026991e+00 2.19045097903418e+00 -8.95037069431478e+00 
2.01892692560895e+00 2.20272506075160e+00 -9.18916387398102e+00 
2.02608624094799e+00 2.21509724099686e+00 -9.43355572747582e+00 
2.03324555628703e+00 2.22756787653304e+00 -9.68367149182867e+00 
2.04040487162607e+00 2.24013725584608e+00 -9.93963928729685e+00 
2.04756418696511e+00 2.25280559506239e+00 -1.02015901746674e+01 
2.05472350230415e+00 2.26557303369750e+00 -1.04696582121592e+01 
2.06188281764319e+00 2.27843963023011e+00 -1.07439805117457e+01 
2.06904213298222e+00 2.29140535749604e+00 -1.10246972947037e+01 
2.07620144832126e+00 2.30447009789646e+00 -1.13119519461770e+01 
2.08336076366030e+00 2.31763363841460e+00 -1.16058910685307e+01 
2.09052007899934e+00 2.33089566543510e+00 -1.19066645332491e+01 
2.09767939433838e+00 2.34425575936021e+00 -1.22144255311204e+01 
2.10483870967742e+00 2.35771338901698e+00 -1.25293306204269e+01 
2.11199802501646e+00 2.37126790584934e+00 -1.28515397728438e+01 
2.11915734035550e+00 2.38491853788949e+00 -1.31812164167291e+01 
2.12631665569454e+00 2.39866438350265e+00 -1.35185274774680e+01 
2.13347597103357e+00 2.41250440489940e+00 -1.38636434145146e+01 
2.14063528637261e+00 2.42643742141015e+00 -1.42167382547485e+01 
2.14779460171165e+00 2.44046210251623e+00 -1.45779896217488e+01 
2.15495391705069e+00 2.45457696063252e+00 -1.49475787605596e+01 
2.16211323238973e+00 2.46878034363653e+00 -1.53256905574973e+01 
2.16927254772877e+00 2.48307042713952e+00 -1.57125135545339e+01 
2.17643186306781e+00 2.49744520649536e+00 -1.61082399577566e+01 
2.18359117840685e+00 2.51190248854345e+00 -1.65130656393836e+01 
2.19075049374589e+00 2.52643988308234e+00 -1.69271901327921e+01 
2.19790980908492e+00 2.54105479407166e+00 -1.73508166199870e+01 
2.20506912442396e+00 2.55574441056025e+00 -1.77841519109102e+01 
2.21222843976300e+00 2.57050569733941e+00 -1.82274064139715e+01 
2.21938775510204e+00 2.58533538532092e+00 -1.86807940971471e+01 
2.22654707044108e+00 2.60022996164057e+00 -1.91445324389719e+01 
2.23370638578012e+00 2.61518565948883e+00 -1.96188423687229e+01 
2.24086570111916e+00 2.63019844767162e+00 -2.01039481950667e+01 
2.24802501645820e+00 2.64526401990523e+00 -2.06000775224144e+01 
2.25518433179723e+00 2.66037778385108e+00 -2.11074611542100e+01 
2.26234364713627e+00 2.67553484989728e+00 -2.16263329823475e+01 
2.26950296247531e+00 2.69073001969572e+00 -2.21569298618932e+01 
2.27666227781435e+00 2.70595777446515e+00 -2.26994914702651e+01 
2.28382159315339e+00 2.72121226307268e+00 -2.32542601500072e+01 
2.29098090849243e+00 2.73648728990787e+00 -2.38214807342697e+01 
2.29814022383147e+00 2.75177630256629e+00 -2.44014003540994e+01 
2.30529953917051e+00 2.76707237936106e+00 -2.49942682266259e+01 
2.31245885450955e+00 2.78236821668389e+00 -2.56003354232196e+01 
2.31961816984858e+00 2.79765611623937e+00 -2.62198546166944e+01 
2.32677748518762e+00 2.81292797217905e+00 -2.68530798066180e+01 
2.33393680052666e+00 2.82817525816490e+00 -2.75002660218024e+01 
2.34109611586570e+00 2.84338901439416e+00 -2.81616689990429e+01 
2.34825543120474e+00 2.85855983462144e+00 -2.88375448371948e+01 
2.35541474654378e+00 2.87367785321640e+00 -2.95281496256828e+01 
2.36257406188282e+00 2.88873273229921e+00 -3.02337390465705e+01 
2.36973337722186e+00 2.90371364899899e+00 -3.09545679493375e+01 
2.37689269256090e+00 2.91860928288422e+00 -3.16908898975510e+01 
2.38405200789993e+00 2.93340780361748e+00 -3.24429566866637e+01 
2.39121132323897e+00 2.94809685889055e+00 -3.32110178322165e+01 
2.39837063857801e+00 2.96266356269958e+00 -3.39953200277872e+01 
2.40552995391705e+00 2.97709448402367e+00 -3.47961065720932e+01 
2.41268926925609e+00 2.99137563597383e+00 -3.56136167647355e+01 
2.41984858459513e+00 3.00549246548299e+00 -3.64480852701561e+01 
2.42700789993417e+00 3.01942984361113e+00 -3.72997414494804e+01 
2.43416721527321e+00 3.03317205654336e+00 -3.81688086600231e+01 
2.44132653061224e+00 3.04670279736169e+00 -3.90555035223550e+01 
2.44848584595128e+00 3.06000515867487e+00 -3.99600351549552e+01 
2.45564516129032e+00 3.07306162619347e+00 -4.08826043766168e+01 
2.46280447662936e+00 3.08585407333989e+00 -4.18234028769210e+01 
2.46996379196840e+00 3.09836375698611e+00 -4.27826123552587e+01 
2.47712310730744e+00 3.11057131441354e+00 -4.37604036290509e+01 
2.48428242264648e+00 3.12245676159145e+00 -4.47569357120020e+01 
2.49144173798552e+00 3.13399949287210e+00 -4.57723548634089e+01 
2.49860105332456e+00 3.14517828220116e+00 -4.68067936097613e+01 
2.50576036866359e+00 3.15597128594313e+00 -4.78603697400653e+01 
2.51291968400263e+00 3.16635604742102e+00 -4.89331852765559e+01 
2.52007899934167e+00 3.17630950326927e+00 -5.00253254226784e+01 
2.52723831468071e+00 3.18580799169759e+00 -5.11368574904643e+01 
2.53439763001975e+00 3.19482726276160e+00 -5.22678298096482e+01 
2.54155694535879e+00 3.20334249073376e+00 -5.34182706211302e+01 
2.54871626069783e+00 3.21132828866481e+00 -5.45881869576238e+01 
2.55587557603687e+00 3.21875872522204e+00 -5.57775635145692e+01 
2.56303489137591e+00 3.22560734388609e+00 -5.69863615146474e+01 
2.57019420671494e+00 3.23184718458228e+00 -5.82145175694588e+01 
2.57735352205398e+00 3.23745080781679e+00 -5.94619425421717e+01 
2.58451283739302e+00 3.24239032138013e+00 -6.07285204151774e+01 
2.59167215273206e+00 3.24663740967332e+00 -6.20141071670004e+01 
2.59883146807110e+00 3.25016336570288e+00 -6.33185296629316e+01 
2.60599078341014e+00 3.25293912578202e+00 -6.46415845640419e+01 
2.61315009874918e+00 3.25493530696440e+00 -6.59830372594164e+01 
2.62030941408822e+00 3.25612224722674e+00 -6.73426208266150e+01 
2.62746872942725e+00 3.25647004840449e+00 -6.87200350255100e+01 
2.63462804476629e+00 3.25594862187266e+00 -7.01149453307703e+01 
2.64178736010533e+00 3.25452773695109e+00 -7.15269820083637e+01 
2.64894667544437e+00 3.25217707200009e+00 -7.29557392415293e+01 
2.65610599078341e+00 3.24886626815854e+00 -7.44007743117048e+01 
2.66326530612245e+00 3.24456498566235e+00 -7.58616068399269e+01 
2.67042462146149e+00 3.23924296266657e+00 -7.73377180942058e+01 
2.67758393680053e+00 3.23287007647976e+00 -7.88285503683231e+01 
2.68474325213957e+00 3.22541640710447e+00 -8.03335064374503e+01 
2.69190256747860e+00 3.21685230296255e+00 -8.18519490958505e+01 
2.69906188281764e+00 3.20714844866919e+00 -8.33832007818023e+01 
2.70622119815668e+00 3.19627593470531e+00 -8.49265432947081e+01 
2.71338051349572e+00 3.18420632882286e+00 -8.64812176091277e+01 
2.72053982883476e+00 3.17091174900423e+00 -8.80464237902582e+01 
2.72769914417380e+00 3.15636493778300e+00 -8.96213210150833e+01 
2.73485845951284e+00 3.14053933772052e+00 -9.12050277031219e+01 
2.74201777485188e+00 3.12340916782050e+00 -9.27966217603696e+01 
2.74917709019092e+00 3.10494950065233e+00 -9.43951409396511e+01 
2.75633640552995e+00 3.08513633994326e+00 -9.59995833202132e+01 
2.76349572086899e+00 3.06394669838989e+00 -9.76089079089706e+01 
2.77065503620803e+00 3.04135867543098e+00 -9.92220353653621e+01 
2.77781435154707e+00 3.01735153471585e+00 -1.00837848851326e+02 
2.78497366688611e+00 2.99190578099671e+00 -1.02455195007400e+02 
2.79213298222515e+00 2.96500323616790e+00 -1.04072885055475e+02 
2.79929229756419e+00 2.93662711417141e+00 -1.05689696028192e+02 
2.80645161290323e+00 2.90676209448570e+00 -1.07304372124468e+02 
2.81361092824226e+00 2.87539439391344e+00 -1.08915626190108e+02 
2.82077024358130e+00 2.84251183638466e+00 -1.10522141321889e+02 
2.82792955892034e+00 2.80810392049289e+00 -1.12122572593035e+02 
2.83508887425938e+00 2.77216188448523e+00 -1.13715548897374e+02 
2.84224818959842e+00 2.73467876843204e+00 -1.15299674909039e+02 
2.84940750493746e+00 2.69564947330699e+00 -1.16873533153961e+02 
2.85656682027650e+00 2.65507081671637e+00 -1.18435686188962e+02 
2.86372613561554e+00 2.61294158502402e+00 -1.19984678883708e+02 
2.87088545095458e+00 2.56926258162879e+00 -1.21519040800335e+02 
2.87804476629361e+00 2.52403667116187e+00 -1.23037288665083e+02 
2.88520408163265e+00 2.47726881938327e+00 -1.24537928925816e+02 
2.89236339697169e+00 2.42896612857074e+00 -1.26019460388932e+02 
2.89952271231073e+00 2.37913786820738e+00 -1.27480376928728e+02 
2.90668202764977e+00 2.32779550079021e+00 -1.28919170261947e+02 
2.91384134298881e+00 2.27495270259766e+00 -1.30334332779892e+02 
2.92100065832785e+00 2.22062537927056e+00 -1.31724360430185e+02 
2.92815997366689e+00 2.16483167607880e+00 -1.33087755639974e+02 
2.93531928900592e+00 2.10759198276405e+00 -1.34423030272166e+02 
2.94247860434496e+00 2.04892893286708e+00 -1.35728708606039e+02 
2.94963791968400e+00 1.98886739746781e+00 -1.37003330333416e+02 
2.95679723502304e+00 1.92743447328511e+00 -1.38245453561479e+02 
2.96395655036208e+00 1.86465946510325e+00 -1.39453657813145e+02 
2.97111586570112e+00 1.80057386251190e+00 -1.40626547015934e+02 
2.97827518104016e+00 1.73521131096576e+00 -1.41762752470151e+02 
2.98543449637920e+00 1.66860757719085e+00 -1.42860935787282e+02 
2.99259381171824e+00 1.60080050898325e+00 -1.43919791789500e+02 
2.99975312705727e+00 1.53182998946651e+00 -1.44938051361278e+02 
3.00691244239631e+00 1.46173788589296e+00 -1.45914484244208e+02 
3.01407175773535e+00 1.39056799309320e+00 -1.46847901766272e+02 
3.02123107307439e+00 1.31836597169721e+00 -1.47737159496993e+02 
3.02839038841343e+00 1.24517928126803e+00 -1.48581159820095e+02 
3.03554970375247e+00 1.17105710850740e+00 -1.49378854415557e+02 
3.04270901909151e+00 1.09605029070944e+00 -1.50129246643190e+02 
3.04986833443055e+00 1.02021123465502e+00 -1.50831393820195e+02 
3.05702764976958e+00 9.43593831155345e-01 -1.51484409385465e+02 
3.06418696510862e+00 8.66253365468246e-01 -1.52087464943739e+02 
3.07134628044766e+00 7.88246423824853e-01 -1.52639792183123e+02 
3.07850559578670e+00 7.09630796317838e-01 -1.53140684659841e+02 
3.08566491112574e+00 6.30465376414665e-01 -1.53589499444548e+02 
3.09282422646478e+00 5.50810057371169e-01 -1.53985658624947e+02 
3.09998354180382e+00 4.70725625831027e-01 -1.54328650659901e+02 
3.10714285714286e+00 3.90273652906613e-01 -1.54618031580722e+02 
