Data Format: k_val_normalized w_real_normalized w_imag 
num_pts 435 
0.00000000000000e+00 9.94166803046540e-17 1.22698432685021e-14 
7.15931533903884e-03 7.15931533852299e-03 -2.97359872408450e-13 
1.43186306780777e-02 1.43186306615879e-02 -1.92897283913004e-11 
2.14779460171165e-02 2.14779458921767e-02 -2.19345700525766e-10 
2.86372613561554e-02 2.86372608313039e-02 -1.22944608557612e-09 
3.57965766951942e-02 3.57965750999054e-02 -4.67535100685277e-09 
4.29558920342330e-02 4.29558880841219e-02 -1.39072927330758e-08 
5.01152073732719e-02 5.01151988850320e-02 -3.49109216901767e-08 
5.72745227123107e-02 5.72745062738282e-02 -7.73831024087046e-08 
6.44338380513496e-02 6.44338086533276e-02 -1.55951139490489e-07 
7.15931533903884e-02 7.15931040266446e-02 -2.91510063094673e-07 
7.87524687294272e-02 7.87523899737027e-02 -5.12649919356212e-07 
8.59117840684661e-02 8.59116636361808e-02 -8.57142393863471e-07 
9.30710994075049e-02 9.30709217113236e-02 -1.37345336931496e-06 
1.00230414746544e-01 1.00230160454911e-01 -2.12224664723903e-06 
1.07389730085583e-01 1.07389375693545e-01 -3.17784208214331e-06 
1.14549045424621e-01 1.14548562846221e-01 -4.62959092466547e-06 
1.21708360763660e-01 1.21707716955019e-01 -6.58313015443645e-06 
1.28867676102699e-01 1.28866832724546e-01 -9.16147803944827e-06 
1.36026991441738e-01 1.36025904569640e-01 -1.25059333974437e-05 
1.43186306780777e-01 1.43184926670616e-01 -1.67767424017489e-05 
1.50345622119816e-01 1.50343893035223e-01 -2.21534980221296e-05 
1.57504937458854e-01 1.57502797566281e-01 -2.88352397271524e-05 
1.64664252797893e-01 1.64661634133832e-01 -3.70402235455421e-05 
1.71823568136932e-01 1.71820396650481e-01 -4.70053357139485e-05 
1.78982883475971e-01 1.78979079148469e-01 -5.89851269362363e-05 
1.86142198815010e-01 1.86137675856890e-01 -7.32504483376751e-05 
1.93301514154049e-01 1.93296181277372e-01 -9.00866748211906e-05 
2.00460829493088e-01 2.00454590256410e-01 -1.09791506519832e-04 
2.07620144832126e-01 2.07612898052501e-01 -1.32672343967162e-04 
2.14779460171165e-01 2.14771100396148e-01 -1.59043239005462e-04 
2.21938775510204e-01 2.21929193540754e-01 -1.89221428457629e-04 
2.29098090849243e-01 2.29087174302439e-01 -2.23523464293688e-04 
2.36257406188282e-01 2.36245040086771e-01 -2.62260960040511e-04 
2.43416721527321e-01 2.43402788900469e-01 -3.05735979445264e-04 
2.50576036866359e-01 2.50560419346158e-01 -3.54236099981613e-04 
2.57735352205398e-01 2.57717930598336e-01 -4.08029189986705e-04 
2.64894667544437e-01 2.64875322358793e-01 -4.67357944520148e-04 
2.72053982883476e-01 2.72032594789878e-01 -5.32434231382690e-04 
2.79213298222515e-01 2.79189748424096e-01 -6.03433304340960e-04 
2.86372613561554e-01 2.86346784048725e-01 -6.80487946809705e-04 
2.93531928900592e-01 2.93503702564307e-01 -7.63682614056276e-04 
3.00691244239631e-01 3.00660504816086e-01 -8.53047647533902e-04 
3.07850559578670e-01 3.07817191397681e-01 -9.48553639546417e-04 
3.15009874917709e-01 3.14973762426542e-01 -1.05010603010006e-03 
3.22169190256748e-01 3.22130217291014e-01 -1.15754002236092e-03 
3.29328505595787e-01 3.29286554369096e-01 -1.27061590512668e-03 
3.36487820934826e-01 3.36442770719312e-01 -1.38901487423041e-03 
3.43647136273864e-01 3.43598861744425e-01 -1.51233544582280e-03 
3.50806451612903e-01 3.50754820829049e-01 -1.64009055572769e-03 
3.57965766951942e-01 3.57910638952585e-01 -1.77170543956766e-03 
3.65125082290981e-01 3.65066304279265e-01 -1.90651638730769e-03 
3.72284397630020e-01 3.72221801727435e-01 -2.04377046482471e-03 
3.79443712969059e-01 3.79377112520631e-01 -2.18262629213473e-03 
3.86603028308097e-01 3.86532213723363e-01 -2.32215596496171e-03 
3.93762343647136e-01 3.93687077764905e-01 -2.46134820123780e-03 
4.00921658986175e-01 4.00841671954809e-01 -2.59911278872775e-03 
4.08080974325214e-01 4.07995957994232e-01 -2.73428640279644e-03 
4.15240289664253e-01 4.15149891487526e-01 -2.86563985530367e-03 
4.22399605003292e-01 4.22303421458955e-01 -2.99188682585677e-03 
4.29558920342330e-01 4.29456489879722e-01 -3.11169411608812e-03 
4.36718235681369e-01 4.36609031210825e-01 -3.22369345475312e-03 
4.43877551020408e-01 4.43760971967577e-01 -3.32649486859777e-03 
4.51036866359447e-01 4.50912230311880e-01 -3.41870161799915e-03 
4.58196181698486e-01 4.58062715678581e-01 -3.49892668034090e-03 
4.65355497037525e-01 4.65212328442413e-01 -3.56581074651239e-03 
4.72514812376564e-01 4.72360959632128e-01 -3.61804167582493e-03 
4.79674127715602e-01 4.79508490698525e-01 -3.65437533610984e-03 
4.86833443054641e-01 4.86654793343016e-01 -3.67365773258828e-03 
4.93992758393680e-01 4.93799729413303e-01 -3.67484830852248e-03 
5.01152073732719e-01 5.00943150872548e-01 -3.65704427759932e-03 
5.08311389071758e-01 5.08084899848132e-01 -3.61950582472102e-03 
5.15470704410797e-01 5.15224808765716e-01 -3.56168198930297e-03 
5.22630019749835e-01 5.22362700573860e-01 -3.48323702261218e-03 
5.29789335088874e-01 5.29498389063819e-01 -3.38407698853837e-03 
5.36948650427913e-01 5.36631679288456e-01 -3.26437635666649e-03 
5.44107965766952e-01 5.43762368083430e-01 -3.12460431743751e-03 
5.51267281105991e-01 5.50890244692830e-01 -2.96555053189349e-03 
5.58426596445030e-01 5.58015091500506e-01 -2.78835001434721e-03 
5.65585911784068e-01 5.65136684867188e-01 -2.59450683413496e-03 
5.72745227123107e-01 5.72254796072317e-01 -2.38591631500188e-03 
5.79904542462146e-01 5.79369192358318e-01 -2.16488540570457e-03 
5.87063857801185e-01 5.86479638073705e-01 -1.93415089543960e-03 
5.94223173140224e-01 5.93585895910174e-01 -1.69689515122578e-03 
6.01382488479263e-01 6.00687728227451e-01 -1.45675906329977e-03 
6.08541803818301e-01 6.07784898458505e-01 -1.21785189750648e-03 
6.15701119157340e-01 6.14877172586341e-01 -9.84757770930058e-04 
6.22860434496379e-01 6.21964320682576e-01 -7.62538489732792e-04 
6.30019749835418e-01 6.29046118496825e-01 -5.56732513610449e-04 
6.37179065174457e-01 6.36122349085056e-01 -3.73349841646177e-04 
6.44338380513496e-01 6.43192804464141e-01 -2.18862647115235e-04 
6.51497695852535e-01 6.50257287279346e-01 -1.00191524871580e-04 
6.58657011191573e-01 6.57315612470824e-01 -2.46872519491400e-05 
6.65816326530612e-01 6.64367608925027e-01 -1.08001623974299e-07 
6.72975641869651e-01 6.71413121096727e-01 -3.45919894453886e-05 
6.80134957208690e-01 6.78452010587436e-01 -1.36625568680949e-04 
6.87294272547729e-01 6.85484157666244e-01 -3.15006829803732e-04 
6.94453587886768e-01 6.92509462719499e-01 -5.78804793111333e-04 
7.01612903225806e-01 6.99527847616297e-01 -9.37314316209964e-04 
7.08772218564845e-01 7.06539256977435e-01 -1.40000686550540e-03 
7.15931533903884e-01 7.13543659336281e-01 -1.97647732543973e-03 
7.23090849242923e-01 7.20541048180818e-01 -2.67638703810757e-03 
7.30250164581962e-01 7.27531442867092e-01 -3.50940328039787e-03 
7.37409479921001e-01 7.34514889395134e-01 -4.48513539411735e-03 
7.44568795260039e-01 7.41491461039337e-01 -5.61306778895825e-03 
7.51728110599078e-01 7.48461258826055e-01 -6.90249003610918e-03 
7.58887425938117e-01 7.55424411851926e-01 -8.36242426420607e-03 
7.66046741277156e-01 7.62381077436963e-01 -1.00015500587935e-02 
7.73206056616195e-01 7.69331441106883e-01 -1.18281270513220e-02 
7.80365371955234e-01 7.76275716399302e-01 -1.38499153669755e-02 
7.87524687294272e-01 7.83214144488479e-01 -1.60740940799540e-02 
7.94684002633311e-01 7.90146993622874e-01 -1.85071778045074e-02 
8.01843317972350e-01 7.97074558369356e-01 -2.11549315284723e-02 
8.09002633311389e-01 8.03997158656916e-01 -2.40222837763599e-02 
8.16161948650428e-01 8.10915138611625e-01 -2.71132381716348e-02 
8.23321263989467e-01 8.17828865173036e-01 -3.04307834542624e-02 
8.30480579328506e-01 8.24738726480369e-01 -3.39768020022323e-02 
8.37639894667544e-01 8.31645130014628e-01 -3.77519769053397e-02 
8.44799210006583e-01 8.38548500480236e-01 -4.17556976493054e-02 
8.51958525345622e-01 8.45449277406908e-01 -4.59859644891218e-02 
8.59117840684661e-01 8.52347912449229e-01 -5.04392916265917e-02 
8.66277156023700e-01 8.59244866357912e-01 -5.51106093598185e-02 
8.73436471362739e-01 8.66140605592890e-01 -5.99931654453441e-02 
8.80595786701777e-01 8.73035598544394e-01 -6.50784260116140e-02 
8.87755102040816e-01 8.79930311324025e-01 -7.03559764867285e-02 
8.94914417379855e-01 8.86825203083578e-01 -7.58134231624765e-02 
9.02073732718894e-01 8.93720720815353e-01 -8.14362962101437e-02 
9.09233048057933e-01 9.00617293583782e-01 -8.72079552018685e-02 
9.16392363396972e-01 9.07515326134991e-01 -9.31094984761459e-02 
9.23551678736011e-01 9.14415191828358e-01 -9.91196780238089e-02 
9.30710994075049e-01 9.21317224833012e-01 -1.05214821967544e-01 
9.37870309414088e-01 9.28221711532619e-01 -1.11368767166776e-01 
9.45029624753127e-01 9.35128881084721e-01 -1.17552805002556e-01 
9.52188940092166e-01 9.42038895086789e-01 -1.23735643987552e-01 
9.59348255431205e-01 9.48951836311062e-01 -1.29883393495995e-01 
9.66507570770244e-01 9.55867696485154e-01 -1.35959573613830e-01 
9.73666886109282e-01 9.62786363116422e-01 -1.41925156851605e-01 
9.80826201448321e-01 9.69707605386557e-01 -1.47738648217159e-01 
9.87985516787360e-01 9.76631059180005e-01 -1.53356210876083e-01 
9.95144832126399e-01 9.83556211356884e-01 -1.58731845282008e-01 
1.00230414746544e+00 9.90482383439185e-01 -1.63817630167225e-01 
1.00946346280448e+00 9.97408714948778e-01 -1.68564034059168e-01 
1.01662277814352e+00 1.00433414671711e+00 -1.72920305919640e-01 
1.02378209348255e+00 1.01125740457861e+00 -1.76834952965270e-01 
1.03094140882159e+00 1.01817698396008e+00 -1.80256312577319e-01 
1.03810072416063e+00 1.02509113598299e+00 -1.83133223298263e-01 
1.04526003949967e+00 1.03199785579797e+00 -1.85415797105732e-01 
1.05241935483871e+00 1.03889487396240e+00 -1.87056291341224e-01 
1.05957867017775e+00 1.04577965174176e+00 -1.88010073803454e-01 
1.06673798551679e+00 1.05264938124995e+00 -1.88236668631883e-01 
1.07389730085583e+00 1.05950099132880e+00 -1.87700863870113e-01 
1.08105661619486e+00 1.06633115998771e+00 -1.86373854326265e-01 
1.08821593153390e+00 1.07313633406938e+00 -1.84234386025374e-01 
1.09537524687294e+00 1.07991275656879e+00 -1.81269861832593e-01 
1.10253456221198e+00 1.08665650171044e+00 -1.77477362493778e-01 
1.10969387755102e+00 1.09336351749367e+00 -1.72864534239148e-01 
1.11685319289006e+00 1.10002967496925e+00 -1.67450294011769e-01 
1.12401250822910e+00 1.10665082304519e+00 -1.61265306928478e-01 
1.13117182356814e+00 1.11322284717888e+00 -1.54352198036896e-01 
1.13833113890718e+00 1.11974172994270e+00 -1.46765471652086e-01 
1.14549045424621e+00 1.12620361119683e+00 -1.38571125894865e-01 
1.15264976958525e+00 1.13260484550256e+00 -1.29845966396717e-01 
1.15980908492429e+00 1.13894205448263e+00 -1.20676640017707e-01 
1.16696840026333e+00 1.14521217208271e+00 -1.11158425210892e-01 
1.17412771560237e+00 1.15141248108948e+00 -1.01393828808066e-01 
1.18128703094141e+00 1.15754063977588e+00 -9.14910482514835e-02 
1.18844634628045e+00 1.16359469812162e+00 -8.15623629052126e-02 
1.19560566161949e+00 1.16957310363823e+00 -7.17225178722404e-02 
1.20276497695853e+00 1.17547469736161e+00 -6.20871591244475e-02 
1.20992429229756e+00 1.18129870101639e+00 -5.27713705677396e-02 
1.21708360763660e+00 1.18704469667954e+00 -4.38883530626295e-02 
1.22424292297564e+00 1.19271260046454e+00 -3.55482736356624e-02 
1.23140223831468e+00 1.19830263181591e+00 -2.78573013070103e-02 
1.23856155365372e+00 1.20381527996380e+00 -2.09168350707241e-02 
1.24572086899276e+00 1.20925126896388e+00 -1.48229202670090e-02 
1.25288018433180e+00 1.21461152256388e+00 -9.66584225242005e-03 
1.26003949967084e+00 1.21989712992270e+00 -5.52988101263786e-03 
1.26719881500987e+00 1.22510931298184e+00 -2.49320707178482e-03 
1.27435813034891e+00 1.23024939607045e+00 -6.27897489111495e-04 
1.28151744568795e+00 1.23531877812691e+00 -5.05781396032043e-08 
1.28867676102699e+00 1.24031890774834e+00 -6.69978887261459e-04 
1.29583607636603e+00 1.24525126113875e+00 -2.69246161858931e-03 
1.30299539170507e+00 1.25011732291658e+00 -6.11703974298785e-03 
1.31015470704411e+00 1.25491856966062e+00 -1.09883393597566e-02 
1.31731402238315e+00 1.25965645601681e+00 -1.73464111665243e-02 
1.32447333772219e+00 1.26433240315331e+00 -2.52270761275128e-02 
1.33163265306122e+00 1.26894778933250e+00 -3.46622694648243e-02 
1.33879196840026e+00 1.27350394236357e+00 -4.56803769103532e-02 
1.34595128373930e+00 1.27800213370363e+00 -5.83065587203914e-02 
1.35311059907834e+00 1.28244357398630e+00 -7.25630582731313e-02 
1.36026991441738e+00 1.28682940977219e+00 -8.84694931581389e-02 
1.36742922975642e+00 1.29116072133384e+00 -1.06043127540706e-01 
1.37458854509546e+00 1.29543852130632e+00 -1.25299125276602e-01 
1.38174786043450e+00 1.29966375405419e+00 -1.46250783783495e-01 
1.38890717577354e+00 1.30383729562371e+00 -1.68909749072140e-01 
1.39606649111257e+00 1.30795995416646e+00 -1.93286212629883e-01 
1.40322580645161e+00 1.31203247073673e+00 -2.19389091045457e-01 
1.41038512179065e+00 1.31605552037929e+00 -2.47226189392791e-01 
1.41754443712969e+00 1.32002971343690e+00 -2.76804349463545e-01 
1.42470375246873e+00 1.32395559701847e+00 -3.08129583967964e-01 
1.43186306780777e+00 1.32783365657876e+00 -3.41207197822019e-01 
1.43902238314681e+00 1.33166431756869e+00 -3.76041897614460e-01 
1.44618169848585e+00 1.33544794712319e+00 -4.12637890306537e-01 
1.45334101382488e+00 1.33918485575966e+00 -4.50998972165237e-01 
1.46050032916392e+00 1.34287529906528e+00 -4.91128608874053e-01 
1.46765964450296e+00 1.34651947935621e+00 -5.33030007702682e-01 
1.47481895984200e+00 1.35011754729547e+00 -5.76706182555419e-01 
1.48197827518104e+00 1.35366960345930e+00 -6.22160012657028e-01 
1.48913759052008e+00 1.35717569984457e+00 -6.69394295574109e-01 
1.49629690585912e+00 1.36063584131222e+00 -7.18411795214607e-01 
1.50345622119816e+00 1.36404998696288e+00 -7.69215285394638e-01 
1.51061553653720e+00 1.36741805144319e+00 -8.21807589511819e-01 
1.51777485187623e+00 1.37073990618169e+00 -8.76191616819823e-01 
1.52493416721527e+00 1.37401538055483e+00 -9.32370395755897e-01 
1.53209348255431e+00 1.37724426298398e+00 -9.90347104737157e-01 
1.53925279789335e+00 1.38042630196528e+00 -1.05012510080526e+00 
1.54641211323239e+00 1.38356120703459e+00 -1.11170794647069e+00 
1.55357142857143e+00 1.38664864967012e+00 -1.17509943507861e+00 
1.56073074391047e+00 1.38968826413600e+00 -1.24030361499621e+00 
1.56789005924951e+00 1.39267964827012e+00 -1.30732481289925e+00 
1.57504937458854e+00 1.39562236421981e+00 -1.37616765641610e+00 
1.58220868992758e+00 1.39851593912940e+00 -1.44683709637536e+00 
1.58936800526662e+00 1.40135986578378e+00 -1.51933842888408e+00 
1.59652732060566e+00 1.40415360321228e+00 -1.59367731745721e+00 
1.60368663594470e+00 1.40689657725764e+00 -1.66985981540582e+00 
1.61084595128374e+00 1.40958818111483e+00 -1.74789238868623e+00 
1.61800526662278e+00 1.41222777584501e+00 -1.82778193940253e+00 
1.62516458196182e+00 1.41481469087014e+00 -1.90953583015472e+00 
1.63232389730086e+00 1.41734822445413e+00 -1.99316190941554e+00 
1.63948321263989e+00 1.41982764417690e+00 -2.07866853812081e+00 
1.64664252797893e+00 1.42225218740817e+00 -2.16606461765228e+00 
1.65380184331797e+00 1.42462106178842e+00 -2.25535961939347e+00 
1.66096115865701e+00 1.42693344572510e+00 -2.34656361603481e+00 
1.66812047399605e+00 1.42918848891292e+00 -2.43968731480643e+00 
1.67527978933509e+00 1.43138531288796e+00 -2.53474209281109e+00 
1.68243910467413e+00 1.43352301162627e+00 -2.63174003463208e+00 
1.68959842001317e+00 1.43560065219871e+00 -2.73069397238275e+00 
1.69675773535221e+00 1.43761727549535e+00 -2.83161752836360e+00 
1.70391705069124e+00 1.43957189703358e+00 -2.93452516048142e+00 
1.71107636603028e+00 1.44146350786645e+00 -3.03943221057660e+00 
1.71823568136932e+00 1.44329107560891e+00 -3.14635495578904e+00 
1.72539499670836e+00 1.44505354560193e+00 -3.25531066307401e+00 
1.73255431204740e+00 1.44674984223680e+00 -3.36631764695187e+00 
1.73971362738644e+00 1.44837887046407e+00 -3.47939533054260e+00 
1.74687294272548e+00 1.44993951751450e+00 -3.59456430989126e+00 
1.75403225806452e+00 1.45143065486235e+00 -3.71184642153552e+00 
1.76119157340355e+00 1.45285114046429e+00 -3.83126481319571e+00 
1.76835088874259e+00 1.45419982131074e+00 -3.95284401738031e+00 
1.77551020408163e+00 1.45547553633000e+00 -4.07661002759331e+00 
1.78266951942067e+00 1.45667711968921e+00 -4.20259037669571e+00 
1.78982883475971e+00 1.45780340453973e+00 -4.33081421681539e+00 
1.79698815009875e+00 1.45885322725847e+00 -4.46131240000258e+00 
1.80414746543779e+00 1.45982543223994e+00 -4.59411755860014e+00 
1.81130678077683e+00 1.46071887729674e+00 -4.72926418401812e+00 
1.81846609611587e+00 1.46153243972887e+00 -4.86678870227973e+00 
1.82562541145490e+00 1.46226502312287e+00 -5.00672954432609e+00 
1.83278472679394e+00 1.46291556494215e+00 -5.14912720862726e+00 
1.83994404213298e+00 1.46348304496700e+00 -5.29402431314666e+00 
1.84710335747202e+00 1.46396649463800e+00 -5.44146563314046e+00 
1.85426267281106e+00 1.46436500734749e+00 -5.59149812064337e+00 
1.86142198815010e+00 1.46467774971089e+00 -5.74417090081014e+00 
1.86858130348914e+00 1.46490397383019e+00 -5.89953523955082e+00 
1.87574061882818e+00 1.46504303053658e+00 -6.05764447614916e+00 
1.88289993416722e+00 1.46509438356476e+00 -6.21855391380986e+00 
1.89005924950625e+00 1.46505762456826e+00 -6.38232066039532e+00 
1.89721856484529e+00 1.46493248883078e+00 -6.54900341104428e+00 
1.90437788018433e+00 1.46471887146324e+00 -6.71866216399476e+00 
1.91153719552337e+00 1.46441684379872e+00 -6.89135786086274e+00 
1.91869651086241e+00 1.46402666960926e+00 -7.06715194298194e+00 
1.92585582620145e+00 1.46354882067062e+00 -7.24610581631370e+00 
1.93301514154049e+00 1.46298399109751e+00 -7.42828021905492e+00 
1.94017445687953e+00 1.46233310976734e+00 -7.61373448852505e+00 
1.94733377221856e+00 1.46159735005411e+00 -7.80252572735183e+00 
1.95449308755760e+00 1.46077813601400e+00 -7.99470787344288e+00 
1.96165240289664e+00 1.45987714411540e+00 -8.19033068375459e+00 
1.96881171823568e+00 1.45889629960029e+00 -8.38943864831458e+00 
1.97597103357472e+00 1.45783776661779e+00 -8.59206985807823e+00 
1.98313034891376e+00 1.45670393139591e+00 -8.79825485757259e+00 
1.99028966425280e+00 1.45549737792454e+00 -9.00801552031282e+00 
1.99744897959184e+00 1.45422085591429e+00 -9.22136399092807e+00 
2.00460829493088e+00 1.45287724116542e+00 -9.43830174196964e+00 
2.01176761026991e+00 1.45146948891185e+00 -9.65881879467355e+00 
2.01892692560895e+00 1.45000058116789e+00 -9.88289315082248e+00 
2.02608624094799e+00 1.44847346956106e+00 -1.01104904768663e+01 
2.03324555628703e+00 1.44689101553593e+00 -1.03415640716061e+01 
2.04040487162607e+00 1.44525593011650e+00 -1.05760551354686e+01 
2.04756418696511e+00 1.44357071557538e+00 -1.08138933436510e+01 
2.05472350230415e+00 1.44183761135135e+00 -1.10549977085496e+01 
2.06188281764319e+00 1.44005854637318e+00 -1.12992777004941e+01 
2.06904213298222e+00 1.43823509960024e+00 -1.15466345815102e+01 
2.07620144832126e+00 1.43636847011228e+00 -1.17969628960073e+01 
2.08336076366030e+00 1.43445945751988e+00 -1.20501520558846e+01 
2.09052007899934e+00 1.43250845288073e+00 -1.23060879559674e+01 
2.09767939433838e+00 1.43051543974947e+00 -1.25646545587314e+01 
2.10483870967742e+00 1.42848000450885e+00 -1.28257353942389e+01 
2.11199802501646e+00 1.42640135476005e+00 -1.30892149310531e+01 
2.11915734035550e+00 1.42427834430755e+00 -1.33549797853755e+01 
2.12631665569454e+00 1.42210950315961e+00 -1.36229197475811e+01 
2.13347597103357e+00 1.41989307096704e+00 -1.38929286166510e+01 
2.14063528637261e+00 1.41762703241876e+00 -1.41649048429522e+01 
2.14779460171165e+00 1.41530915327721e+00 -1.44387519879143e+01 
2.15495391705069e+00 1.41293701594289e+00 -1.47143790151856e+01 
2.16211323238973e+00 1.41050805366151e+00 -1.49917004318597e+01 
2.16927254772877e+00 1.40801958271014e+00 -1.52706363005404e+01 
2.17643186306781e+00 1.40546883210560e+00 -1.55511121436596e+01 
2.18359117840685e+00 1.40285297055990e+00 -1.58330587609158e+01 
2.19075049374589e+00 1.40016913056013e+00 -1.61164119793070e+01 
2.19790980908492e+00 1.39741442957067e+00 -1.64011123532913e+01 
2.20506912442396e+00 1.39458598844790e+00 -1.66871048303762e+01 
2.21222843976300e+00 1.39168094722216e+00 -1.69743383951212e+01 
2.21938775510204e+00 1.38869647844454e+00 -1.72627657022738e+01 
2.22654707044108e+00 1.38562979831991e+00 -1.75523427076578e+01 
2.23370638578012e+00 1.38247817585711e+00 -1.78430283035408e+01 
2.24086570111916e+00 1.37923894026573e+00 -1.81347839635608e+01 
2.24802501645820e+00 1.37590948682008e+00 -1.84275734008976e+01 
2.25518433179723e+00 1.37248728139626e+00 -1.87213622422144e+01 
2.26234364713627e+00 1.36896986387138e+00 -1.90161177189611e+01 
2.26950296247531e+00 1.36535485055457e+00 -1.93118083768878e+01 
2.27666227781435e+00 1.36163993580066e+00 -1.96084038040521e+01 
2.28382159315339e+00 1.35782289293849e+00 -1.99058743771713e+01 
2.29098090849243e+00 1.35390157462791e+00 -2.02041910258715e+01 
2.29814022383147e+00 1.34987391274378e+00 -2.05033250141731e+01 
2.30529953917051e+00 1.34573791786989e+00 -2.08032477384195e+01 
2.31245885450955e+00 1.34149167847306e+00 -2.11039305407927e+01 
2.31961816984858e+00 1.33713335981618e+00 -2.14053445375260e+01 
2.32677748518762e+00 1.33266120265891e+00 -2.17074604609429e+01 
2.33393680052666e+00 1.32807352178653e+00 -2.20102485144853e+01 
2.34109611586570e+00 1.32336870440020e+00 -2.23136782399420e+01 
2.34825543120474e+00 1.31854520839642e+00 -2.26177183961591e+01 
2.35541474654378e+00 1.31360156055813e+00 -2.29223368485767e+01 
2.36257406188282e+00 1.30853635467683e+00 -2.32275004690101e+01 
2.36973337722186e+00 1.30334824962166e+00 -2.35331750451590e+01 
2.37689269256090e+00 1.29803596736928e+00 -2.38393251993964e+01 
2.38405200789993e+00 1.29259829100690e+00 -2.41459143164435e+01 
2.39121132323897e+00 1.28703406271959e+00 -2.44529044795930e+01 
2.39837063857801e+00 1.28134218177223e+00 -2.47602564151833e+01 
2.40552995391705e+00 1.27552160249621e+00 -2.50679294450653e+01 
2.41268926925609e+00 1.26957133229076e+00 -2.53758814468288e+01 
2.41984858459513e+00 1.26349042964870e+00 -2.56840688215763e+01 
2.42700789993417e+00 1.25727800221674e+00 -2.59924464690424e+01 
2.43416721527321e+00 1.25093320490032e+00 -2.63009677698612e+01 
2.44132653061224e+00 1.24445523802338e+00 -2.66095845747841e+01 
2.44848584595128e+00 1.23784334555333e+00 -2.69182472006352e+01 
2.45564516129032e+00 1.23109681340151e+00 -2.72269044327891e+01 
2.46280447662936e+00 1.22421496780954e+00 -2.75355035339245e+01 
2.46996379196840e+00 1.21719717383115e+00 -2.78439902588022e+01 
2.47712310730744e+00 1.21004283391940e+00 -2.81523088747801e+01 
2.48428242264648e+00 1.20275138662794e+00 -2.84604021877657e+01 
2.49144173798552e+00 1.19532230543460e+00 -2.87682115732766e+01 
2.49860105332456e+00 1.18775509769469e+00 -2.90756770122639e+01 
2.50576036866359e+00 1.18004930373021e+00 -2.93827371313293e+01 
2.51291968400263e+00 1.17220449606024e+00 -2.96893292469545e+01 
2.52007899934167e+00 1.16422027877626e+00 -2.99953894133445e+01 
2.52723831468071e+00 1.15609628706522e+00 -3.03008524734810e+01 
2.53439763001975e+00 1.14783218688140e+00 -3.06056521129737e+01 
2.54155694535879e+00 1.13942767476705e+00 -3.09097209163004e+01 
2.54871626069783e+00 1.13088247782014e+00 -3.12129904250270e+01 
2.55587557603687e+00 1.12219635380654e+00 -3.15153911976095e+01 
2.56303489137591e+00 1.11336909141221e+00 -3.18168528703929e+01 
2.57019420671494e+00 1.10440051063017e+00 -3.21173042194358e+01 
2.57735352205398e+00 1.09529046327568e+00 -3.24166732228124e+01 
2.58451283739302e+00 1.08603883362199e+00 -3.27148871230630e+01 
2.59167215273206e+00 1.07664553914837e+00 -3.30118724894960e+01 
2.59883146807110e+00 1.06711053139105e+00 -3.33075552800611e+01 
2.60599078341014e+00 1.05743379688741e+00 -3.36018609025556e+01 
2.61315009874918e+00 1.04761535820294e+00 -3.38947142749416e+01 
2.62030941408822e+00 1.03765527503035e+00 -3.41860398845936e+01 
2.62746872942725e+00 1.02755364534998e+00 -3.44757618463175e+01 
2.63462804476629e+00 1.01731060664043e+00 -3.47638039590154e+01 
2.64178736010533e+00 1.00692633712847e+00 -3.50500897608986e+01 
2.64894667544437e+00 9.96401057067438e-01 -3.53345425831742e+01 
2.65610599078341e+00 9.85735030033349e-01 -3.56170856021632e+01 
2.66326530612245e+00 9.74928564228597e-01 -3.58976418898208e+01 
2.67042462146149e+00 9.63982013783154e-01 -3.61761344626646e+01 
2.67758393680053e+00 9.52895780043897e-01 -3.64524863291214e+01 
2.68474325213957e+00 9.41670312842972e-01 -3.67266205353320e+01 
2.69190256747860e+00 9.30306111736816e-01 -3.69984602094613e+01 
2.69906188281764e+00 9.18803727207867e-01 -3.72679286045771e+01 
2.70622119815668e+00 9.07163761821702e-01 -3.75349491401722e+01 
2.71338051349572e+00 8.95386871332825e-01 -3.77994454424091e+01 
2.72053982883476e+00 8.83473765733018e-01 -3.80613413831815e+01 
2.72769914417380e+00 8.71425210236675e-01 -3.83205611180820e+01 
2.73485845951284e+00 8.59242026198205e-01 -3.85770291233793e+01 
2.74201777485188e+00 8.46925091957100e-01 -3.88306702321010e+01 
2.74917709019092e+00 8.34475343606882e-01 -3.90814096693281e+01 
2.75633640552995e+00 8.21893775684615e-01 -3.93291730867975e+01 
2.76349572086899e+00 8.09181441778252e-01 -3.95738865969165e+01 
2.77065503620803e+00 7.96339455049597e-01 -3.98154768062836e+01 
2.77781435154707e+00 7.83368988671011e-01 -4.00538708488115e+01 
2.78497366688611e+00 7.70271276174660e-01 -4.02889964185414e+01 
2.79213298222515e+00 7.57047611713307e-01 -4.05207818022352e+01 
2.79929229756419e+00 7.43699350232261e-01 -4.07491559118250e+01 
2.80645161290323e+00 7.30227907552317e-01 -4.09740483167955e+01 
2.81361092824226e+00 7.16634760363989e-01 -4.11953892765683e+01 
2.82077024358130e+00 7.02921446133628e-01 -4.14131097729483e+01 
2.82792955892034e+00 6.89089562922386e-01 -4.16271415426928e+01 
2.83508887425938e+00 6.75140769119192e-01 -4.18374171102451e+01 
2.84224818959842e+00 6.61076783089289e-01 -4.20438698206815e+01 
2.84940750493746e+00 6.46899382740043e-01 -4.22464338728999e+01 
2.85656682027650e+00 6.32610405006063e-01 -4.24450443530819e+01 
2.86372613561554e+00 6.18211745255764e-01 -4.26396372684439e+01 
2.87088545095458e+00 6.03705356621792e-01 -4.28301495812914e+01 
2.87804476629361e+00 5.89093249257900e-01 -4.30165192433798e+01 
2.88520408163265e+00 5.74377489524892e-01 -4.31986852305790e+01 
2.89236339697169e+00 5.59560199108589e-01 -4.33765875778305e+01 
2.89952271231073e+00 5.44643554072635e-01 -4.35501674143789e+01 
2.90668202764977e+00 5.29629783849295e-01 -4.37193669992532e+01 
2.91384134298881e+00 5.14521170171209e-01 -4.38841297569632e+01 
2.92100065832785e+00 4.99320045947378e-01 -4.40444003133756e+01 
2.92815997366689e+00 4.84028794086438e-01 -4.42001245317201e+01 
2.93531928900592e+00 4.68649846270470e-01 -4.43512495486740e+01 
2.94247860434496e+00 4.53185681682487e-01 -4.44977238104704e+01 
2.94963791968400e+00 4.37638825690705e-01 -4.46394971089617e+01 
2.95679723502304e+00 4.22011848492749e-01 -4.47765206175722e+01 
2.96395655036208e+00 4.06307363722757e-01 -4.49087469270665e+01 
2.97111586570112e+00 3.90528027024387e-01 -4.50361300810553e+01 
2.97827518104016e+00 3.74676534592521e-01 -4.51586256111559e+01 
2.98543449637920e+00 3.58755621686528e-01 -4.52761905717256e+01 
2.99259381171824e+00 3.42768061117557e-01 -4.53887835740791e+01 
2.99975312705727e+00 3.26716661712603e-01 -4.54963648201002e+01 
3.00691244239631e+00 3.10604266757546e-01 -4.55988961351593e+01 
3.01407175773535e+00 2.94433752421477e-01 -4.56963410002426e+01 
3.02123107307439e+00 2.78208026164478e-01 -4.57886645832042e+01 
3.02839038841343e+00 2.61930025130736e-01 -4.58758337690463e+01 
3.03554970375247e+00 2.45602714528858e-01 -4.59578171891408e+01 
3.04270901909151e+00 2.29229086001037e-01 -4.60345852493006e+01 
3.04986833443055e+00 2.12812155982632e-01 -4.61061101566132e+01 
3.05702764976958e+00 1.96354964053469e-01 -4.61723659449558e+01 
3.06418696510862e+00 1.79860571282212e-01 -4.62333284991061e+01 
3.07134628044766e+00 1.63332058564790e-01 -4.62889755773756e+01 
3.07850559578670e+00 1.46772524958000e-01 -4.63392868326860e+01 
3.08566491112574e+00 1.30185086009014e-01 -4.63842438320253e+01 
3.09282422646478e+00 1.13572872081622e-01 -4.64238300742151e+01 
3.09998354180382e+00 9.69390266798238e-02 -4.64580310059312e+01 
3.10714285714286e+00 8.02867047692842e-02 -4.64868340359244e+01 
