num_modes 5 
num_pts 186 
Dispersion Data
0.00000000000000e+00 -3.33952259939958e+00 3.33952259939958e+00 -1.26544233086661e+00 -3.04428110829439e-17 1.26544233086661e+00 
1.67567567567568e-02 -3.32213757781989e+00 3.35352038083590e+00 -1.24771748885997e+00 1.67567567567569e-02 1.28326372411902e+00 
3.35135135135135e-02 -3.30166318843802e+00 3.36382773586389e+00 -1.23008237964011e+00 3.35135135135136e-02 1.30118880127719e+00 
5.02702702702703e-02 -3.27839004451057e+00 3.37013833262648e+00 -1.21253049610242e+00 5.02702702702705e-02 1.31922501178427e+00 
6.70270270270270e-02 -3.25259979007579e+00 3.37214506808150e+00 -1.19505563935490e+00 6.70270270270270e-02 1.33738012420857e+00 
8.37837837837838e-02 -3.22456363144658e+00 3.36954262633772e+00 -1.17765191524753e+00 8.37837837837866e-02 1.35566222836353e+00 
1.00540540540541e-01 -3.19454111182744e+00 3.36203019408234e+00 -1.16031373053635e+00 1.00540540540564e-01 1.37407973721411e+00 
1.17297297297297e-01 -3.16277912576036e+00 3.34931430208233e+00 -1.14303578864623e+00 1.17297297297421e-01 1.39264138856856e+00 
1.34054054054054e-01 -3.12951116575867e+00 3.33111175820605e+00 -1.12581308499701e+00 1.34054054054590e-01 1.41135624654221e+00 
1.50810810810811e-01 -3.09495678969678e+00 3.30715263462222e+00 -1.10864090186168e+00 1.50810810812762e-01 1.43023370276701e+00 
1.67567567567568e-01 -3.05932129436571e+00 3.27718326986173e+00 -1.09151480272921e+00 1.67567567573766e-01 1.44928347730581e+00 
1.84324324324324e-01 -3.02279557812395e+00 3.24096924531046e+00 -1.07443062615157e+00 1.84324324341943e-01 1.46851561921439e+00 
2.01081081081081e-01 -2.98555617378305e+00 3.19829829544036e+00 -1.05738447906145e+00 2.01081081126775e-01 1.48794050667646e+00 
2.17837837837838e-01 -2.94776543175098e+00 3.14898311165607e+00 -1.04037272955617e+00 2.17837837947563e-01 1.50756884661823e+00 
2.34594594594595e-01 -2.90957183297013e+00 3.09286400097775e+00 -1.02339199915222e+00 2.34594594841336e-01 1.52741167368800e+00 
2.51351351351351e-01 -2.87111041126928e+00 3.02981136282503e+00 -1.00643915452514e+00 2.51351351875656e-01 1.54748034846418e+00 
2.68108108108108e-01 -2.83250326532088e+00 2.95972794981807e+00 -9.89511298759028e-01 2.68108109168561e-01 1.56778655473059e+00 
2.84864864864865e-01 -2.79386014137256e+00 2.88255088167189e+00 -9.72605762140271e-01 2.84864866918593e-01 1.58834229563183e+00 
3.01621621621622e-01 -2.75527906921404e+00 2.79825338482268e+00 -9.55720092539151e-01 3.01621625448801e-01 1.60915988849251e+00 
3.18378378378378e-01 -2.71684703536130e+00 2.70684623428850e+00 -9.38852045431759e-01 3.18378385269486e-01 1.63025195805343e+00 
3.35135135135135e-01 -2.67864067910690e+00 2.60837887833221e+00 -9.21999573622160e-01 3.35135147165789e-01 1.65163142784345e+00 
3.51891891891892e-01 -2.64072699882431e+00 2.50294023067230e+00 -9.05160816730998e-01 3.51891912317384e-01 1.67331150936950e+00 
3.68648648648649e-01 -2.60316405766345e+00 2.39065911919756e+00 -8.88334090521485e-01 3.68648682459129e-01 1.69530568876614e+00 
3.85405405405405e-01 -2.56600167948007e+00 2.27170438431433e+00 -8.71517876136837e-01 3.85405460093092e-01 1.71762771050321e+00 
4.02162162162162e-01 -2.52928212746439e+00 2.14628462413455e+00 -8.54710809324706e-01 4.02162248764140e-01 1.74029155770145e+00 
4.18918918918919e-01 -2.49304075944238e+00 2.01464758764997e+00 -8.37911669723863e-01 4.18919053413119e-01 1.76331142855486e+00 
4.35675675675676e-01 -2.45730665519772e+00 1.87707922079833e+00 -8.21119370286582e-01 4.35675880823678e-01 1.78670170830159e+00 
4.52432432432432e-01 -2.42210321239081e+00 1.73390237388176e+00 -8.04332946906665e-01 4.52432740180724e-01 1.81047693612431e+00 
4.69189189189189e-01 -2.38744870872967e+00 1.58547518212686e+00 -7.87551548318444e-01 4.69189643760629e-01 1.83465176629529e+00 
4.85945945945946e-01 -2.35335682897685e+00 1.43218913426593e+00 -7.70774426326019e-01 4.85946607775272e-01 1.85924092280993e+00 
5.02702702702703e-01 -2.31983715616289e+00 1.27446684686167e+00 -7.54000926415273e-01 5.02703653394024e-01 1.88425914667700e+00 
5.19459459459459e-01 -2.28689562702932e+00 1.11275956468735e+00 -7.37230478793542e-01 5.19460807969590e-01 1.90972113495254e+00 
5.36216216216216e-01 -2.25453495225330e+00 9.47544409810457e-01 -7.20462589893943e-01 5.36218106495307e-01 1.93564147051905e+00 
5.52972972972973e-01 -2.22275500242538e+00 7.79321404109730e-01 -7.03696834373066e-01 5.52975593322907e-01 1.96203454152142e+00 
5.69729729729730e-01 -2.19155316107309e+00 6.08610291784108e-01 -6.86932847622611e-01 5.69733324170835e-01 1.98891444927812e+00 
5.86486486486486e-01 -2.16092464625963e+00 4.35947189990871e-01 -6.70170318807620e-01 5.86491368453926e-01 2.01629490338952e+00 
6.03243243243243e-01 -2.13086280245124e+00 2.61881097080101e-01 -6.53408984436357e-01 6.03249811965467e-01 2.04418910266883e+00 
6.20000000000000e-01 -2.10135936445027e+00 8.69702889772231e-02 -6.36648622459952e-01 6.20008759942310e-01 2.07260960042398e+00 
6.36756756756757e-01 -2.07240469524352e+00 -8.82213648940652e-02 -6.19889046893538e-01 6.36768340542815e-01 2.10156815252541e+00 
6.53513513513513e-01 -2.04398799962789e+00 -2.63128134157093e-01 -6.03130102945096e-01 6.53528708765707e-01 2.13107554660688e+00 
6.70270270270270e-01 -2.01609751545454e+00 -4.37186176145926e-01 -5.86371662633355e-01 6.70290050835593e-01 2.16114141066781e+00 
6.87027027027027e-01 -1.98872068428735e+00 -6.09837268218903e-01 -5.69613620872169e-01 6.87052589077686e-01 2.19177399928124e+00 
7.03783783783784e-01 -1.96184430320631e+00 -7.80532491373806e-01 -5.52855891995645e-01 7.03816587300350e-01 2.22297995556568e+00 
7.20540540540541e-01 -1.93545465940847e+00 -9.48735833176864e-01 -5.36098406695852e-01 7.20582356699217e-01 2.25476404705914e+00 
7.37297297297297e-01 -1.90953764917062e+00 -1.11392767861822e+00 -5.19341109343402e-01 7.37350262291110e-01 2.28712887364555e+00 
7.54054054054054e-01 -1.88407888264473e+00 -1.27560815834922e+00 -5.02583955660163e-01 7.54120729879583e-01 2.32007454573751e+00 
7.70810810810811e-01 -1.85906377586005e+00 -1.43330032484275e+00 -4.85826910713146e-01 7.70894253547038e-01 2.35359833102251e+00 
7.87567567567568e-01 -1.83447763120923e+00 -1.58655312835004e+00 -4.69069947198685e-01 7.87671403660610e-01 2.38769426824475e+00 
8.04324324324324e-01 -1.81030570759923e+00 -1.73494416610730e+00 -4.52313043986911e-01 8.04452835371290e-01 2.42235274673198e+00 
8.21081081081081e-01 -1.78653328135506e+00 -1.87808218007641e+00 -4.35556184897453e-01 8.21239297577444e-01 2.45756005069832e+00 
8.37837837837838e-01 -1.76314569887389e+00 -2.01560928058743e+00 -4.18799357678819e-01 8.38031642315695e-01 2.49329786777459e+00 
8.54594594594595e-01 -1.74012842194217e+00 -2.14720287558850e+00 -4.02042553165530e-01 8.54830834534250e-01 2.52954276174707e+00 
8.71351351351351e-01 -1.71746706654692e+00 -2.27257728780012e+00 -3.85285764588941e-01 8.71637962196045e-01 2.56626561013951e+00 
8.88108108108108e-01 -1.69514743593668e+00 -2.39148504491585e+00 -3.68528987019634e-01 8.88454246652424e-01 2.60343100806030e+00 
9.04864864864865e-01 -1.67315554861674e+00 -2.50371783108252e+00 -3.51772216921346e-01 9.05281053221983e-01 2.64099664066714e+00 
9.21621621621622e-01 -1.65147766189713e+00 -2.60910709122458e+00 -3.35015451798384e-01 9.22119901904593e-01 2.67891262768107e+00 
9.38378378378378e-01 -1.63010029155094e+00 -2.70752428333295e+00 -3.18258689920536e-01 9.38972478157144e-01 2.71712084461117e+00 
9.55135135135135e-01 -1.60901022808423e+00 -2.79888077760026e+00 -3.01501930111463e-01 9.55840643655744e-01 2.75555422672683e+00 
9.71891891891892e-01 -1.58819455006687e+00 -2.88312740522336e+00 -2.84745171588371e-01 9.72726446968822e-01 2.79413606332339e+00 
9.88648648648649e-01 -1.56764063492577e+00 -2.96025366377351e+00 -2.67988413842568e-01 9.89632134067117e-01 2.83277929145045e+00 
1.00540540540541e+00 -1.54733616755861e+00 -3.03028659020861e+00 -2.51231656552097e-01 1.00656015859958e+00 2.87138579997816e+00 
1.02216216216216e+00 -1.52726914708538e+00 -3.09328931681170e+00 -2.34474899519123e-01 1.02351319186911e+00 2.90984575662585e+00 
1.03891891891892e+00 -1.50742789201875e+00 -3.14935932951740e+00 -2.17718142626065e-01 1.04049413244817e+00 2.94803697231672e+00 
1.05567567567568e+00 -1.48780104410003e+00 -3.19862645215251e+00 -2.00961385805638e-01 1.05750611538196e+00 2.98582431888801e+00 
1.07243243243243e+00 -1.46837757101653e+00 -3.24125058397842e+00 -1.84204629020979e-01 1.07455252093549e+00 3.02305921770560e+00 
1.08918918918919e+00 -1.44914676818750e+00 -3.27741922148353e+00 -1.67447872252878e-01 1.09163698285015e+00 3.05957921802243e+00 
1.10594594594595e+00 -1.43009825977953e+00 -3.30734479853035e+00 -1.50691115491906e-01 1.10876339608533e+00 3.09520768489495e+00 
1.12270270270270e+00 -1.41122199908792e+00 -3.33126188160955e+00 -1.33934358733745e-01 1.12593592403084e+00 3.12975361704074e+00 
1.13945945945946e+00 -1.39250826839828e+00 -3.34942425899195e+00 -1.17177601976580e-01 1.14315900518525e+00 3.16301161509899e+00 
1.15621621621622e+00 -1.37394767842178e+00 -3.36210196390874e+00 -1.00420845219723e-01 1.16043735930522e+00 3.19476202026527e+00 
1.17297297297297e+00 -1.35553116737854e+00 -3.36957827245321e+00 -8.36640884629476e-02 1.17777599303898e+00 3.22477124215063e+00 
1.18972972972973e+00 -1.33724999978619e+00 -3.37214671663116e+00 -6.69073317061876e-02 1.19518020506480e+00 3.25279229292040e+00 
1.20648648648649e+00 -1.31909576499431e+00 -3.37010815186351e+00 -5.01505749494309e-02 1.21265559076148e+00 3.27856554228246e+00 
1.22324324324324e+00 -1.30106037549119e+00 -3.36376791626683e+00 -3.33938181926741e-02 1.23020804644272e+00 3.30181970473231e+00 
1.24000000000000e+00 -1.28313606499581e+00 -3.35343311624248e+00 -1.66370614359173e-02 1.24784377319023e+00 3.32227306666648e+00 
1.25675675675676e+00 -1.26531538633645e+00 -3.33941006936458e+00 1.19695320839758e-04 1.26556928032187e+00 3.33963495662679e+00 
1.27351351351351e+00 -1.24759120910690e+00 -3.32200193137244e+00 1.68764520775963e-02 1.28339138853124e+00 3.35360745714255e+00 
1.29027027027027e+00 -1.22995671708269e+00 -3.30150652937839e+00 3.36332088343529e-02 1.30131723273231e+00 3.36388735153377e+00 
1.30702702702703e+00 -1.21240540537227e+00 -3.27821441835017e+00 5.03899655911098e-02 1.31935426463971e+00 3.37016829378176e+00 
1.32378378378378e+00 -1.19493107727320e+00 -3.25240717268592e+00 6.71467223478668e-02 1.33751025510921e+00 3.37214318433418e+00 
1.34054054054054e+00 -1.17752784079889e+00 -3.22435591944439e+00 8.39034791046263e-02 1.35579329625602e+00 3.36950672966376e+00 
1.35729729729730e+00 -1.16019010484008e+00 -3.19432011469221e+00 1.00660235861403e-01 1.37421180335978e+00 3.36195815871099e+00 
1.37405405405405e+00 -1.14291257492446e+00 -3.16254655964030e+00 1.17416992618262e-01 1.39277451655466e+00 3.34920406516545e+00 
1.39081081081081e+00 -1.12569024853975e+00 -3.12926864889927e+00 1.34173749375435e-01 1.41149050229152e+00 3.33096134100972e+00 
1.40756756756757e+00 -1.10851840998825e+00 -3.09470583939690e+00 1.50930506133619e-01 1.43036915454545e+00 3.30696016396574e+00 
1.42432432432432e+00 -1.09139262474619e+00 -3.05906332534752e+00 1.67687262894655e-01 1.44942019572784e+00 3.27694699951823e+00 
1.44108108108108e+00 -1.07430873330695e+00 -3.02253190218745e+00 1.84444019662908e-01 1.46865367724550e+00 3.24068757707820e+00 
1.45783783783784e+00 -1.05726284449496e+00 -2.98528800060568e+00 2.01200776447914e-01 1.48807997963245e+00 3.19796979959537e+00 
1.47459459459459e+00 -1.04025132824584e+00 -2.94749387068710e+00 2.17957533269063e-01 1.50770981216032e+00 3.14860654650317e+00 
1.49135135135135e+00 -1.02327080785717e+00 -2.90929789570405e+00 2.34714290163554e-01 1.52755421181291e+00 3.09243833122987e+00 
1.50810810810811e+00 -1.00631815172477e+00 -2.87083501517751e+00 2.51471047199230e-01 1.54762454148819e+00 3.02933577655699e+00 
1.52486486486486e+00 -9.89390464588823e-01 -2.83222723740540e+00 2.68227804494576e-01 1.56793248726632e+00 2.95920187376237e+00 
1.54162162162162e+00 -9.72485078324528e-01 -2.79358422263484e+00 2.84984562248856e-01 1.58849005455622e+00 2.88197399464792e+00 
1.55837837837838e+00 -9.55599542320890e-01 -2.75500391934978e+00 3.01741320786202e-01 1.60930956290442e+00 2.79762562911759e+00 
1.57513513513514e+00 -9.38731613500293e-01 -2.71657323766739e+00 3.18498080618540e-01 1.63040363921900e+00 2.70616782483622e+00 
1.59189189189189e+00 -9.21879246038767e-01 -2.67836874550421e+00 3.35254842533358e-01 1.65178520912702e+00 2.60765030956682e+00 
1.60864864864865e+00 -9.05040580853164e-01 -2.64045737491262e+00 3.52011607713672e-01 1.67346748614768e+00 2.50216228096197e+00 
1.62540540540541e+00 -8.88213934926243e-01 -2.60289712773706e+00 3.68768377899001e-01 1.69546395832241e+00 2.38983285279513e+00 
1.64216216216216e+00 -8.71397790543762e-01 -2.56573777144474e+00 3.85525155597802e-01 1.71778837189987e+00 2.27083115079050e+00 
1.65891891891892e+00 -8.54590784519070e-01 -2.52902151760724e+00 4.02281944363556e-01 1.74045471162566e+00 2.14536605528777e+00 
1.67567567567568e+00 -8.37791697480520e-01 -2.49278367701693e+00 4.19038749148570e-01 1.76347717713492e+00 2.01368559191527e+00 
1.69243243243243e+00 -8.20999443295060e-01 -2.45705328679533e+00 4.35795576751518e-01 1.78687015488921e+00 1.87607597520302e+00 
1.70918918918919e+00 -8.04213058697986e-01 -2.42185370607822e+00 4.52552436376776e-01 1.81064818503838e+00 1.73286031362070e+00 
1.72594594594595e+00 -7.87431693194090e-01 -2.38720317793932e+00 4.69309340325636e-01 1.83482592252184e+00 1.58439698785294e+00 
1.74270270270270e+00 -7.70654599289456e-01 -2.35311535614295e+00 4.86066304841535e-01 1.85941809165271e+00 1.43107771721260e+00 
1.75945945945946e+00 -7.53881123106377e-01 -2.31959979610117e+00 5.02823351133410e-01 1.88443943335238e+00 1.27332533193364e+00 
1.77621621621622e+00 -7.37110695426242e-01 -2.28666241006267e+00 5.19580506603085e-01 1.90990464412200e+00 1.11159127167334e+00 
1.79297297297297e+00 -7.20342823197263e-01 -2.25430588708891e+00 5.36337806304321e-01 1.93582830575168e+00 9.46352832887555e-01 
1.80972972972973e+00 -7.03577081535802e-01 -2.22253007879165e+00 5.53095294662562e-01 1.96222480467854e+00 7.78110189822832e-01 
1.82648648648649e+00 -6.86813106241723e-01 -2.19133235212630e+00 5.69853027485422e-01 1.98910823981093e+00 6.07383215696196e-01 
1.84324324324324e+00 -6.70050586840416e-01 -2.16070791077209e+00 5.86611074294786e-01 2.01649231754056e+00 4.34708132210116e-01 
1.86000000000000e+00 -6.53289260156470e-01 -2.13065008679352e+00 6.03369521011480e-01 2.04439023256701e+00 2.60634016878562e-01 
1.87675675675676e+00 -6.36528904417082e-01 -2.10115060438042e+00 6.20128473023247e-01 2.07281453306222e+00 8.57191987225892e-02 
1.89351351351351e+00 -6.19769333876880e-01 -2.07219981751672e+00 6.36888058665735e-01 2.10177696860957e+00 -8.94724262669257e-02 
1.91027027027027e+00 -6.03010393950327e-01 -2.04378692343972e+00 6.53648433144594e-01 2.13128831926370e+00 -2.64375127904710e-01 
1.92702702702703e+00 -5.86251956833036e-01 -2.01590015373092e+00 6.70409782924424e-01 2.16135820399938e+00 -4.38425090473181e-01 
1.94378378378378e+00 -5.69493917589399e-01 -1.98852694483370e+00 6.87172330607055e-01 2.19199486675285e+00 -6.11064144802521e-01 
1.96054054054054e+00 -5.52736190680754e-01 -1.96165408972814e+00 7.03936340317780e-01 2.22320493821396e+00 -7.81743451422353e-01 
1.97729729729730e+00 -5.35978706905941e-01 -1.93526787241475e+00 7.20702123613233e-01 2.25499317150697e+00 -9.49927102800654e-01 
1.99405405405405e+00 -5.19221410724503e-01 -1.90935418677094e+00 7.37470045919108e-01 2.28736214991089e+00 -1.11509561328763e+00 
2.01081081081081e+00 -5.02464257931820e-01 -1.88389864125022e+00 7.54240533499505e-01 2.32031196482348e+00 -1.27674926622687e+00 
2.02756756756757e+00 -4.85707213655149e-01 -1.85888665079771e+00 7.71014080952732e-01 2.35383986227713e+00 -1.43441128878361e+00 
2.04432432432432e+00 -4.68950250639798e-01 -1.83430351725830e+00 7.87791259220841e-01 2.38793985648037e+00 -1.58763082637397e+00 
2.06108108108108e+00 -4.52193347795333e-01 -1.81013449945782e+00 8.04572724092153e-01 2.42260230909593e+00 -1.73598569016056e+00 
2.07783783783784e+00 -4.35436488972841e-01 -1.78636487404430e+00 8.21359225167976e-01 2.45781347328958e+00 -1.87908485291304e+00 
2.09459459459459e+00 -4.18679661945666e-01 -1.76297998808672e+00 8.38151615256392e-01 2.49355500200405e+00 -2.01657067061664e+00 
2.11135135135135e+00 -4.01922857567727e-01 -1.73996530434264e+00 8.54950860148127e-01 2.52980342044359e+00 -2.14812080955229e+00 
2.12810810810811e+00 -3.85166069085344e-01 -1.71730644002588e+00 8.71758048721858e-01 2.56652956340896e+00 -2.27344986116468e+00 
2.14486486486487e+00 -3.68409291580517e-01 -1.69498919982897e+00 8.88574403319587e-01 2.60369797891088e+00 -2.39231062988123e+00 
2.16162162162162e+00 -3.51652521525560e-01 -1.67299960388445e+00 9.05401290326701e-01 2.64126630042150e+00 -2.50449508213840e+00 
2.17837837837838e+00 -3.34895756431142e-01 -1.65132391128318e+00 9.22240230886713e-01 2.67918459120398e+00 -2.60983494820432e+00 
2.19513513513514e+00 -3.18138994571690e-01 -1.62994863970676e+00 9.39092911677164e-01 2.71739466539089e+00 -2.70820197194444e+00 
2.21189189189189e+00 -3.01382234774190e-01 -1.60886058167491e+00 9.55961195671450e-01 2.75582939185839e+00 -2.79950780743948e+00 
2.22864864864865e+00 -2.84625476258186e-01 -1.58804681785678e+00 9.72847132811045e-01 2.79441198845364e+00 -2.88370356530539e+00 
2.24540540540541e+00 -2.67868718516597e-01 -1.56749472784744e+00 9.89752970514027e-01 2.83305531575631e+00 -2.96077901564520e+00 
2.26216216216216e+00 -2.51111961228550e-01 -1.54719199876717e+00 1.00668116394910e+00 2.87166118126196e+00 -3.03076145873713e+00 
2.27891891891892e+00 -2.34355204196918e-01 -1.52712663200083e+00 1.02363438600894e+00 2.91011966662439e+00 -3.09371427877328e+00 
2.29567567567568e+00 -2.17598447304572e-01 -1.50728694835778e+00 1.04061553692303e+00 2.94830849233268e+00 -3.14973520014012e+00 
2.31243243243243e+00 -2.00841690484504e-01 -1.48766159189920e+00 1.05762775345777e+00 2.98609243586393e+00 -3.19895426979532e+00 
2.32918918918919e+00 -1.84084933700015e-01 -1.46823953264808e+00 1.07467441766010e+00 3.02332282087066e+00 -3.24153159315520e+00 
2.34594594594595e+00 -1.67328176931990e-01 -1.44901006836918e+00 1.09175916511046e+00 3.05983709625073e+00 -3.27765485446531e+00 
2.36270270270270e+00 -1.50571420171050e-01 -1.42996282557941e+00 1.10888589266077e+00 3.09545852491920e+00 -3.30753665577939e+00 
2.37945945945946e+00 -1.33814663412901e-01 -1.41108775992516e+00 1.12605876564290e+00 3.12999600266801e+00 -3.33141171131592e+00 
2.39621621621622e+00 -1.17057906655739e-01 -1.39237515604046e+00 1.14328222454329e+00 3.16324402757356e+00 -3.34953393599540e+00 
2.41297297297297e+00 -1.00301149898883e-01 -1.37381562697954e+00 1.16056099114854e+00 3.19498283991806e+00 -3.36217346829558e+00 
2.42972972972973e+00 -8.35443931421079e-02 -1.35540011329793e+00 1.17790007417524e+00 3.22497875146414e+00 -3.36961366811879e+00 
2.44648648648649e+00 -6.67876363853484e-02 -1.33711988183904e+00 1.19530477440497e+00 3.25298468112289e+00 -3.37214813009383e+00 
2.46324324324324e+00 -5.00308796285912e-02 -1.31896652426694e+00 1.21278068935166e+00 3.27874091156497e+00 -3.37007775160471e+00 
2.48000000000000e+00 -3.32741228718345e-02 -1.30093195537152e+00 1.23033371749286e+00 3.30197607815680e+00 -3.36370789285461e+00 
2.49675675675676e+00 -1.65173661150776e-02 -1.28300841115896e+00 1.24797006210012e+00 3.32240839780477e+00 -3.35334566347354e+00 
2.51351351351351e+00 2.39390641678994e-04 -1.26518844672883e+00 1.26569623470477e+00 3.33974714093648e+00 -3.33929736663152e+00 
2.53027027027027e+00 1.69961473984358e-02 -1.24746493392862e+00 1.28351905823515e+00 3.35369434505111e+00 -3.32186612743150e+00 
2.54702702702703e+00 3.37529041551927e-02 -1.22983105876815e+00 1.30144566985931e+00 3.36394676316448e+00 -3.30134972765782e+00 
2.56378378378378e+00 5.05096609119493e-02 -1.21228031856884e+00 1.31948352356353e+00 3.37019803521751e+00 -3.27803866390212e+00 
2.58054054054054e+00 6.72664176687063e-02 -1.19480651881760e+00 1.33764039249110e+00 3.37214106527846e+00 -3.25221444084759e+00 
2.59729729729730e+00 8.40231744254663e-02 -1.17740376969109e+00 1.35592437105915e+00 3.36947058232277e+00 -3.22414810623639e+00 
2.61405405405405e+00 1.00779931182243e-01 -1.16006648221451e+00 1.37434387686203e+00 3.36188585768936e+00 -3.19409902894716e+00 
2.63081081081081e+00 1.17536687939103e-01 -1.14278936401819e+00 1.39290765235994e+00 3.34909354814027e+00 -3.16231391682139e+00 
2.64756756756757e+00 1.34293444696280e-01 -1.12556741465738e+00 1.41162476633932e+00 3.33081062992488e+00 -3.12902606653996e+00 
2.66432432432432e+00 1.51050201454476e-01 -1.10839592046347e+00 1.43050461511848e+00 3.30676738647173e+00 -3.09445483406750e+00 
2.68108108108108e+00 1.67806958215543e-01 -1.09127044889962e+00 1.44955692345730e+00 3.27671041037138e+00 -3.05880531103481e+00 
2.69783783783784e+00 1.84563714983874e-01 -1.07418684240026e+00 1.46879174511370e+00 3.24040557920863e+00 -3.02226818995784e+00 
2.71459459459459e+00 2.01320471769053e-01 -1.05714121168123e+00 1.48821946297197e+00 3.19764096455409e+00 -2.98501979941247e+00 
2.73135135135135e+00 2.18077228590569e-01 -1.04012992851601e+00 1.50785078864909e+00 3.14822963400581e+00 -2.94722228917670e+00 
2.74810810810811e+00 2.34833985485780e-01 -1.02314961798286e+00 1.52769676146429e+00 3.09201230752657e+00 -2.90902394487441e+00 
2.76486486486486e+00 2.51590742522814e-01 -1.00619715019744e+00 1.54776874663497e+00 3.02885983137518e+00 -2.87055961174504e+00 
2.78162162162162e+00 2.68347499820614e-01 -9.89269631555574e-01 1.56807843253741e+00 2.95867543558994e+00 -2.83195120774180e+00 
2.79837837837838e+00 2.85104257579157e-01 -9.72364395520744e-01 1.58863782684457e+00 2.88139674414846e+00 -2.79330830714385e+00 
2.81513513513514e+00 3.01861016123669e-01 -9.55478993000175e-01 1.60945925132461e+00 2.79699751049592e+00 -2.75472877716378e+00 
2.83189189189189e+00 3.18617775967699e-01 -9.38611182362035e-01 1.63055533505241e+00 2.70548905500129e+00 -2.71629945155553e+00 
2.84864864864865e+00 3.35374537901092e-01 -9.21758919153770e-01 1.65193900575270e+00 2.60692138496811e+00 -2.67809682689571e+00 
2.86540540540541e+00 3.52131303110213e-01 -9.04920345587896e-01 1.67362347895626e+00 2.50138398200581e+00 -2.64018776895163e+00 
2.88216216216216e+00 3.68888073339253e-01 -8.88093779866175e-01 1.69562224461054e+00 2.38900624577746e+00 -2.60263021829782e+00 
2.89891891891892e+00 3.85644851103070e-01 -8.71277705416350e-01 1.71794905074205e+00 2.26995758731191e+00 -2.56547388604758e+00 
2.91567567567568e+00 4.02401639963782e-01 -8.54470760116927e-01 1.74061788372005e+00 2.14444716914555e+00 -2.52876093218729e+00 
2.93243243243243e+00 4.19158444885175e-01 -8.37671725585296e-01 1.76364294461934e+00 2.01272329349445e+00 -2.49252662050774e+00 
2.94918918918919e+00 4.35915272680981e-01 -8.20879516602550e-01 1.78703862112324e+00 1.87507244341478e+00 -2.45679994549869e+00 
2.96594594594595e+00 4.52672132575075e-01 -8.04093170744965e-01 1.81081945434682e+00 1.73181798546096e+00 -2.42160422779997e+00 
2.98270270270270e+00 4.69429036893712e-01 -7.87311838287292e-01 1.83500009989429e+00 1.58331854567692e+00 -2.38695767587790e+00 
2.99945945945946e+00 4.86186001911945e-01 -7.70534772437121e-01 1.85959528239378e+00 1.42996607384229e+00 -2.35287391252360e+00 
3.01621621621622e+00 5.02943048878336e-01 -7.53761319952706e-01 1.88461974267622e+00 1.27218361373460e+00 -2.31936246555388e+00 
3.03297297297297e+00 5.19700205243897e-01 -7.36990912189040e-01 1.91008817668426e+00 1.11042279975457e+00 -2.28642922274600e+00 
3.04972972972973e+00 5.36457506122913e-01 -7.20223056609034e-01 1.93601516511158e+00 9.45161102594306e-01 -2.25407685156546e+00 
3.06648648648649e+00 5.53214996014632e-01 -7.03457328788436e-01 1.96241509268275e+00 7.76898848705856e-01 -2.22230518466315e+00 
3.08324324324324e+00 5.69972730815961e-01 -6.86693364934921e-01 1.98930205589068e+00 6.06156040153246e-01 -2.19111157243876e+00 
3.10000000000000e+00 5.86730780155967e-01 -6.69930854933894e-01 2.01668975791237e+00 4.33469003005800e-01 -2.16049120420245e+00 
Dissipation Data
0.00000000000000e+00 -3.97674251466888e+01 -3.97674251466889e+01 -2.32574853310733e-01 -6.40753962622127e-15 -2.32574853310731e-01 
1.67567567567568e-02 -3.77915901463978e+01 -4.18114950407111e+01 -2.10054214230277e-01 -1.98477380153826e-15 -2.57016768766051e-01 
3.35135135135135e-02 -3.58853060889744e+01 -4.39219859961263e+01 -1.89337494702688e-01 -1.11562678188991e-14 -2.83502911800221e-01 
5.02702702702703e-02 -3.40494206737791e+01 -4.60965603870772e+01 -1.70312651151079e-01 -3.54481928627028e-14 -3.12162139033124e-01 
6.70270270270270e-02 -3.22843454277829e+01 -4.83323348619519e+01 -1.52872700144571e-01 -1.58662271364556e-13 -3.43129555251714e-01 
8.37837837837838e-02 -3.05900899415572e+01 -5.06258631021864e+01 -1.36915491427614e-01 -1.46156895042520e-12 -3.76546889670134e-01 
1.00540540540541e-01 -2.89662974897244e+01 -5.29731238261681e+01 -1.22343505114312e-01 -8.95098849321737e-12 -4.12562907478411e-01 
1.17297297297297e-01 -2.74122813890196e+01 -5.53695145181082e+01 -1.09063671025985e-01 -4.16991679535994e-11 -4.51333858460300e-01 
1.34054054054054e-01 -2.59270614886203e+01 -5.78098512745467e+01 -9.69872080964539e-02 -1.57905293287583e-10 -4.93023964481405e-01 
1.50810810810811e-01 -2.45094002407058e+01 -6.02883750635735e+01 -8.60294817201490e-02 -5.10886066725021e-10 -5.37805947683514e-01 
1.67567567567568e-01 -2.31578378616226e+01 -6.27987645869658e+01 -7.61098768827259e-02 -1.45914891962719e-09 -5.85861601274938e-01 
1.84324324324324e-01 -2.18707261626825e+01 -6.53341558263771e+01 -6.71516848919552e-02 -3.76741839434121e-09 -6.37382404873532e-01 
2.01081081081081e-01 -2.06462607016620e+01 -6.78871682445999e+01 -5.90820015265748e-02 -8.94859879377089e-09 -6.92570186441903e-01 
2.17837837837838e-01 -1.94825109787998e+01 -7.04499375047551e+01 -5.18316344444767e-02 -1.98158031995484e-08 -7.51637832949526e-01 
2.34594594594595e-01 -1.83774484720846e+01 -7.30141544666653e+01 -4.53350177404665e-02 -4.13334778205729e-08 -8.14810051998428e-01 
2.51351351351351e-01 -1.73289723738343e+01 -7.55711101229620e+01 -3.95301316230432e-02 -8.18814331395690e-08 -8.82324186763449e-01 
2.68108108108108e-01 -1.63349329523492e+01 -7.81117460494873e+01 -3.43584252871395e-02 -1.55071275721402e-07 -9.54431086708821e-01 
2.84864864864865e-01 -1.53931525175898e+01 -8.06267098666637e+01 -2.97647411971043e-02 -2.82283898790989e-07 -1.03139603666077e+00 
3.01621621621622e-01 -1.45014440176261e+01 -8.31064151416299e+01 -2.56972391586332e-02 -4.96127509206086e-07 -1.11349974692180e+00 
3.18378378378378e-01 -1.36576273326742e+01 -8.55411051055893e+01 -2.21073187471530e-02 -8.45047078338839e-07 -1.20103940721422e+00 
3.35135135135135e-01 -1.28595433658758e+01 -8.79209195170920e+01 -1.89495388715804e-02 -1.39934877742930e-06 -1.29432980732233e+00 
3.51891891891892e-01 -1.21050660548821e+01 -9.02359639696735e+01 -1.61815334775210e-02 -2.25893504413660e-06 -1.39370452736482e+00 
3.68648648648649e-01 -1.13921124462813e+01 -9.24763809209648e+01 -1.37639226316369e-02 -3.56307657637781e-06 -1.49951720065934e+00 
3.85405405405405e-01 -1.07186509866495e+01 -9.46324217094044e+01 -1.16602184705246e-02 -5.50257669455559e-06 -1.61214285213262e+00 
4.02162162162162e-01 -1.00827081902603e+01 -9.66945188232972e+01 -9.83672573595436e-03 -8.33470878034411e-06 -1.73197931517236e+00 
4.18918918918919e-01 -9.48237384510600e+00 -9.86533576942910e+01 -8.26243685264879e-03 -1.24013286213391e-05 -1.85944872969686e+00 
4.35675675675676e-01 -8.91580491666145e+00 -1.00499947302575e+02 -6.90892171997126e-03 -1.81505798793560e-05 -1.99499912402376e+00 
4.52432432432432e-01 -8.38122830356082e+00 -1.02225688903326e+02 -5.75021259068796e-03 -2.61626199763217e-05 -2.13910608283366e+00 
4.69189189189189e-01 -7.87694259178756e+00 -1.03822442212365e+02 -4.76268458373082e-03 -3.71797950819079e-05 -2.29227450312602e+00 
4.85945945945946e-01 -7.40131894474423e+00 -1.05282588422830e+02 -3.92493252854987e-03 -5.21416871503023e-05 -2.45504043953984e+00 
5.02702702702703e-01 -6.95280125625427e+00 -1.06599089463239e+02 -3.21764495607035e-03 -7.22254386320302e-05 -2.62797303972570e+00 
5.19459459459459e-01 -6.52990568262313e+00 -1.07765542949918e+02 -2.62347614192445e-03 -9.88917349037944e-05 -2.81167656959181e+00 
5.36216216216216e-01 -6.13121965875711e+00 -1.08776232332873e+02 -2.12691716398121e-03 -1.33936786124792e-04 -3.00679252716319e+00 
5.52972972972973e-01 -5.75540049231609e+00 -1.09626171783265e+02 -1.71416696451933e-03 -1.79550602730544e-04 -3.21400184246505e+00 
5.69729729729730e-01 -5.40117361920835e+00 -1.10311145422150e+02 -1.37300440542074e-03 -2.38381797684994e-04 -3.43402715922053e+00 
5.86486486486486e-01 -5.06733059359484e+00 -1.10827740543831e+02 -1.09266227872106e-03 -3.13609078569504e-04 -3.66763519220291e+00 
6.03243243243243e-01 -4.75272687608829e+00 -1.11173374542494e+02 -8.63704182836289e-04 -4.09019509822703e-04 -3.91563915175358e+00 
6.20000000000000e-01 -4.45627947507671e+00 -1.11346315307527e+02 -6.77905105971497e-04 -5.29093534886458e-04 -4.17890122421925e+00 
6.36756756756757e-01 -4.17696448811801e+00 -1.11345694910717e+02 -5.28136471417748e-04 -6.79096647746224e-04 -4.45833509382171e+00 
6.53513513513513e-01 -3.91381458314876e+00 -1.11171516467104e+02 -4.08256301477220e-04 -8.65177497088070e-04 -4.75490848769999e+00 
6.70270270270270e-01 -3.66591645281147e+00 -1.10824654110352e+02 -3.13005050221766e-04 -1.09447209561554e-03 -5.06964572149521e+00 
6.87027027027027e-01 -3.43240826950372e+00 -1.10306846082860e+02 -2.37907544399344e-04 -1.37521369488311e-03 -5.40363021783735e+00 
7.03783783783784e-01 -3.21247716374380e+00 -1.09620681000150e+02 -1.79181358571068e-04 -1.71684777422377e-03 -5.75800696438536e+00 
7.20540540540541e-01 -3.00535674408607e+00 -1.08769577408203e+02 -1.33651841167691e-04 -2.13015148665967e-03 -6.13398487163076e+00 
7.37297297297297e-01 -2.81032467304659e+00 -1.07757756810946e+02 -9.86739004827205e-05 -2.62735680612490e-03 -6.53283898346128e+00 
7.54054054054054e-01 -2.62670031026388e+00 -1.06590210402902e+02 -7.20605610245511e-05 -3.22227653446582e-03 -6.95591248549701e+00 
7.70810810810811e-01 -2.45384243136645e+00 -1.05272659798726e+02 -5.20182082656790e-05 -3.93043225635497e-03 -7.40461844744750e+00 
7.87567567567568e-01 -2.29114702869121e+00 -1.03811512106705e+02 -3.70883592564058e-05 -4.76918328111586e-03 -7.88044122625311e+00 
8.04324324324324e-01 -2.13804519804954e+00 -1.02213809746874e+02 -2.60957245239028e-05 -5.75785558132162e-03 -8.38493744662661e+00 
8.21081081081081e-01 -1.99400111412046e+00 -1.00487175466002e+02 -1.81022675233035e-05 -6.91786973930735e-03 -8.91973646494212e+00 
8.37837837837838e-01 -1.85851009572208e+00 -9.86397530506951e+01 -1.23669187877634e-05 -8.27286693852925e-03 -9.48654021139381e+00 
8.54594594594595e-01 -1.73109676113296e+00 -9.66801442859418e+01 -8.31056538788031e-06 -9.84883209630073e-03 -1.00871222942163e+01 
8.71351351351351e-01 -1.61131327276999e+00 -9.46173427490387e+01 -5.48590905040271e-06 -1.16742133216983e-02 -1.07233262388404e+01 
8.88108108108108e-01 -1.49873766984716e+00 -9.24606650673389e+01 -3.55177058373441e-06 -1.37800370038101e-02 -1.13970627245449e+01 
9.04864864864865e-01 -1.39297228711410e+00 -9.02196803020862e+01 -2.25141167115089e-06 -1.62000179830111e-02 -1.21103056719455e+01 
9.21621621621622e-01 -1.29364225737572e+00 -8.79041381489929e+01 -1.39444649520536e-06 -1.89706644350127e-02 -1.28650870271022e+01 
9.38378378378378e-01 -1.20039409521102e+00 -8.55238966683874e+01 -8.41925602307694e-07 -2.21313772961096e-02 -1.36634900827879e+01 
9.55135135135135e-01 -1.11289435911260e+00 -8.30888502729469e+01 -4.94190039317795e-07 -2.57245442765832e-02 -1.45076411752620e+01 
9.71891891891892e-01 -1.03082838915145e+00 -8.06088587082873e+01 -2.81114956464632e-07 -2.97956287411406e-02 -1.53996995965397e+01 
9.88648648648649e-01 -9.53899117212236e-01 -7.80936777602424e+01 -1.54388061659707e-07 -3.43932539752081e-02 -1.63418455684430e+01 
1.00540540540541e+00 -8.81825946837942e-01 -7.55528924115956e+01 -8.14961733846210e-08 -3.95692835969148e-02 -1.73362661364969e+01 
1.02216216216216e+00 -8.14343699752452e-01 -7.29958531496581e+01 -4.11248532077199e-08 -4.53788991122910e-02 -1.83851388597648e+01 
1.03891891891892e+00 -7.51201626191770e-01 -7.04316160936914e+01 -1.97079999115922e-08 -5.18806758365275e-02 -1.94906131976693e+01 
1.05567567567568e+00 -6.92162476258156e-01 -6.78688875673864e+01 -8.89582272083831e-09 -5.91366586152572e-02 -2.06547895272412e+01 
1.07243243243243e+00 -6.37001629610432e-01 -6.53159736861492e+01 -3.74316869834396e-09 -6.72124389679391e-02 -2.18796957643670e+01 
1.08918918918919e+00 -5.85506280913652e-01 -6.27807354620139e+01 -1.44882326251362e-09 -7.61772354407903e-02 -2.31672616104493e+01 
1.10594594594595e+00 -5.37474678585122e-01 -6.02705498510208e+01 -5.06855785380205e-10 -8.61039790926120e-02 -2.45192905011184e+01 
1.12270270270270e+00 -4.92715414488718e-01 -5.77922770798526e+01 -1.56512292075061e-10 -9.70694061455874e-02 -2.59374293954553e+01 
1.13945945945946e+00 -4.51046762339474e-01 -5.53522344917485e+01 -4.12606543605047e-11 -1.09154159909791e-01 -2.74231366114328e+01 
1.15621621621622e+00 -4.12296062686219e-01 -5.29561770480891e+01 -8.85474437345509e-12 -1.22442904142075e-01 -2.89776479842892e+01 
1.17297297297297e+00 -3.76299152432211e-01 -5.06092845138429e+01 -1.45279952153221e-12 -1.37024450020223e-01 -3.06019416972901e+01 
1.18972972972973e+00 -3.42899836938281e-01 -4.83161552449528e+01 -1.50612009906168e-13 -1.52991898915603e-01 -3.22967022063558e+01 
1.20648648648649e+00 -3.11949402818741e-01 -4.60808063867011e+01 -2.73118893541646e-14 -1.70442803123525e-01 -3.40622837486490e+01 
1.22324324324324e+00 -2.83306169594740e-01 -4.39066801872314e+01 -7.33012471422128e-15 -1.89479346676703e-01 -3.58986739875787e+01 
1.24000000000000e+00 -2.56835078403946e-01 -4.17966560329106e+01 -1.51174593488368e-14 -2.10208548316393e-01 -3.78054583999039e+01 
1.25675675675676e+00 -2.32407315986128e-01 -3.97530677250792e+01 -6.69195343591365e-15 -2.32742488642769e-01 -3.97817860520334e+01 
1.27351351351351e+00 -2.09899972164780e-01 -3.77777254436515e+01 -1.88244518755335e-14 -2.57198563407706e-01 -4.18263374398086e+01 
1.29027027027027e+00 -1.89195729033445e-01 -3.58719417842452e+01 4.85722007947106e-15 -2.83699764858588e-01 -4.39372950771365e+01 
1.30702702702703e+00 -1.70182580025622e-01 -3.40365612136363e+01 1.78932973470096e-15 -3.12374992992390e-01 -4.61123175125222e+01 
1.32378378378378e+00 -1.52753577009256e-01 -3.22719922642745e+01 -1.56201930172050e-13 -3.43359398539830e-01 -4.83485174282264e+01 
1.34054054054054e+00 -1.36806603495663e-01 -3.05782417825324e+01 -1.46695400898396e-12 -3.76794759471432e-01 -5.06424444346508e+01 
1.35729729729730e+00 -1.22244171999083e-01 -2.89549505566748e+01 -9.04843695232054e-12 -4.12829892804389e-01 -5.29900731135294e+01 
1.37405405405405e+00 -1.08973243525354e-01 -2.74014296779569e+01 -4.21046762343364e-11 -4.51621103491939e-01 -5.53867967892204e+01 
1.39081081081081e+00 -9.69050671126243e-02 -2.59166970298414e+01 -1.59322979156898e-10 -4.93332672195439e-01 -5.78274274200901e+01 
1.40756756756757e+00 -8.59550373001497e-02 -2.44995133537214e+01 -5.14949373539221e-10 -5.38137383776461e-01 -6.03062019043543e+01 
1.42432432432432e+00 -7.60425673636602e-02 -2.31484174019900e+01 -1.46956643971696e-09 -5.86217098398060e-01 -6.28167949898050e+01 
1.44108108108108e+00 -6.70909761354251e-02 -2.18617597579937e+01 -3.79182987570700e-09 -6.37763367193431e-01 -6.53523388677682e+01 
1.45783783783784e+00 -5.90273862272044e-02 -2.06377349744574e+01 -9.00167844282768e-09 -6.92978094541594e-01 -6.79054494215409e+01 
1.47459459459459e+00 -5.17826314966768e-02 -1.94744117546921e+01 -1.99241476056175e-08 -7.52074249085214e-01 -7.04682589913896e+01 
1.49135135135135e+00 -4.52911716487634e-02 -1.83697609718751e+01 -4.15430286944281e-08 -8.15276625728918e-01 -7.30324554146607e+01 
1.50810810810811e+00 -3.94910119420851e-02 -1.73216813888656e+01 -8.22683462193392e-08 -8.82822660968796e-01 -7.55893270028831e+01 
1.52486486486486e+00 -3.43236260779810e-02 -1.63280230027560e+01 -1.55757186001764e-07 -9.54963304016968e-01 -7.81298130298361e+01 
1.54162162162162e+00 -2.97338804872243e-02 -1.53866079934791e+01 -2.83457191100679e-07 -1.03196394630013e+00 -8.06445592267346e+01 
1.55837837837838e+00 -2.56699583953762e-02 -1.44952493035312e+01 -4.98071791439067e-07 -1.11410541202006e+00 -8.31239777138936e+01 
1.57513513513514e+00 -2.20832822346539e-02 -1.36517669158847e+01 -8.48178904961732e-07 -1.20168501256328e+00 -8.55583107429680e+01 
1.59189189189189e+00 -1.89284331832916e-02 -1.28540019294508e+01 -1.40426650721572e-06 -1.29501766762997e+00 -8.79376975802133e+01 
1.60864864864865e+00 -1.61630668382193e-02 -1.20998285563042e+01 -2.26648090117345e-06 -1.39443709601471e+00 -9.02522438290052e+01 
1.62540540540541e+00 -1.37478242644032e-02 -1.13871641828170e+01 -3.57441468239259e-06 -1.50029707899995e+00 -9.24920924686117e+01 
1.64216216216216e+00 -1.16462379054068e-02 -1.07139776485408e+01 -5.51928953554271e-06 -1.61297279931636e+00 -9.46474958753129e+01 
1.65891891891892e+00 -9.82463208006759e-03 -1.00782959029034e+01 -8.35891470675408e-06 -1.73286225856540e+00 -9.67088880906282e+01 
1.67567567567568e+00 -8.25201802107258e-03 -9.47820920136667e+00 -1.24358237209720e-05 -1.86038777587833e+00 -9.86669566088125e+01 
1.69243243243243e+00 -6.89998363050841e-03 -8.91187500045110e+00 -1.81990070237033e-05 -1.99599757039258e+00 -1.00512712971049e+02 
1.70918918918919e+00 -5.74257832491071e-03 -8.37752070574876e+00 -2.62296679184457e-05 -2.14016742983728e+00 -1.02237561476062e+02 
1.72594594594595e+00 -4.75619351960332e-03 -7.87344541946530e+00 -3.72714311682981e-05 -2.29340246712377e+00 -1.03833365345312e+02 
1.74270270270270e+00 -3.91943944921215e-03 -7.39802082478764e+00 -5.22654261499982e-05 -2.45623896630769e+00 -1.05292509714877e+02 
1.75945945945946e+00 -3.21301914167063e-03 -6.94969133405076e+00 -7.23906506881633e-05 -2.62924631860510e+00 -1.06607960864633e+02 
1.77621621621622e+00 -2.61960045089546e-03 -6.52697361675557e+00 -9.91099951734225e-05 -2.81302904827703e+00 -1.07773321138073e+02 
1.79297297297297e+00 -2.12368711087889e-03 -6.12845561235189e+00 -1.34222268413272e-04 -3.00822892711436e+00 -1.08782879052163e+02 
1.80972972972973e+00 -1.71148980131473e-03 -5.75279512169052e+00 -1.79920519030513e-04 -3.21552717492254e+00 -1.09631654145749e+02 
1.82648648648649e+00 -1.37079821359639e-03 -5.39871806037282e+00 -2.38856884995202e-04 -3.43564674178407e+00 -1.10315436166563e+02 
1.84324324324324e+00 -1.09085507848838e-03 -5.06501644709894e+00 -3.14214133783696e-04 -3.66935466592369e+00 -1.10830818250571e+02 
1.86000000000000e+00 -8.62233066078005e-04 -4.75054619063306e+00 -4.09783973269368e-04 -3.91746449866928e+00 -1.11175223802709e+02 
1.87675675675676e+00 -6.76715398431751e-04 -4.45422473025532e+00 -5.30052121711180e-04 -4.18083878524033e+00 -1.11346926844847e+02 
1.89351351351351e+00 -5.27180929240073e-04 -4.17502857659407e+00 -6.80290026171368e-04 -4.46039158685298e+00 -1.11345065654575e+02 
1.91027027027027e+00 -4.07494346447311e-04 -3.91199079253142e+00 -8.66653011602485e-04 -4.75709102585195e+00 -1.11169649577013e+02 
1.92702702702703e+00 -3.12402047273537e-04 -3.66419844744443e+00 -1.09628453239862e-03 -5.07196183120593e+00 -1.10821558950924e+02 
1.94378378378378e+00 -2.37434123864658e-04 -3.43079007234599e+00 -1.37742608566940e-03 -5.40608785668838e+00 -1.10302538149789e+02 
1.96054054054054e+00 -1.78812785516657e-04 -3.21095313848757e+00 -1.71953223461263e-03 -5.76061453835071e+00 -1.09615181797795e+02 
1.97729729729730e+00 -1.33367432629566e-04 -3.00392157762752e+00 -2.13339008356990e-03 -6.13675125144975e+00 -1.08762914279834e+02 
1.99405405405405e+00 -9.84564912085615e-05 -2.80897335840062e+00 -2.63124244887201e-03 -6.53577351977206e+00 -1.07749962723114e+02 
2.01081081081081e+00 -7.18960172704628e-05 -2.62542812999284e+00 -3.22691388276288e-03 -6.95902502230674e+00 -1.06581323685834e+02 
2.02756756756757e+00 -5.18949890567909e-05 -2.45264494157399e+00 -3.93593863930226e-03 -7.40791933345141e+00 -1.05262723845023e+02 
2.04432432432432e+00 -3.69971233292601e-05 -2.29002004361814e+00 -4.77568961916348e-03 -7.88394132344249e+00 -1.03800575031013e+02 
2.06108108108108e+00 -2.60289812809829e-05 -2.13698477529543e+00 -5.76550730510337e-03 -8.38864813555299e+00 -1.02201924009583e+02 
2.07783783783784e+00 -1.80540696940848e-05 -1.99300354050409e+00 -6.92682769745774e-03 -8.92366964592642e+00 -1.00474397464387e+02 
2.09459459459459e+00 -1.23325940642615e-05 -1.85757187378586e+00 -8.28330828860883e-03 -9.49070830088921e+00 -9.86261426812367e+01 
2.11135135135135e+00 -8.28648439126692e-06 -1.73021459628877e+00 -9.86095117188972e-03 -1.00915382154557e+01 -9.66657644819049e+01 
2.12810810810811e+00 -5.46928646932506e-06 -1.61048406107910e+00 -1.16882224707410e-02 -1.07280034058217e+01 -9.46022589976636e+01 
2.14486486486487e+00 -3.54049665966013e-06 -1.49795848642268e+00 -1.37961673936293e-02 -1.14020150183383e+01 -9.24449449112607e+01 
2.16162162162162e+00 -2.24391069212242e-06 -1.39224037512986e+00 -1.62185203685829e-02 -1.21155474082449e+01 -9.02033928298229e+01 
2.17837837837838e+00 -1.38955956250979e-06 -1.29295501766510e+00 -1.89918098885148e-02 -1.28706329138978e+01 -8.78873534795217e+01 
2.19513513513514e+00 -8.38814446996363e-07 -1.19974907643558e+00 -2.21554578975168e-02 -1.36693551670078e+01 -8.55066854349686e+01 
2.21189189189189e+00 -4.92259332811538e-07 -1.11228924848104e+00 -2.57518737663322e-02 -1.45138407772308e+01 -8.30712831114252e+01 
2.22864864864865e+00 -2.79950379622838e-07 -1.03026100366691e+00 -2.98265431376208e-02 -1.54062492311261e+01 -8.05910057551364e+01 
2.24540540540541e+00 -1.53707574158761e-07 -9.53367395427774e-01 -3.44281121616905e-02 -1.63487608518343e+01 -7.80756081655580e+01 
2.26216216216216e+00 -8.11124998649607e-08 -8.81327941098385e-01 -3.96084678844498e-02 -1.73435626776439e+01 -7.55346738721442e+01 
2.27891891891892e+00 -4.09171847347137e-08 -8.13877568902067e-01 -4.54228157861897e-02 -1.83928321356929e+01 -7.29775514668805e+01 
2.29567567567568e+00 -1.96007036290840e-08 -7.50765628727913e-01 -5.19297556961333e-02 -1.94987184120555e+01 -7.04132947613036e+01 
2.31243243243243e+00 -8.84332071695881e-09 -6.91754963910731e-01 -5.91913575179063e-02 -2.06633214519190e+01 -6.78506073928510e+01 
2.32918918918919e+00 -3.71904024236412e-09 -6.36621041328741e-01 -6.72732383893126e-02 -2.18886685637305e+01 -6.52977924498659e+01 
2.34594594594595e+00 -1.43854542020066e-09 -5.85151137242561e-01 -7.62446430650391e-02 -2.31766886491021e+01 -6.27627076175470e+01 
2.36270270270270e+00 -5.02859520533899e-10 -5.37143576413373e-01 -8.61785294462721e-02 -2.45291841355280e+01 -6.02527262691005e+01 
2.37945945945946e+00 -1.55103329178875e-10 -4.92407022152839e-01 -9.71516612901289e-02 -2.59478007508409e+01 -5.77747048382100e+01 
2.39621621621622e+00 -4.08447122116453e-11 -4.50759815068133e-01 -1.09244710208383e-01 -2.74339953456037e+01 -5.53349567121360e+01 
2.41297297297297e+00 -8.74279538214107e-12 -4.12029358369495e-01 -1.22542369115509e-01 -2.89890020406762e+01 -5.29392327810760e+01 
2.42972972972973e+00 -1.39904304070415e-12 -3.76051547702151e-01 -1.37133479308255e-01 -3.06137970499243e+01 -5.05927086711901e+01 
2.44648648648649e+00 -1.43237646389619e-13 -3.42670243546695e-01 -1.53111173358796e-01 -3.23090626000592e+01 -4.82999785785883e+01 
2.46324324324324e+00 -1.59436892550331e-14 -3.11736784298813e-01 -1.70573035981091e-01 -3.40751504381721e+01 -4.60650555125457e+01 
2.48000000000000e+00 -9.14553298510685e-15 -2.83109538194074e-01 -1.89621284995385e-01 -3.59120454798312e+01 -4.38913776514009e+01 
2.49675675675676e+00 -3.48058369772469e-15 -2.56653492275567e-01 -2.10362974464880e-01 -3.78193302037772e+01 -4.17818204171607e+01 
2.51351351351351e+00 -2.11046247721042e-14 -2.32239876625179e-01 -2.32910222025992e-01 -3.97961504405445e+01 -3.97387137877718e+01 
2.53027027027027e+00 -2.11362697357367e-15 -2.09745822078096e-01 -2.57380462374762e-01 -4.18411832294477e+01 -3.77638642920553e+01 
2.54702702702703e+00 -1.90412194361301e-14 -1.89054049629063e-01 -2.83896728817917e-01 -4.39526074293122e+01 -3.58585810736173e+01 
2.56378378378378e+00 -2.04900072394960e-14 -1.70052589709100e-01 -3.12587964746941e-01 -4.61280777618836e+01 -3.40237053682935e+01 
2.58054054054054e+00 -1.66903374830885e-13 -1.52634529473360e-01 -3.43589366855564e-01 -4.83647029424155e+01 -3.22596427157639e+01 
2.59729729729730e+00 -1.50686735908472e-12 -1.36697786189664e-01 -3.77042761891686e-01 -5.06590285096635e+01 -3.05663972200217e+01 
2.61405405405405e+00 -9.15325176061472e-12 -1.22144904763290e-01 -4.13097018722552e-01 -5.30070249083889e+01 -2.89436071848333e+01 
2.63081081081081e+00 -4.25565119540412e-11 -1.08882877376294e-01 -4.51908497495746e-01 -5.54040813030894e+01 -2.73905814778369e+01 
2.64756756756757e+00 -1.60740978761430e-10 -9.68229831640329e-02 -4.93641537695433e-01 -5.78450055142788e+01 -2.59063360186237e+01 
2.66432432432432e+00 -5.19036823380861e-10 -8.58806458040364e-02 -5.38468986931969e-01 -6.03240303709577e+01 -2.44896298395955e+01 
2.68108108108108e+00 -1.48004228925012e-09 -7.59753068562218e-02 -5.86572772354574e-01 -6.28348266679321e+01 -2.31390002309191e+01 
2.69783783783784e+00 -3.81637385120732e-09 -6.70303126725038e-02 -6.38144516645734e-01 -6.53705228075410e+01 -2.18527965496172e+01 
2.71459459459459e+00 -9.05503331913411e-09 -5.89728126927003e-02 -6.93386200636953e-01 -6.79237310952577e+01 -2.06292123449036e+01 
2.73135135135135e+00 -2.00330279145630e-08 -5.17336669699003e-02 -7.52510874683006e-01 -7.04865805504886e+01 -1.94663155245915e+01 
2.74810810810811e+00 -4.17535574395560e-08 -4.52473608151839e-02 -8.15743421032712e-01 -7.30507559904004e+01 -1.83620763583601e+01 
2.76486486486486e+00 -8.26569077746449e-08 -3.94519245333760e-02 -8.83321369547988e-01 -7.56075430479977e+01 -1.73143931808005e+01 
2.78162162162162e+00 -1.56445826420966e-07 -3.42888563281678e-02 -9.55495769236047e-01 -7.81478786978316e+01 -1.63211157188662e+01 
2.79837837837838e+00 -2.84634824571017e-07 -2.97030465931618e-02 -1.03253211817471e+00 -8.06624067849689e+01 -1.53800660234103e+01 
2.81513513513514e+00 -5.00022888207466e-07 -2.56427019696910e-02 -1.11471135451886e+00 -8.31415379861566e+01 -1.44890570321852e+01 
2.83189189189189e+00 -8.51321139937662e-07 -2.20592677426179e-02 -1.20233091137622e+00 -8.55755135769165e+01 -1.36459088316375e+01 
2.84864864864865e+00 -1.40919966512829e-06 -1.89073473552558e-02 -1.29570583842384e+00 -8.79544723347507e+01 -1.28484627170591e+01 
2.86540540540541e+00 -2.27404924745609e-06 -1.61446180513394e-02 -1.39516999319646e+00 -9.02685198765022e+01 -1.20945931754614e+01 
2.88216216216216e+00 -3.58578502261432e-06 -1.37317418892596e-02 -1.50107730500967e+00 -9.25077997067535e+01 -1.13822179334216e+01 
2.89891891891892e+00 -5.53604765953736e-06 -1.16322716146191e-02 -1.61380311447054e+00 -9.46625652433169e+01 -1.07093062238061e+01 
2.91567567567568e+00 -8.38318330973408e-06 -9.81255111773731e-03 -1.73374559147053e+00 -9.67232520845933e+01 -1.00738854314611e+01 
2.93243243243243e+00 -1.24704043237659e-05 -8.24161043383925e-03 -1.86132723443477e+00 -9.86805497910479e+01 -9.47404627951656e+00 
2.94918918918919e+00 -1.82475491505118e-05 -6.89105546179217e-03 -1.99699645340541e+00 -1.00525472468370e+02 -8.90794671567782e+00 
2.96594594594595e+00 -2.62968686567134e-05 -5.73495277587764e-03 -2.14122923924993e+00 -1.02249427462204e+02 -8.37381465258346e+00 
2.98270270270270e+00 -3.73632679275290e-05 -4.74971008136338e-03 -2.29453092088566e+00 -1.03844281502874e+02 -7.86994970870615e+00 
2.99945945945946e+00 -5.23894257780637e-05 -3.91395301167528e-03 -2.45743801188369e+00 -1.05302423672417e+02 -7.39472408702372e+00 
3.01621621621622e+00 -7.25561977702193e-05 -3.20839908522407e-03 -2.63052014712892e+00 -1.06616824604872e+02 -6.94658271835894e+00 
3.03297297297297e+00 -9.93286819914623e-05 -2.61572972772527e-03 -2.81438210934308e+00 -1.07781091373459e+02 -6.52404278535662e+00 
3.04972972972973e+00 -1.34508288888424e-04 -2.12046132257866e-03 -3.00966594419516e+00 -1.08789517564394e+02 -6.12569273193850e+00 
3.06648648648649e+00 -1.80291108543232e-04 -1.70881628044379e-03 -3.21705316138747e+00 -1.09637128086207e+02 -5.75019085205653e+00 
3.08324324324324e+00 -2.39332807566114e-04 -1.36859511576096e-03 -3.43726701748208e+00 -1.10319718315006e+02 -5.39626354090220e+00 
3.10000000000000e+00 -3.14820217385397e-04 -1.08905049172424e-03 -3.67107487427905e+00 -1.10833887229786e+02 -5.06270328160191e+00 
