Data Format: k_val_normalized w_real_normalized w_imag 
num_pts 690 
0.00000000000000e+00 -8.70925497362503e-17 -3.98224261263603e-14 
4.55205172186304e-03 4.55205172186310e-03 1.21566046526935e-14 
9.10410344372608e-03 9.10410344372591e-03 2.94961815242354e-14 
1.36561551655891e-02 1.36561551655893e-02 -1.71170150276435e-14 
1.82082068874522e-02 1.82082068874522e-02 2.26336717541907e-14 
2.27602586093152e-02 2.27602586093153e-02 1.69159146448217e-14 
2.73123103311783e-02 2.73123103311782e-02 -2.99745954505194e-14 
3.18643620530413e-02 3.18643620530415e-02 -9.79770833587676e-15 
3.64164137749043e-02 3.64164137749047e-02 -7.90496562538975e-15 
4.09684654967674e-02 4.09684654967677e-02 -1.97437555213112e-14 
4.55205172186304e-02 4.55205172186306e-02 3.19402559853966e-14 
5.00725689404935e-02 5.00725689404939e-02 -2.62343814765249e-14 
5.46246206623565e-02 5.46246206623571e-02 -3.06877189814264e-14 
5.91766723842196e-02 5.91766723842202e-02 -3.84456992572671e-14 
6.37287241060826e-02 6.37287241060829e-02 2.78299231810649e-14 
6.82807758279456e-02 6.82807758279463e-02 -4.90247577178699e-15 
7.28328275498087e-02 7.28328275498087e-02 5.41757794653084e-14 
7.73848792716717e-02 7.73848792716725e-02 -2.98417289206696e-14 
8.19369309935348e-02 8.19369309935345e-02 4.34867303730561e-14 
8.64889827153978e-02 8.64889827153976e-02 2.14004842654026e-14 
9.10410344372608e-02 9.10410344372607e-02 1.44962067634990e-14 
9.55930861591239e-02 9.55930861591246e-02 -3.36961583705424e-14 
1.00145137880987e-01 1.00145137880986e-01 4.52438212113634e-14 
1.04697189602850e-01 1.04697189602850e-01 1.38349303085313e-14 
1.09249241324713e-01 1.09249241324713e-01 4.96244401193018e-14 
1.13801293046576e-01 1.13801293046576e-01 2.06749674049991e-14 
1.18353344768439e-01 1.18353344768439e-01 1.10324717836195e-14 
1.22905396490302e-01 1.22905396490303e-01 -2.22256280473054e-14 
1.27457448212165e-01 1.27457448212166e-01 2.77208792692259e-14 
1.32009499934028e-01 1.32009499934029e-01 -2.65305262044621e-14 
1.36561551655891e-01 1.36561551655892e-01 -5.45626187457632e-15 
1.41113603377754e-01 1.41113603377755e-01 -3.05708145251535e-14 
1.45665655099617e-01 1.45665655099617e-01 9.50047557791032e-15 
1.50217706821480e-01 1.50217706821481e-01 -1.44658546503108e-14 
1.54769758543343e-01 1.54769758543344e-01 3.06560951672018e-14 
1.59321810265207e-01 1.59321810265206e-01 -4.25307819913132e-15 
1.63873861987070e-01 1.63873861987069e-01 -1.32870067353213e-14 
1.68425913708933e-01 1.68425913708932e-01 -7.39190590388498e-15 
1.72977965430796e-01 1.72977965430795e-01 -2.63610001479817e-14 
1.77530017152659e-01 1.77530017152657e-01 -3.41225359724467e-14 
1.82082068874522e-01 1.82082068874520e-01 -2.73909600542575e-14 
1.86634120596385e-01 1.86634120596382e-01 -3.54537810361007e-15 
1.91186172318248e-01 1.91186172318244e-01 -4.49766393863774e-14 
1.95738224040111e-01 1.95738224040106e-01 -5.21053556214289e-14 
2.00290275761974e-01 2.00290275761966e-01 -9.20991659626325e-14 
2.04842327483837e-01 2.04842327483827e-01 -1.29048045644106e-13 
2.09394379205700e-01 2.09394379205688e-01 -1.76942249394673e-13 
2.13946430927563e-01 2.13946430927547e-01 -2.15134648675930e-13 
2.18498482649426e-01 2.18498482649403e-01 -3.12716598694679e-13 
2.23050534371289e-01 2.23050534371258e-01 -3.98566927175546e-13 
2.27602586093152e-01 2.27602586093113e-01 -4.94551016181719e-13 
2.32154637815015e-01 2.32154637814964e-01 -7.11982318303056e-13 
2.36706689536878e-01 2.36706689536813e-01 -8.49674019559042e-13 
2.41258741258741e-01 2.41258741258657e-01 -1.12115655423035e-12 
2.45810792980604e-01 2.45810792980497e-01 -1.44205197897388e-12 
2.50362844702467e-01 2.50362844702332e-01 -1.82198548922024e-12 
2.54914896424330e-01 2.54914896424159e-01 -2.33560736056022e-12 
2.59466948146193e-01 2.59466948145980e-01 -2.94955819397670e-12 
2.64018999868056e-01 2.64018999867788e-01 -3.69289204921929e-12 
2.68571051589920e-01 2.68571051589585e-01 -4.62101042767400e-12 
2.73123103311783e-01 2.73123103311368e-01 -5.78887793163266e-12 
2.77675155033646e-01 2.77675155033131e-01 -7.13850076092898e-12 
2.82227206755509e-01 2.82227206754874e-01 -8.77182177176302e-12 
2.86779258477372e-01 2.86779258476591e-01 -1.08066889840296e-11 
2.91331310199235e-01 2.91331310198278e-01 -1.32329185336900e-11 
2.95883361921098e-01 2.95883361919928e-01 -1.60845067825378e-11 
3.00435413642961e-01 3.00435413641537e-01 -1.95861476127069e-11 
3.04987465364824e-01 3.04987465363095e-01 -2.36298955375225e-11 
3.09539517086687e-01 3.09539517084591e-01 -2.85205786964896e-11 
3.14091568808550e-01 3.14091568806018e-01 -3.42862505184501e-11 
3.18643620530413e-01 3.18643620527362e-01 -4.10563448289406e-11 
3.23195672252276e-01 3.23195672248608e-01 -4.89596618130618e-11 
3.27747723974139e-01 3.27747723969738e-01 -5.82036730022216e-11 
3.32299775696002e-01 3.32299775690736e-01 -6.89428388170100e-11 
3.36851827417865e-01 3.36851827411578e-01 -8.14377432202720e-11 
3.41403879139728e-01 3.41403879132235e-01 -9.59118717387966e-11 
3.45955930861591e-01 3.45955930852679e-01 -1.12577624006969e-10 
3.50507982583454e-01 3.50507982572877e-01 -1.31752293834895e-10 
3.55060034305317e-01 3.55060034292787e-01 -1.53648293241713e-10 
3.59612086027180e-01 3.59612086012363e-01 -1.78737583479447e-10 
3.64164137749043e-01 3.64164137731554e-01 -2.07300255117588e-10 
3.68716189470906e-01 3.68716189450298e-01 -2.39677234803275e-10 
3.73268241192769e-01 3.73268241168525e-01 -2.76344133285550e-10 
3.77820292914632e-01 3.77820292886157e-01 -3.17632330051417e-10 
3.82372344636496e-01 3.82372344603101e-01 -3.64243556225964e-10 
3.86924396358359e-01 3.86924396319257e-01 -4.16277997051482e-10 
3.91476448080222e-01 3.91476448034502e-01 -4.74537395316816e-10 
3.96028499802085e-01 3.96028499748702e-01 -5.39402974556388e-10 
4.00580551523948e-01 4.00580551461703e-01 -6.11392794778903e-10 
4.05132603245811e-01 4.05132603173328e-01 -6.91112382582598e-10 
4.09684654967674e-01 4.09684654883378e-01 -7.78989289733274e-10 
4.14236706689537e-01 4.14236706591624e-01 -8.75557682317147e-10 
4.18788758411400e-01 4.18788758297809e-01 -9.81375832921997e-10 
4.23340810133263e-01 4.23340810001635e-01 -1.09685297812198e-09 
4.27892861855126e-01 4.27892861702772e-01 -1.22242237120397e-09 
4.32444913576989e-01 4.32444913400841e-01 -1.35843358188061e-09 
4.36996965298852e-01 4.36996965095413e-01 -1.50524337540960e-09 
4.41549017020715e-01 4.41549016786004e-01 -1.66297212830022e-09 
4.46101068742578e-01 4.46101068472063e-01 -1.83175651047657e-09 
4.50653120464441e-01 4.50653120152971e-01 -2.01156295596682e-09 
4.55205172186304e-01 4.55205171828029e-01 -2.20221529125654e-09 
4.59757223908167e-01 4.59757223496442e-01 -2.40327650476288e-09 
4.64309275630030e-01 4.64309275157322e-01 -2.61428148687803e-09 
4.68861327351893e-01 4.68861326809663e-01 -2.83438268671670e-09 
4.73413379073756e-01 4.73413378452333e-01 -3.06250705195353e-09 
4.77965430795619e-01 4.77965430084059e-01 -3.29730153264757e-09 
4.82517482517482e-01 4.82517481703406e-01 -3.53717018077210e-09 
4.87069534239346e-01 4.87069533308769e-01 -3.78010817575837e-09 
4.91621585961209e-01 4.91621584898336e-01 -4.02375213937047e-09 
4.96173637683072e-01 4.96173636470087e-01 -4.26539930958349e-09 
5.00725689404935e-01 5.00725688021744e-01 -4.50192908101187e-09 
5.05277741126798e-01 5.05277739550764e-01 -4.72975153236550e-09 
5.09829792848661e-01 5.09829791054296e-01 -4.94500695791259e-09 
5.14381844570524e-01 5.14381842529154e-01 -5.14328948229679e-09 
5.18933896292387e-01 5.18933893971776e-01 -5.31996762953029e-09 
5.23485948014250e-01 5.23485945378183e-01 -5.46997067898571e-09 
5.28037999736113e-01 5.28037996743936e-01 -5.58795361583823e-09 
5.32590051457976e-01 5.32590048064086e-01 -5.66841839381590e-09 
5.37142103179839e-01 5.37142099333113e-01 -5.70578509209428e-09 
5.41694154901702e-01 5.41694150544877e-01 -5.69449511020155e-09 
5.46246206623565e-01 5.46246201692545e-01 -5.62928268674332e-09 
5.50798258345428e-01 5.50798252768522e-01 -5.50532215687719e-09 
5.55350310067291e-01 5.55350303764365e-01 -5.31855977189242e-09 
5.59902361789154e-01 5.59902354670711e-01 -5.06615143179072e-09 
5.64454413511017e-01 5.64454405477171e-01 -4.74665094341851e-09 
5.69006465232880e-01 5.69006456172226e-01 -4.36069965899678e-09 
5.73558516954743e-01 5.73558506743127e-01 -3.91163235111100e-09 
5.78110568676606e-01 5.78110557175765e-01 -3.40624837908663e-09 
5.82662620398469e-01 5.82662607454533e-01 -2.85526054270621e-09 
5.87214672120332e-01 5.87214657562189e-01 -2.27490503922691e-09 
5.91766723842196e-01 5.91766707479697e-01 -1.68751630641720e-09 
5.96318775564059e-01 5.96318757186058e-01 -1.12325779741980e-09 
6.00870827285922e-01 6.00870806658117e-01 -6.21398288413486e-10 
6.05422879007785e-01 6.05422855870374e-01 -2.32235230612223e-10 
6.09974930729648e-01 6.09974904794748e-01 -1.91032305229098e-11 
6.14526982451511e-01 6.14526953400366e-01 -6.05178060433228e-11 
6.19079034173374e-01 6.19079001653286e-01 -4.53133145400204e-10 
6.23631085895237e-01 6.23631049516235e-01 -1.31450771914606e-09 
6.28183137617100e-01 6.28183096948303e-01 -2.78651818046283e-09 
6.32735189338963e-01 6.32735143904626e-01 -5.03948253417446e-09 
6.37287241060826e-01 6.37287190336050e-01 -8.27618028545740e-09 
6.41839292782689e-01 6.41839236188738e-01 -1.27368883965670e-08 
6.46391344504552e-01 6.46391281403789e-01 -1.87050643559341e-08 
6.50943396226415e-01 6.50943325916794e-01 -2.65132223742541e-08 
6.55495447948278e-01 6.55495369657383e-01 -3.65501524830511e-08 
6.60047499670141e-01 6.60047412548717e-01 -4.92684495054598e-08 
6.64599551392004e-01 6.64599454506975e-01 -6.51934001748577e-08 
6.69151603113867e-01 6.69151495440758e-01 -8.49322414410622e-08 
6.73703654835730e-01 6.73703535250499e-01 -1.09185155820073e-07 
6.78255706557593e-01 6.78255573827799e-01 -1.38757047381829e-07 
6.82807758279456e-01 6.82807611054733e-01 -1.74570513868188e-07 
6.87359810001319e-01 6.87359646803100e-01 -2.17680716702787e-07 
6.91911861723182e-01 6.91911680933627e-01 -2.69291386787801e-07 
6.96463913445046e-01 6.96463713295126e-01 -3.30772162104484e-07 
7.01015965166909e-01 7.01015743723579e-01 -4.03678786905819e-07 
7.05568016888772e-01 7.05567772041184e-01 -4.89773962889599e-07 
7.10120068610635e-01 7.10119798055330e-01 -5.91051599455687e-07 
7.14672120332498e-01 7.14671821557502e-01 -7.09762293791570e-07 
7.19224172054361e-01 7.19223842322133e-01 -8.48441935487248e-07 
7.23776223776224e-01 7.23775860105371e-01 -1.00994280737611e-06 
7.28328275498087e-01 7.28327874643785e-01 -1.19746793342704e-06 
7.32880327219950e-01 7.32879885652983e-01 -1.41460785837582e-06 
7.37432378941813e-01 7.37431892826156e-01 -1.66538145465670e-06 
7.41984430663676e-01 7.41983895832546e-01 -1.95428009956111e-06 
7.46536482385539e-01 7.46535894315798e-01 -2.28631603415325e-06 
7.51088534107402e-01 7.51087887892266e-01 -2.66707442328820e-06 
7.55640585829265e-01 7.55639876149182e-01 -3.10277059069826e-06 
7.60192637551128e-01 7.60191858642753e-01 -3.60031175666379e-06 
7.64744689272991e-01 7.64743834896153e-01 -4.16736375597013e-06 
7.69296740994854e-01 7.69295804397402e-01 -4.81242394829324e-06 
7.73848792716717e-01 7.73847766597151e-01 -5.54489964894371e-06 
7.78400844438580e-01 7.78399720906342e-01 -6.37519295173906e-06 
7.82952896160443e-01 7.82951666693760e-01 -7.31479234859208e-06 
7.87504947882306e-01 7.87503603283471e-01 -8.37637196976992e-06 
7.92056999604169e-01 7.92055529952134e-01 -9.57389797930317e-06 
7.96609051326032e-01 7.96607445926185e-01 -1.09227437334442e-05 
8.01161103047896e-01 8.01159350378906e-01 -1.24398132492404e-05 
8.05713154769759e-01 8.05711242427363e-01 -1.41436741606195e-05 
8.10265206491621e-01 8.10263121129189e-01 -1.60547008377051e-05 
8.14817258213484e-01 8.14814985479276e-01 -1.81952274443299e-05 
8.19369309935348e-01 8.19366834406292e-01 -2.05897124096434e-05 
8.23921361657211e-01 8.23918666769065e-01 -2.32649147279152e-05 
8.28473413379074e-01 8.28470481352862e-01 -2.62500826995495e-05 
8.33025465100937e-01 8.33022276865480e-01 -2.95771553519072e-05 
8.37577516822800e-01 8.37574051933232e-01 -3.32809787395731e-05 
8.42129568544663e-01 8.42125805096766e-01 -3.73995357445593e-05 
8.46681620266526e-01 8.46677534806770e-01 -4.19741924573514e-05 
8.51233671988389e-01 8.51229239419502e-01 -4.70499600619248e-05 
8.55785723710252e-01 8.55780917192216e-01 -5.26757741877759e-05 
8.60337775432115e-01 8.60332566278423e-01 -5.89047923561101e-05 
8.64889827153978e-01 8.64884184723031e-01 -6.57947106040558e-05 
8.69441878875841e-01 8.69435770457356e-01 -7.34080990368582e-05 
8.73993930597704e-01 8.73987321293982e-01 -8.18127598671704e-05 
8.78545982319567e-01 8.78538834921531e-01 -9.10821059118016e-05 
8.83098034041430e-01 8.83090308899287e-01 -1.01295562787327e-04 
8.87650085763293e-01 8.87641740651730e-01 -1.12538995031932e-04 
8.92202137485156e-01 8.92193127462939e-01 -1.24905156799818e-04 
8.96754189207019e-01 8.96744466470928e-01 -1.38494169592545e-04 
9.01306240928882e-01 9.01295754661878e-01 -1.53414026450471e-04 
9.05858292650745e-01 9.05846988864294e-01 -1.69781125218384e-04 
9.10410344372608e-01 9.10398165743113e-01 -1.87720831357881e-04 
9.14962396094471e-01 9.14949281793734e-01 -2.07368071299077e-04 
9.19514447816335e-01 9.19500333336039e-01 -2.28867958342923e-04 
9.24066499538198e-01 9.24051316508369e-01 -2.52376451426822e-04 
9.28618551260061e-01 9.28602227261523e-01 -2.78061048919419e-04 
9.33170602981924e-01 9.33153061352742e-01 -3.06101517688060e-04 
9.37722654703787e-01 9.37703814339744e-01 -3.36690659437939e-04 
9.42274706425650e-01 9.42254481574823e-01 -3.70035115929188e-04 
9.46826758147513e-01 9.46805058199015e-01 -4.06356212848412e-04 
9.51378809869376e-01 9.51355539136371e-01 -4.45890845060393e-04 
9.55930861591239e-01 9.55905919088365e-01 -4.88892403988928e-04 
9.60482913313102e-01 9.60456192528477e-01 -5.35631748176177e-04 
9.65034965034965e-01 9.65006353696946e-01 -5.86398218673221e-04 
9.69587016756828e-01 9.69556396595758e-01 -6.41500699815623e-04 
9.74139068478691e-01 9.74106314983912e-01 -7.01268727332706e-04 
9.78691120200554e-01 9.78656102372946e-01 -7.66053644424053e-04 
9.83243171922417e-01 9.83205752022843e-01 -8.36229806873809e-04 
9.87795223644280e-01 9.87755256938274e-01 -9.12195838942629e-04 
9.92347275366143e-01 9.92304609865296e-01 -9.94375939944018e-04 
9.96899327088006e-01 9.96853803288491e-01 -1.08322124329216e-03 
1.00145137880987e+00 1.00140282942864e+00 -1.17921122928110e-03 
1.00600343053173e+00 1.00595168024092e+00 -1.28285519063275e-03 
1.01055548225360e+00 1.01050034741381e+00 -1.39469375389509e-03 
1.01510753397546e+00 1.01504882236853e+00 -1.51530045539113e-03 
1.01965958569732e+00 1.01959709625931e+00 -1.64528337384379e-03 
1.02421163741918e+00 1.02414515997443e+00 -1.78528681845844e-03 
1.02876368914105e+00 1.02869300413805e+00 -1.93599307443905e-03 
1.03331574086291e+00 1.03324061911301e+00 -2.09812420530288e-03 
1.03786779258477e+00 1.03778799500454e+00 -2.27244391196337e-03 
1.04241984430664e+00 1.04233512166506e+00 -2.45975944911589e-03 
1.04697189602850e+00 1.04688198870007e+00 -2.66092359802508e-03 
1.05152394775036e+00 1.05142858547513e+00 -2.87683669631712e-03 
1.05607599947223e+00 1.05597490112427e+00 -3.10844872311467e-03 
1.06062805119409e+00 1.06052092455947e+00 -3.35676143976109e-03 
1.06518010291595e+00 1.06506664448174e+00 -3.62283058479339e-03 
1.06973215463781e+00 1.06961204939351e+00 -3.90776812238710e-03 
1.07428420635968e+00 1.07415712761267e+00 -4.21274454232352e-03 
1.07883625808154e+00 1.07870186728808e+00 -4.53899121138555e-03 
1.08338830980340e+00 1.08324625641693e+00 -4.88780277264785e-03 
1.08794036152527e+00 1.08779028286366e+00 -5.26053959263191e-03 
1.09249241324713e+00 1.09233393438092e+00 -5.65863025252752e-03 
1.09704446496899e+00 1.09687719863221e+00 -6.08357408249006e-03 
1.10159651669086e+00 1.10142006321671e+00 -6.53694373554503e-03 
1.10614856841272e+00 1.10596251569596e+00 -7.02038779816538e-03 
1.11070062013458e+00 1.11050454362279e+00 -7.53563343556470e-03 
1.11525267185645e+00 1.11504613457236e+00 -8.08448906669850e-03 
1.11980472357831e+00 1.11958727617547e+00 -8.66884706673929e-03 
1.12435677530017e+00 1.12412795615412e+00 -9.29068649241390e-03 
1.12890882702203e+00 1.12866816235952e+00 -9.95207582665237e-03 
1.13346087874390e+00 1.13320788281240e+00 -1.06551757373587e-02 
1.13801293046576e+00 1.13774710574589e+00 -1.14022418471743e-02 
1.14256498218762e+00 1.14228581965081e+00 -1.21956275077030e-02 
1.14711703390949e+00 1.14682401332357e+00 -1.30377865741332e-02 
1.15166908563135e+00 1.15136167591659e+00 -1.39312761754191e-02 
1.15622113735321e+00 1.15589879699138e+00 -1.48787594731992e-02 
1.16077318907508e+00 1.16043536657419e+00 -1.58830084055116e-02 
1.16532524079694e+00 1.16497137521432e+00 -1.69469064073246e-02 
1.16987729251880e+00 1.16950681404508e+00 -1.80734511042463e-02 
1.17442934424066e+00 1.17404167484736e+00 -1.92657569714453e-02 
1.17898139596253e+00 1.17857595011583e+00 -2.05270579524473e-02 
1.18353344768439e+00 1.18310963312780e+00 -2.18607100309976e-02 
1.18808549940625e+00 1.18764271801460e+00 -2.32701937498629e-02 
1.19263755112812e+00 1.19217519983548e+00 -2.47591166698072e-02 
1.19718960284998e+00 1.19670707465415e+00 -2.63312157620732e-02 
1.20174165457184e+00 1.20123833961753e+00 -2.79903597285087e-02 
1.20629370629371e+00 1.20576899303712e+00 -2.97405512419644e-02 
1.21084575801557e+00 1.21029903447245e+00 -3.15859291010129e-02 
1.21539780973743e+00 1.21482846481689e+00 -3.35307702927655e-02 
1.21994986145930e+00 1.21935728638547e+00 -3.55794919568212e-02 
1.22450191318116e+00 1.22388550300481e+00 -3.77366532454012e-02 
1.22905396490302e+00 1.22841312010482e+00 -4.00069570726545e-02 
1.23360601662488e+00 1.23294014481222e+00 -4.23952517482446e-02 
1.23815806834675e+00 1.23746658604571e+00 -4.49065324895476e-02 
1.24271012006861e+00 1.24199245461257e+00 -4.75459428077186e-02 
1.24726217179047e+00 1.24651776330661e+00 -5.03187757619125e-02 
1.25181422351234e+00 1.25104252700726e+00 -5.32304750785221e-02 
1.25636627523420e+00 1.25556676277965e+00 -5.62866361303325e-02 
1.26091832695606e+00 1.26009048997556e+00 -5.94930067736021e-02 
1.26547037867793e+00 1.26461373033490e+00 -6.28554880374539e-02 
1.27002243039979e+00 1.26913650808766e+00 -6.63801346651717e-02 
1.27457448212165e+00 1.27365885005618e+00 -7.00731555045985e-02 
1.27912653384351e+00 1.27818078575730e+00 -7.39409137454797e-02 
1.28367858556538e+00 1.28270234750447e+00 -7.79899270036048e-02 
1.28823063728724e+00 1.28722357050944e+00 -8.22268672503157e-02 
1.29278268900910e+00 1.29174449298333e+00 -8.66585605883729e-02 
1.29733474073097e+00 1.29626515623697e+00 -9.12919868740191e-02 
1.30188679245283e+00 1.30078560478017e+00 -9.61342791878888e-02 
1.30643884417469e+00 1.30530588641984e+00 -1.01192723154065e-01 
1.31099089589656e+00 1.30982605235659e+00 -1.06474756112858e-01 
1.31554294761842e+00 1.31434615727983e+00 -1.11987966148622e-01 
1.32009499934028e+00 1.31886625946093e+00 -1.17740090975435e-01 
1.32464705106215e+00 1.32338642084442e+00 -1.23739016687389e-01 
1.32919910278401e+00 1.32790670713701e+00 -1.29992776375927e-01 
1.33375115450587e+00 1.33242718789413e+00 -1.36509548620269e-01 
1.33830320622773e+00 1.33694793660399e+00 -1.43297655857649e-01 
1.34285525794960e+00 1.34146903076890e+00 -1.50365562638129e-01 
1.34740730967146e+00 1.34599055198367e+00 -1.57721873771384e-01 
1.35195936139332e+00 1.35051258601108e+00 -1.65375332373454e-01 
1.35651141311519e+00 1.35503522285407e+00 -1.73334817819434e-01 
1.36106346483705e+00 1.35955855682478e+00 -1.81609343611312e-01 
1.36561551655891e+00 1.36408268661015e+00 -1.90208055167973e-01 
1.37016756828078e+00 1.36860771533404e+00 -1.99140227547461e-01 
1.37471962000264e+00 1.37313375061581e+00 -2.08415263108119e-01 
1.37927167172450e+00 1.37766090462529e+00 -2.18042689119105e-01 
1.38382372344636e+00 1.38218929413406e+00 -2.28032155328569e-01 
1.38837577516823e+00 1.38671904056297e+00 -2.38393431497984e-01 
1.39292782689009e+00 1.39125027002601e+00 -2.49136404913187e-01 
1.39747987861195e+00 1.39578311337034e+00 -2.60271077879759e-01 
1.40203193033382e+00 1.40031770621258e+00 -2.71807565212199e-01 
1.40658398205568e+00 1.40485418897139e+00 -2.83756091726021e-01 
1.41113603377754e+00 1.40939270689632e+00 -2.96126989741296e-01 
1.41568808549941e+00 1.41393341009296e+00 -3.08930696606239e-01 
1.42024013722127e+00 1.41847645354450e+00 -3.22177752249054e-01 
1.42479218894313e+00 1.42302199712970e+00 -3.35878796766363e-01 
1.42934424066500e+00 1.42757020563742e+00 -3.50044568055599e-01 
1.43389629238686e+00 1.43212124877770e+00 -3.64685899499083e-01 
1.43844834410872e+00 1.43667530118959e+00 -3.79813717706664e-01 
1.44300039583058e+00 1.44123254244569e+00 -3.95439040324067e-01 
1.44755244755245e+00 1.44579315705369e+00 -4.11572973912054e-01 
1.45210449927431e+00 1.45035733445490e+00 -4.28226711903923e-01 
1.45665655099617e+00 1.45492526901991e+00 -4.45411532645118e-01 
1.46120860271804e+00 1.45949716004155e+00 -4.63138797520712e-01 
1.46576065443990e+00 1.46407321172530e+00 -4.81419949175426e-01 
1.47031270616176e+00 1.46865363317715e+00 -5.00266509829382e-01 
1.47486475788363e+00 1.47323863838927e+00 -5.19690079693801e-01 
1.47941680960549e+00 1.47782844622345e+00 -5.39702335489440e-01 
1.48396886132735e+00 1.48242328039251e+00 -5.60315029069522e-01 
1.48852091304921e+00 1.48702336943988e+00 -5.81539986151665e-01 
1.49307296477108e+00 1.49162894671740e+00 -6.03389105156486e-01 
1.49762501649294e+00 1.49624025036152e+00 -6.25874356158256e-01 
1.50217706821480e+00 1.50085752326811e+00 -6.49007779945014e-01 
1.50672911993667e+00 1.50548101306586e+00 -6.72801487190781e-01 
1.51128117165853e+00 1.51011097208853e+00 -6.97267657737896e-01 
1.51583322338039e+00 1.51474765734618e+00 -7.22418539990415e-01 
1.52038527510226e+00 1.51939133049537e+00 -7.48266450417063e-01 
1.52493732682412e+00 1.52404225780861e+00 -7.74823773161891e-01 
1.52948937854598e+00 1.52870071014310e+00 -8.02102959763206e-01 
1.53404143026785e+00 1.53336696290879e+00 -8.30116528976676e-01 
1.53859348198971e+00 1.53804129603602e+00 -8.58877066701608e-01 
1.54314553371157e+00 1.54272399394268e+00 -8.88397226007810e-01 
1.54769758543343e+00 1.54741534550109e+00 -9.18689727261218e-01 
1.55224963715530e+00 1.55211564400452e+00 -9.49767358344413e-01 
1.55680168887716e+00 1.55682518713368e+00 -9.81642974970188e-01 
1.56135374059902e+00 1.56154427692287e+00 -1.01432950108453e+00 
1.56590579232089e+00 1.56627321972626e+00 -1.04783992935597e+00 
1.57045784404275e+00 1.57101232618391e+00 -1.08218732174911e+00 
1.57500989576461e+00 1.57576191118799e+00 -1.11738481017773e+00 
1.57956194748648e+00 1.58052229384889e+00 -1.15344559723424e+00 
1.58411399920834e+00 1.58529379746135e+00 -1.19038295699478e+00 
1.58866605093020e+00 1.59007674947074e+00 -1.22821023589344e+00 
1.59321810265206e+00 1.59487148143925e+00 -1.26694085366376e+00 
1.59777015437393e+00 1.59967832901224e+00 -1.30658830434686e+00 
1.60232220609579e+00 1.60449763188450e+00 -1.34716615735854e+00 
1.60687425781765e+00 1.60932973376657e+00 -1.38868805861697e+00 
1.61142630953952e+00 1.61417498235103e+00 -1.43116773172685e+00 
1.61597836126138e+00 1.61903372927861e+00 -1.47461897921633e+00 
1.62053041298324e+00 1.62390633010435e+00 -1.51905568382635e+00 
1.62508246470511e+00 1.62879314426344e+00 -1.56449180985013e+00 
1.62963451642697e+00 1.63369453503687e+00 -1.61094140451984e+00 
1.63418656814883e+00 1.63861086951688e+00 -1.65841859944067e+00 
1.63873861987070e+00 1.64354251857188e+00 -1.70693761206961e+00 
1.64329067159256e+00 1.64848985681108e+00 -1.75651274723965e+00 
1.64784272331442e+00 1.65345326254853e+00 -1.80715839872738e+00 
1.65239477503628e+00 1.65843311776657e+00 -1.85888905086387e+00 
1.65694682675815e+00 1.66342980807862e+00 -1.91171928019087e+00 
1.66149887848001e+00 1.66844372269115e+00 -1.96566375715968e+00 
1.66605093020187e+00 1.67347525436488e+00 -2.02073724787650e+00 
1.67060298192374e+00 1.67852479937486e+00 -2.07695461589288e+00 
1.67515503364560e+00 1.68359275746964e+00 -2.13433082404455e+00 
1.67970708536746e+00 1.68867953182924e+00 -2.19288093634077e+00 
1.68425913708933e+00 1.69378552902184e+00 -2.25262011990356e+00 
1.68881118881119e+00 1.69891115895911e+00 -2.31356364696434e+00 
1.69336324053305e+00 1.70405683485018e+00 -2.37572689691640e+00 
1.69791529225491e+00 1.70922297315398e+00 -2.43912535842895e+00 
1.70246734397678e+00 1.71440999352997e+00 -2.50377463162772e+00 
1.70701939569864e+00 1.71961831878717e+00 -2.56969043034288e+00 
1.71157144742050e+00 1.72484837483134e+00 -2.63688858443182e+00 
1.71612349914237e+00 1.73010059061026e+00 -2.70538504218131e+00 
1.72067555086423e+00 1.73537539805706e+00 -2.77519587279233e+00 
1.72522760258609e+00 1.74067323203145e+00 -2.84633726895653e+00 
1.72977965430796e+00 1.74599453025886e+00 -2.91882554952696e+00 
1.73433170602982e+00 1.75133973326732e+00 -2.99267716229105e+00 
1.73888375775168e+00 1.75670928432218e+00 -3.06790868685281e+00 
1.74343580947355e+00 1.76210362935843e+00 -3.14453683763037e+00 
1.74798786119541e+00 1.76752321691071e+00 -3.22257846697459e+00 
1.75253991291727e+00 1.77296849804092e+00 -3.30205056841941e+00 
1.75709196463913e+00 1.77843992626341e+00 -3.38297028006837e+00 
1.76164401636100e+00 1.78393795746769e+00 -3.46535488812597e+00 
1.76619606808286e+00 1.78946304983875e+00 -3.54922183058252e+00 
1.77074811980472e+00 1.79501566377483e+00 -3.63458870105911e+00 
1.77530017152659e+00 1.80059626180279e+00 -3.72147325282111e+00 
1.77985222324845e+00 1.80620530849100e+00 -3.80989340296948e+00 
1.78440427497031e+00 1.81184327035983e+00 -3.89986723681517e+00 
1.78895632669218e+00 1.81751061578973e+00 -3.99141301244850e+00 
1.79350837841404e+00 1.82320781492692e+00 -4.08454916550713e+00 
1.79806043013590e+00 1.82893533958684e+00 -4.17929431415471e+00 
1.80261248185776e+00 1.83469366315534e+00 -4.27566726427462e+00 
1.80716453357963e+00 1.84048326048762e+00 -4.37368701488874e+00 
1.81171658530149e+00 1.84630460780519e+00 -4.47337276380669e+00 
1.81626863702335e+00 1.85215818259068e+00 -4.57474391351455e+00 
1.82082068874522e+00 1.85804446348084e+00 -4.67782007730822e+00 
1.82537274046708e+00 1.86396393015761e+00 -4.78262108567873e+00 
1.82992479218894e+00 1.86991706323757e+00 -4.88916699295658e+00 
1.83447684391081e+00 1.87590434415964e+00 -4.99747808421850e+00 
1.83902889563267e+00 1.88192625507141e+00 -5.10757488246400e+00 
1.84358094735453e+00 1.88798327871406e+00 -5.21947815606729e+00 
1.84813299907640e+00 1.89407589830594e+00 -5.33320892650551e+00 
1.85268505079826e+00 1.90020459742510e+00 -5.44878847637110e+00 
1.85723710252012e+00 1.90636985989085e+00 -5.56623835767057e+00 
1.86178915424198e+00 1.91257216964430e+00 -5.68558040041118e+00 
1.86634120596385e+00 1.91881201062830e+00 -5.80683672147863e+00 
1.87089325768571e+00 1.92508986666667e+00 -5.93002973381055e+00 
1.87544530940757e+00 1.93140622134293e+00 -6.05518215586102e+00 
1.87999736112944e+00 1.93776155787869e+00 -6.18231702136301e+00 
1.88454941285130e+00 1.94415635901167e+00 -6.31145768938466e+00 
1.88910146457316e+00 1.95059110687368e+00 -6.44262785468159e+00 
1.89365351629503e+00 1.95706628286840e+00 -6.57585155834173e+00 
1.89820556801689e+00 1.96358236754929e+00 -6.71115319872458e+00 
1.90275761973875e+00 1.97013984049749e+00 -6.84855754268934e+00 
1.90730967146061e+00 1.97673918019996e+00 -6.98808973711170e+00 
1.91186172318248e+00 1.98338086392787e+00 -7.12977532068520e+00 
1.91641377490434e+00 1.99006536761518e+00 -7.27364023600504e+00 
1.92096582662620e+00 1.99679316573754e+00 -7.41971084192826e+00 
1.92551787834807e+00 2.00356473119154e+00 -7.56801392620790e+00 
1.93006993006993e+00 2.01038053517432e+00 -7.71857671839564e+00 
1.93462198179179e+00 2.01724104706331e+00 -7.87142690300874e+00 
1.93917403351366e+00 2.02414673429645e+00 -8.02659263295459e+00 
1.94372608523552e+00 2.03109806225243e+00 -8.18410254320879e+00 
1.94827813695738e+00 2.03809549413126e+00 -8.34398576474065e+00 
1.95283018867924e+00 2.04513949083476e+00 -8.50627193867970e+00 
1.95738224040111e+00 2.05223051084707e+00 -8.67099123071810e+00 
1.96193429212297e+00 2.05936901011498e+00 -8.83817434574231e+00 
1.96648634384483e+00 2.06655544192796e+00 -9.00785254268840e+00 
1.97103839556670e+00 2.07379025679762e+00 -9.18005764961416e+00 
1.97559044728856e+00 2.08107390233669e+00 -9.35482207898256e+00 
1.98014249901042e+00 2.08840682313691e+00 -9.53217884315149e+00 
1.98469455073229e+00 2.09578946064603e+00 -9.71216157006194e+00 
1.98924660245415e+00 2.10322225304333e+00 -9.89480451912028e+00 
1.99379865417601e+00 2.11070563511365e+00 -1.00801425972697e+01 
1.99835070589788e+00 2.11824003811950e+00 -1.02682113752435e+01 
2.00290275761974e+00 2.12582588967100e+00 -1.04590471039985e+01 
2.00745480934160e+00 2.13346361359338e+00 -1.06526867313200e+01 
2.01200686106346e+00 2.14115362979162e+00 -1.08491679185972e+01 
2.01655891278533e+00 2.14889635411194e+00 -1.10485290577632e+01 
2.02111096450719e+00 2.15669219819979e+00 -1.12508092883962e+01 
2.02566301622905e+00 2.16454156935393e+00 -1.14560485149781e+01 
2.03021506795092e+00 2.17244487037611e+00 -1.16642874243088e+01 
2.03476711967278e+00 2.18040249941621e+00 -1.18755675030715e+01 
2.03931917139464e+00 2.18841484981207e+00 -1.20899310555479e+01 
2.04387122311651e+00 2.19648230992387e+00 -1.23074212214813e+01 
2.04842327483837e+00 2.20460526296239e+00 -1.25280819940851e+01 
2.05297532656023e+00 2.21278408681086e+00 -1.27519582381953e+01 
2.05752737828210e+00 2.22101915383979e+00 -1.29790957085672e+01 
2.06207943000396e+00 2.22931083071434e+00 -1.32095410683136e+01 
2.06663148172582e+00 2.23765947819383e+00 -1.34433419074860e+01 
2.07118353344768e+00 2.24606545092267e+00 -1.36805467617971e+01 
2.07573558516955e+00 2.25452909721244e+00 -1.39212051314839e+01 
2.08028763689141e+00 2.26305075881432e+00 -1.41653675003142e+01 
2.08483968861327e+00 2.27163077068167e+00 -1.44130853547339e+01 
2.08939174033514e+00 2.28026946072187e+00 -1.46644112031571e+01 
2.09394379205700e+00 2.28896714953707e+00 -1.49193985953988e+01 
2.09849584377886e+00 2.29772415015328e+00 -1.51781021422520e+01 
2.10304789550073e+00 2.30654076773710e+00 -1.54405775352058e+01 
2.10759994722259e+00 2.31541729929970e+00 -1.57068815663116e+01 
2.11215199894445e+00 2.32435403338721e+00 -1.59770721481917e+01 
2.11670405066631e+00 2.33335124975720e+00 -1.62512083341921e+01 
2.12125610238818e+00 2.34240921904040e+00 -1.65293503386826e+01 
2.12580815411004e+00 2.35152820238724e+00 -1.68115595574999e+01 
2.13036020583190e+00 2.36070845109838e+00 -1.70978985885351e+01 
2.13491225755377e+00 2.36995020623878e+00 -1.73884312524652e+01 
2.13946430927563e+00 2.37925369823462e+00 -1.76832226136267e+01 
2.14401636099749e+00 2.38861914645227e+00 -1.79823390010294e+01 
2.14856841271936e+00 2.39804675875883e+00 -1.82858480295089e+01 
2.15312046444122e+00 2.40753673106358e+00 -1.85938186210147e+01 
2.15767251616308e+00 2.41708924683933e+00 -1.89063210260295e+01 
2.16222456788494e+00 2.42670447662351e+00 -1.92234268451202e+01 
2.16677661960681e+00 2.43638257749773e+00 -1.95452090506068e+01 
2.17132867132867e+00 2.44612369254553e+00 -1.98717420083551e+01 
2.17588072305053e+00 2.45592795028732e+00 -2.02031014996758e+01 
2.18043277477240e+00 2.46579546409190e+00 -2.05393647433319e+01 
2.18498482649426e+00 2.47572633156372e+00 -2.08806104176384e+01 
2.18953687821612e+00 2.48572063390521e+00 -2.12269186826509e+01 
2.19408892993799e+00 2.49577843525324e+00 -2.15783712024277e+01 
2.19864098165985e+00 2.50589978198912e+00 -2.19350511673582e+01 
2.20319303338171e+00 2.51608470202113e+00 -2.22970433165402e+01 
2.20774508510358e+00 2.52633320403886e+00 -2.26644339601954e+01 
2.21229713682544e+00 2.53664527673856e+00 -2.30373110021049e+01 
2.21684918854730e+00 2.54702088801845e+00 -2.34157639620475e+01 
2.22140124026916e+00 2.55745998414343e+00 -2.37998839982265e+01 
2.22595329199103e+00 2.56796248887797e+00 -2.41897639296550e+01 
2.23050534371289e+00 2.57852830258651e+00 -2.45854982584884e+01 
2.23505739543475e+00 2.58915730130047e+00 -2.49871831922728e+01 
2.23960944715662e+00 2.59984933575064e+00 -2.53949166660851e+01 
2.24416149887848e+00 2.61060423036450e+00 -2.58087983645398e+01 
2.24871355060034e+00 2.62142178222696e+00 -2.62289297436262e+01 
2.25326560232221e+00 2.63230176000404e+00 -2.66554140523514e+01 
2.25781765404407e+00 2.64324390282820e+00 -2.70883563541497e+01 
2.26236970576593e+00 2.65424791914438e+00 -2.75278635480222e+01 
2.26692175748780e+00 2.66531348551584e+00 -2.79740443893689e+01 
2.27147380920966e+00 2.67644024538866e+00 -2.84270095104703e+01 
2.27602586093152e+00 2.68762780781392e+00 -2.88868714405740e+01 
2.28057791265338e+00 2.69887574612659e+00 -2.93537446255401e+01 
2.28512996437525e+00 2.71018359657983e+00 -2.98277454469934e+01 
2.28968201609711e+00 2.72155085693400e+00 -3.03089922409294e+01 
2.29423406781897e+00 2.73297698499905e+00 -3.07976053157200e+01 
2.29878611954084e+00 2.74446139712927e+00 -3.12937069694568e+01 
2.30333817126270e+00 2.75600346666938e+00 -3.17974215065684e+01 
2.30789022298456e+00 2.76760252235096e+00 -3.23088752536486e+01 
2.31244227470643e+00 2.77925784663786e+00 -3.28281965744207e+01 
2.31699432642829e+00 2.79096867402001e+00 -3.33555158837681e+01 
2.32154637815015e+00 2.80273418925397e+00 -3.38909656607509e+01 
2.32609842987201e+00 2.81455352554973e+00 -3.44346804605259e+01 
2.33065048159388e+00 2.82642576270235e+00 -3.49867969250857e+01 
2.33520253331574e+00 2.83834992516764e+00 -3.55474537927282e+01 
2.33975458503760e+00 2.85032498008065e+00 -3.61167919061546e+01 
2.34430663675947e+00 2.86234983521627e+00 -3.66949542191042e+01 
2.34885868848133e+00 2.87442333689070e+00 -3.72820858014170e+01 
2.35341074020319e+00 2.88654426780320e+00 -3.78783338424188e+01 
2.35796279192506e+00 2.89871134481681e+00 -3.84838476525084e+01 
2.36251484364692e+00 2.91092321667762e+00 -3.90987786628360e+01 
2.36706689536878e+00 2.92317846167150e+00 -3.97232804229402e+01 
2.37161894709065e+00 2.93547558521766e+00 -4.03575085962189e+01 
2.37617099881251e+00 2.94781301739840e+00 -4.10016209530989e+01 
2.38072305053437e+00 2.96018911042425e+00 -4.16557773617571e+01 
2.38527510225623e+00 2.97260213603412e+00 -4.23201397762518e+01 
2.38982715397810e+00 2.98505028282996e+00 -4.29948722219142e+01 
2.39437920569996e+00 2.99753165354543e+00 -4.36801407778292e+01 
2.39893125742182e+00 3.01004426224840e+00 -4.43761135562537e+01 
2.40348330914369e+00 3.02258603147701e+00 -4.50829606787956e+01 
2.40803536086555e+00 3.03515478930931e+00 -4.58008542491734e+01 
2.41258741258741e+00 3.04774826636637e+00 -4.65299683223782e+01 
2.41713946430928e+00 3.06036409274917e+00 -4.72704788700448e+01 
2.42169151603114e+00 3.07299979490948e+00 -4.80225637418357e+01 
2.42624356775300e+00 3.08565279245522e+00 -4.87864026226356e+01 
2.43079561947486e+00 3.09832039489101e+00 -4.95621769853477e+01 
2.43534767119673e+00 3.11099979829451e+00 -5.03500700390737e+01 
2.43989972291859e+00 3.12368808192972e+00 -5.11502666724591e+01 
2.44445177464045e+00 3.13638220479832e+00 -5.19629533919708e+01 
2.44900382636232e+00 3.14907900213049e+00 -5.27883182548766e+01 
2.45355587808418e+00 3.16177518181672e+00 -5.36265507966827e+01 
2.45810792980604e+00 3.17446732078274e+00 -5.44778419527859e+01 
2.46265998152791e+00 3.18715186130917e+00 -5.53423839740812e+01 
2.46721203324977e+00 3.19982510729896e+00 -5.62203703362794e+01 
2.47176408497163e+00 3.21248322049456e+00 -5.71119956426554e+01 
2.47631613669349e+00 3.22512221664833e+00 -5.80174555199726e+01 
2.48086818841536e+00 3.23773796164918e+00 -5.89369465073020e+01 
2.48542024013722e+00 3.25032616760908e+00 -5.98706659374647e+01 
2.48997229185908e+00 3.26288238891350e+00 -6.08188118108107e+01 
2.49452434358095e+00 3.27540201823988e+00 -6.17815826610551e+01 
2.49907639530281e+00 3.28788028254918e+00 -6.27591774128821e+01 
2.50362844702467e+00 3.30031223905506e+00 -6.37517952310250e+01 
2.50818049874654e+00 3.31269277117685e+00 -6.47596353605381e+01 
2.51273255046840e+00 3.32501658448168e+00 -6.57828969579599e+01 
2.51728460219026e+00 3.33727820262241e+00 -6.68217789130834e+01 
2.52183665391213e+00 3.34947196327834e+00 -6.78764796610379e+01 
2.52638870563399e+00 3.36159201410562e+00 -6.89471969843932e+01 
2.53094075735585e+00 3.37363230870569e+00 -7.00341278050024e+01 
2.53549280907771e+00 3.38558660261962e+00 -7.11374679652947e+01 
2.54004486079958e+00 3.39744844935763e+00 -7.22574119987490e+01 
2.54459691252144e+00 3.40921119647288e+00 -7.33941528892648e+01 
2.54914896424330e+00 3.42086798168966e+00 -7.45478818191750e+01 
2.55370101596517e+00 3.43241172909644e+00 -7.57187879056422e+01 
2.55825306768703e+00 3.44383514541502e+00 -7.69070579251896e+01 
2.56280511940889e+00 3.45513071635727e+00 -7.81128760261360e+01 
2.56735717113076e+00 3.46629070308194e+00 -7.93364234287155e+01 
2.57190922285262e+00 3.47730713876437e+00 -8.05778781126702e+01 
2.57646127457448e+00 3.48817182529260e+00 -8.18374144921340e+01 
2.58101332629635e+00 3.49887633010402e+00 -8.31152030776379e+01 
2.58556537801821e+00 3.50941198317731e+00 -8.44114101250777e+01 
2.59011742974007e+00 3.51976987419500e+00 -8.57261972715321e+01 
2.59466948146193e+00 3.52994084989265e+00 -8.70597211578182e+01 
2.59922153318380e+00 3.53991551161119e+00 -8.84121330377155e+01 
2.60377358490566e+00 3.54968421306940e+00 -8.97835783738082e+01 
2.60832563662752e+00 3.55923705837475e+00 -9.11741964199389e+01 
2.61287768834939e+00 3.56856390029025e+00 -9.25841197902845e+01 
2.61742974007125e+00 3.57765433877673e+00 -9.40134740151181e+01 
2.62198179179311e+00 3.58649771982948e+00 -9.54623770833434e+01 
2.62653384351498e+00 3.59508313462940e+00 -9.69309389719444e+01 
2.63108589523684e+00 3.60339941902884e+00 -9.84192611625216e+01 
2.63563794695870e+00 3.61143515339287e+00 -9.99274361451483e+01 
2.64018999868056e+00 3.61917866281724e+00 -1.01455546909810e+02 
2.64474205040243e+00 3.62661801774423e+00 -1.03003666425755e+02 
2.64929410212429e+00 3.63374103499857e+00 -1.04571857109137e+02 
2.65384615384615e+00 3.64053527926496e+00 -1.06160170279374e+02 
2.65839820556802e+00 3.64698806502976e+00 -1.07768645604718e+02 
2.66295025728988e+00 3.65308645900899e+00 -1.09397310537586e+02 
2.66750230901174e+00 3.65881728308484e+00 -1.11046179740258e+02 
2.67205436073361e+00 3.66416711777329e+00 -1.12715254501633e+02 
2.67660641245547e+00 3.66912230624485e+00 -1.14404522145766e+02 
2.68115846417733e+00 3.67366895892038e+00 -1.16113955433004e+02 
2.68571051589920e+00 3.67779295866386e+00 -1.17843511954606e+02 
2.69026256762106e+00 3.68147996659343e+00 -1.19593133521787e+02 
2.69481461934292e+00 3.68471542853140e+00 -1.21362745550211e+02 
2.69936667106478e+00 3.68748458211364e+00 -1.23152256441017e+02 
2.70391872278665e+00 3.68977246457801e+00 -1.24961556959563e+02 
2.70847077450851e+00 3.69156392125040e+00 -1.26790519613111e+02 
2.71302282623037e+00 3.69284361474649e+00 -1.28638998028767e+02 
2.71757487795224e+00 3.69359603490583e+00 -1.30506826333066e+02 
2.72212692967410e+00 3.69380550947405e+00 -1.32393818534666e+02 
2.72667898139596e+00 3.69345621554761e+00 -1.34299767911665e+02 
2.73123103311783e+00 3.69253219179391e+00 -1.36224446405149e+02 
2.73578308483969e+00 3.69101735145835e+00 -1.38167604020646e+02 
2.74033513656155e+00 3.68889549616805e+00 -1.40128968239210e+02 
2.74488718828341e+00 3.68615033054005e+00 -1.42108243439921e+02 
2.74943924000528e+00 3.68276547760044e+00 -1.44105110335695e+02 
2.75399129172714e+00 3.67872449501795e+00 -1.46119225424276e+02 
2.75854334344900e+00 3.67401089215405e+00 -1.48150220456404e+02 
2.76309539517087e+00 3.66860814792916e+00 -1.50197701923171e+02 
2.76764744689273e+00 3.66249972950189e+00 -1.52261250564616e+02 
2.77219949861459e+00 3.65566911175597e+00 -1.54340420901663e+02 
2.77675155033646e+00 3.64809979758692e+00 -1.56434740793540e+02 
2.78130360205832e+00 3.63977533897739e+00 -1.58543711022819e+02 
2.78585565378018e+00 3.63067935884795e+00 -1.60666804910278e+02 
2.79040770550204e+00 3.62079557366616e+00 -1.62803467961742e+02 
2.79495975722391e+00 3.61010781679524e+00 -1.64953117549146e+02 
2.79951180894577e+00 3.59860006255871e+00 -1.67115142627963e+02 
2.80406386066763e+00 3.58625645099609e+00 -1.69288903493211e+02 
2.80861591238950e+00 3.57306131328038e+00 -1.71473731576207e+02 
2.81316796411136e+00 3.55899919776502e+00 -1.73668929284169e+02 
2.81772001583322e+00 3.54405489662541e+00 -1.75873769884804e+02 
2.82227206755509e+00 3.52821347305607e+00 -1.78087497437920e+02 
2.82682411927695e+00 3.51146028898170e+00 -1.80309326776042e+02 
2.83137617099881e+00 3.49378103323714e+00 -1.82538443535999e+02 
2.83592822272068e+00 3.47516175016799e+00 -1.84774004243298e+02 
2.84048027444254e+00 3.45558886860061e+00 -1.87015136451099e+02 
2.84503232616440e+00 3.43504923112698e+00 -1.89260938935423e+02 
2.84958437788626e+00 3.41353012364727e+00 -1.91510481948208e+02 
2.85413642960813e+00 3.39101930510953e+00 -1.93762807529641e+02 
2.85868848132999e+00 3.36750503738398e+00 -1.96016929881114e+02 
2.86324053305185e+00 3.34297611520581e+00 -1.98271835800008e+02 
2.86779258477372e+00 3.31742189611867e+00 -2.00526485177359e+02 
2.87234463649558e+00 3.29083233034813e+00 -2.02779811559312e+02 
2.87689668821744e+00 3.26319799053312e+00 -2.05030722773135e+02 
2.88144873993931e+00 3.23451010123994e+00 -2.07278101618348e+02 
2.88600079166117e+00 3.20476056818342e+00 -2.09520806623407e+02 
2.89055284338303e+00 3.17394200707693e+00 -2.11757672868138e+02 
2.89510489510489e+00 3.14204777203242e+00 -2.13987512872008e+02 
2.89965694682676e+00 3.10907198343026e+00 -2.16209117548034e+02 
2.90420899854862e+00 3.07500955517807e+00 -2.18421257222021e+02 
2.90876105027048e+00 3.03985622127706e+00 -2.20622682716553e+02 
2.91331310199235e+00 3.00360856161439e+00 -2.22812126498998e+02 
2.91786515371421e+00 2.96626402689971e+00 -2.24988303892537e+02 
2.92241720543607e+00 2.92782096266489e+00 -2.27149914349084e+02 
2.92696925715794e+00 2.88827863224622e+00 -2.29295642782665e+02 
2.93152130887980e+00 2.84763723866915e+00 -2.31424160961676e+02 
2.93607336060166e+00 2.80589794535757e+00 -2.33534128958232e+02 
2.94062541232353e+00 2.76306289559031e+00 -2.35624196652539e+02 
2.94517746404539e+00 2.71913523062990e+00 -2.37693005290119e+02 
2.94972951576725e+00 2.67411910645077e+00 -2.39739189089404e+02 
2.95428156748911e+00 2.62801970899616e+00 -2.41761376897107e+02 
2.95883361921098e+00 2.58084326789621e+00 -2.43758193888538e+02 
2.96338567093284e+00 2.53259706858219e+00 -2.45728263309822e+02 
2.96793772265470e+00 2.48328946273574e+00 -2.47670208258874e+02 
2.97248977437657e+00 2.43292987701499e+00 -2.49582653501705e+02 
2.97704182609843e+00 2.38152882000366e+00 -2.51464227320582e+02 
2.98159387782029e+00 2.32909788733298e+00 -2.53313563390282e+02 
2.98614592954216e+00 2.27564976493118e+00 -2.55129302678671e+02 
2.99069798126402e+00 2.22119823035888e+00 -2.56910095367575e+02 
2.99525003298588e+00 2.16575815219456e+00 -2.58654602789866e+02 
2.99980208470775e+00 2.10934548743832e+00 -2.60361499378565e+02 
3.00435413642961e+00 2.05197727690794e+00 -2.62029474623615e+02 
3.00890618815147e+00 1.99367163860590e+00 -2.63657235031946e+02 
3.01345823987333e+00 1.93444775904205e+00 -2.65243506086350e+02 
3.01801029159520e+00 1.87432588250174e+00 -2.66787034198639e+02 
3.02256234331706e+00 1.81332729825495e+00 -2.68286588652481e+02 
3.02711439503892e+00 1.75147432570784e+00 -2.69740963531345e+02 
3.03166644676079e+00 1.68879029750358e+00 -2.71148979626877e+02 
3.03621849848265e+00 1.62529954058555e+00 -2.72509486323121e+02 
3.04077055020451e+00 1.56102735524158e+00 -2.73821363451953e+02 
3.04532260192638e+00 1.49599999215359e+00 -2.75083523115124e+02 
3.04987465364824e+00 1.43024462748324e+00 -2.76294911468407e+02 
3.05442670537010e+00 1.36378933602943e+00 -2.77454510463340e+02 
3.05897875709196e+00 1.29666306249966e+00 -2.78561339542155e+02 
3.06353080881383e+00 1.22889559094235e+00 -2.79614457281591e+02 
3.06808286053569e+00 1.16051751239332e+00 -2.80612962981369e+02 
3.07263491225755e+00 1.09156019079429e+00 -2.81555998193209e+02 
3.07718696397942e+00 1.02205572724705e+00 -2.82442748186467e+02 
3.08173901570128e+00 9.52036922671644e-01 -2.83272443346532e+02 
3.08629106742314e+00 8.81537238941932e-01 -2.84044360502329e+02 
3.09084311914501e+00 8.10590758576351e-01 -2.84757824179458e+02 
3.09539517086687e+00 7.39232143066349e-01 -2.85412207775630e+02 
3.09994722258873e+00 6.67496589928975e-01 -2.86006934655303e+02 
3.10449927431059e+00 5.95419788573952e-01 -2.86541479160598e+02 
3.10905132603246e+00 5.23037875079607e-01 -2.87015367535805e+02 
3.11360337775432e+00 4.50387385974800e-01 -2.87428178763002e+02 
3.11815542947618e+00 3.77505211127649e-01 -2.87779545306557e+02 
3.12270748119805e+00 3.04428545844234e-01 -2.88069153764483e+02 
3.12725953291991e+00 2.31194842283147e-01 -2.88296745424952e+02 
3.13181158464177e+00 1.57841760293552e-01 -2.88462116726388e+02 
3.13636363636364e+00 8.44071177867230e-02 -2.88565119619974e+02 
