Data Format: k_val_normalized w_real_normalized w_imag 
num_pts 940 
0.00000000000000e+00 2.47691589161609e-16 1.59739988618613e-14 
3.33688320908768e-03 3.33688320908764e-03 4.19658590872746e-15 
6.67376641817536e-03 6.67376641817542e-03 2.16943268509715e-14 
1.00106496272630e-02 1.00106496272630e-02 2.49860562951403e-14 
1.33475328363507e-02 1.33475328363506e-02 1.69013604213938e-14 
1.66844160454384e-02 1.66844160454386e-02 1.22022486599591e-14 
2.00212992545261e-02 2.00212992545260e-02 -9.47034598322151e-15 
2.33581824636138e-02 2.33581824636138e-02 -2.43997341221010e-14 
2.66950656727015e-02 2.66950656727014e-02 3.87460062548965e-14 
3.00319488817891e-02 3.00319488817891e-02 1.04998843591426e-14 
3.33688320908768e-02 3.33688320908770e-02 -1.85160630330028e-14 
3.67057152999645e-02 3.67057152999644e-02 2.68458532637568e-14 
4.00425985090522e-02 4.00425985090524e-02 -2.96206839503753e-15 
4.33794817181399e-02 4.33794817181400e-02 1.13674291038317e-15 
4.67163649272275e-02 4.67163649272276e-02 2.88157503089006e-14 
5.00532481363152e-02 5.00532481363154e-02 -2.28041216133581e-15 
5.33901313454029e-02 5.33901313454028e-02 1.60346018923963e-14 
5.67270145544906e-02 5.67270145544906e-02 5.38082868972958e-15 
6.00638977635783e-02 6.00638977635779e-02 1.78298977686023e-15 
6.34007809726660e-02 6.34007809726658e-02 3.94909587581712e-15 
6.67376641817536e-02 6.67376641817526e-02 1.40162296185048e-14 
7.00745473908413e-02 7.00745473908399e-02 1.36006615346752e-14 
7.34114305999290e-02 7.34114305999266e-02 2.13576442547665e-14 
7.67483138090167e-02 7.67483138090131e-02 8.83034132382965e-15 
8.00851970181044e-02 8.00851970180992e-02 1.67180032063052e-14 
8.34220802271921e-02 8.34220802271847e-02 1.24945494082109e-14 
8.67589634362797e-02 8.67589634362693e-02 1.20283510923068e-14 
9.00958466453674e-02 9.00958466453530e-02 -8.58878491167324e-15 
9.34327298544551e-02 9.34327298544344e-02 2.70663048680307e-14 
9.67696130635428e-02 9.67696130635153e-02 -1.44291183373416e-14 
1.00106496272630e-01 1.00106496272592e-01 -1.74483412760151e-15 
1.03443379481718e-01 1.03443379481667e-01 -2.31108955179140e-15 
1.06780262690806e-01 1.06780262690738e-01 -2.93866895251094e-15 
1.10117145899894e-01 1.10117145899804e-01 -4.12725494352024e-14 
1.13454029108981e-01 1.13454029108864e-01 -4.61817245241701e-14 
1.16790912318069e-01 1.16790912317916e-01 -5.33815831566688e-14 
1.20127795527157e-01 1.20127795526960e-01 -1.36275776735774e-13 
1.23464678736244e-01 1.23464678735992e-01 -1.57275682836162e-13 
1.26801561945332e-01 1.26801561945011e-01 -2.14152960406269e-13 
1.30138445154420e-01 1.30138445154015e-01 -2.88695052327293e-13 
1.33475328363507e-01 1.33475328362998e-01 -3.75183633666136e-13 
1.36812211572595e-01 1.36812211571959e-01 -4.92609948608643e-13 
1.40149094781683e-01 1.40149094780892e-01 -6.58264959688407e-13 
1.43485977990770e-01 1.43485977989793e-01 -8.18125839826523e-13 
1.46822861199858e-01 1.46822861198655e-01 -1.05099910313028e-12 
1.50159744408946e-01 1.50159744407472e-01 -1.34429293637745e-12 
1.53496627618033e-01 1.53496627616236e-01 -1.69813835734062e-12 
1.56833510827121e-01 1.56833510824939e-01 -2.12568821921194e-12 
1.60170394036209e-01 1.60170394033570e-01 -2.64080241112602e-12 
1.63507277245296e-01 1.63507277242118e-01 -3.29661904586297e-12 
1.66844160454384e-01 1.66844160450570e-01 -4.07954970149477e-12 
1.70181043663472e-01 1.70181043658911e-01 -5.04283256182970e-12 
1.73517926872559e-01 1.73517926867125e-01 -6.16087664150884e-12 
1.76854810081647e-01 1.76854810075192e-01 -7.52378590603810e-12 
1.80191693290735e-01 1.80191693283094e-01 -9.14977873415034e-12 
1.83528576499823e-01 1.83528576490805e-01 -1.10820730496339e-11 
1.86865459708910e-01 1.86865459698300e-01 -1.34223872338829e-11 
1.90202342917998e-01 1.90202342905549e-01 -1.61556285687855e-11 
1.93539226127086e-01 1.93539226112520e-01 -1.93823710057114e-11 
1.96876109336173e-01 1.96876109319177e-01 -2.31836543573817e-11 
2.00212992545261e-01 2.00212992525480e-01 -2.76359749580212e-11 
2.03549875754349e-01 2.03549875731383e-01 -3.28548169287385e-11 
2.06886758963436e-01 2.06886758936839e-01 -3.89188398511991e-11 
2.10223642172524e-01 2.10223642141794e-01 -4.59942506081025e-11 
2.13560525381612e-01 2.13560525346185e-01 -5.41873601050744e-11 
2.16897408590699e-01 2.16897408549949e-01 -6.36419079004996e-11 
2.20234291799787e-01 2.20234291753013e-01 -7.45939947606742e-11 
2.23571175008875e-01 2.23571174955300e-01 -8.71569763530650e-11 
2.26908058217962e-01 2.26908058156719e-01 -1.01564386936695e-10 
2.30244941427050e-01 2.30244941357177e-01 -1.18043543443007e-10 
2.33581824636138e-01 2.33581824556571e-01 -1.36839968411292e-10 
2.36918707845225e-01 2.36918707754786e-01 -1.58272206504633e-10 
2.40255591054313e-01 2.40255590951700e-01 -1.82613182663823e-10 
2.43592474263401e-01 2.43592474147179e-01 -2.10186478450357e-10 
2.46929357472488e-01 2.46929357341076e-01 -2.41317340437987e-10 
2.50266240681576e-01 2.50266240533231e-01 -2.76487191925406e-10 
2.53603123890664e-01 2.53603123723474e-01 -3.16016451267576e-10 
2.56940007099752e-01 2.56940006911617e-01 -3.60388203296574e-10 
2.60276890308839e-01 2.60276890097459e-01 -4.10141007819325e-10 
2.63613773517927e-01 2.63613773280780e-01 -4.65683329747337e-10 
2.66950656727015e-01 2.66950656461346e-01 -5.27621331957121e-10 
2.70287539936102e-01 2.70287539638901e-01 -5.96560521483166e-10 
2.73624423145190e-01 2.73624422813169e-01 -6.73031551051354e-10 
2.76961306354278e-01 2.76961305983855e-01 -7.57785644249635e-10 
2.80298189563365e-01 2.80298189150640e-01 -8.51499958312370e-10 
2.83635072772453e-01 2.83635072313180e-01 -9.54800123647813e-10 
2.86971955981541e-01 2.86971955471107e-01 -1.06850982166391e-09 
2.90308839190628e-01 2.90308838624024e-01 -1.19345247549245e-09 
2.93645722399716e-01 2.93645721771506e-01 -1.33027776119382e-09 
2.96982605608804e-01 2.96982604913097e-01 -1.47993863626926e-09 
3.00319488817891e-01 3.00319488048307e-01 -1.64317006157076e-09 
3.03656372026979e-01 3.03656371176613e-01 -1.82095584191416e-09 
3.06993255236067e-01 3.06993254297455e-01 -2.01408762529430e-09 
3.10330138445154e-01 3.10330137410231e-01 -2.22345553051755e-09 
3.13667021654242e-01 3.13667020514302e-01 -2.44991806185606e-09 
3.17003904863330e-01 3.17003903608981e-01 -2.69435049787791e-09 
3.20340788072418e-01 3.20340786693536e-01 -2.95756875029603e-09 
3.23677671281505e-01 3.23677669767187e-01 -3.24031474535509e-09 
3.27014554490593e-01 3.27014552829101e-01 -3.54347008072652e-09 
3.30351437699681e-01 3.30351435878390e-01 -3.86770982630371e-09 
3.33688320908768e-01 3.33688318914104e-01 -4.21362959612290e-09 
3.37025204117856e-01 3.37025201935239e-01 -4.58191908201924e-09 
3.40362087326944e-01 3.40362084940719e-01 -4.97292040624448e-09 
3.43698970536031e-01 3.43698967929401e-01 -5.38705607150868e-09 
3.47035853745119e-01 3.47035850900068e-01 -5.82466934287573e-09 
3.50372736954207e-01 3.50372733851432e-01 -6.28577581485606e-09 
3.53709620163294e-01 3.53709616782116e-01 -6.77033640483912e-09 
3.57046503372382e-01 3.57046499690658e-01 -7.27818657571095e-09 
3.60383386581470e-01 3.60383382575512e-01 -7.80885766466259e-09 
3.63720269790557e-01 3.63720265435030e-01 -8.36181372523686e-09 
3.67057152999645e-01 3.67057148267464e-01 -8.93608880934770e-09 
3.70394036208733e-01 3.70394031070963e-01 -9.53066942883525e-09 
3.73730919417820e-01 3.73730913843559e-01 -1.01441387729366e-08 
3.77067802626908e-01 3.77067796583169e-01 -1.07748737913147e-08 
3.80404685835996e-01 3.80404679287584e-01 -1.14208562934469e-08 
3.83741569045083e-01 3.83741561954464e-01 -1.20798445229779e-08 
3.87078452254171e-01 3.87078444581331e-01 -1.27492486259475e-08 
3.90415335463259e-01 3.90415327165559e-01 -1.34259912087697e-08 
3.93752218672346e-01 3.93752209704373e-01 -1.41068636068134e-08 
3.97089101881434e-01 3.97089092194831e-01 -1.47880957892298e-08 
4.00425985090522e-01 4.00425974633824e-01 -1.54656110740763e-08 
4.03762868299610e-01 4.03762857018065e-01 -1.61349642247684e-08 
4.07099751508697e-01 4.07099739344078e-01 -1.67914253811412e-08 
4.10436634717785e-01 4.10436621608190e-01 -1.74296726224930e-08 
4.13773517926873e-01 4.13773503806519e-01 -1.80442790440628e-08 
4.17110401135960e-01 4.17110385934969e-01 -1.86292756257563e-08 
4.20447284345048e-01 4.20447267989210e-01 -1.91785700319221e-08 
4.23784167554136e-01 4.23784149964678e-01 -1.96856392963611e-08 
4.27121050763223e-01 4.27121031856552e-01 -2.01438447731388e-08 
4.30457933972311e-01 4.30457913659751e-01 -2.05462905693746e-08 
4.33794817181399e-01 4.33794795368915e-01 -2.08859820736215e-08 
4.37131700390486e-01 4.37131676978396e-01 -2.11558950194057e-08 
4.40468583599574e-01 4.40468558482245e-01 -2.13490045434224e-08 
4.43805466808662e-01 4.43805439874191e-01 -2.14584090657503e-08 
4.47142350017749e-01 4.47142321147636e-01 -2.14774801017381e-08 
4.50479233226837e-01 4.50479202295633e-01 -2.13999759711192e-08 
4.53816116435925e-01 4.53816083310874e-01 -2.12199486772367e-08 
4.57152999645012e-01 4.57152964185671e-01 -2.09323488984525e-08 
4.60489882854100e-01 4.60489844911946e-01 -2.05327958150262e-08 
4.63826766063188e-01 4.63826725481207e-01 -2.00179697704393e-08 
4.67163649272275e-01 4.67163605884533e-01 -1.93857131441439e-08 
4.70500532481363e-01 4.70500486112557e-01 -1.86352849861659e-08 
4.73837415690451e-01 4.73837366155448e-01 -1.77676576191906e-08 
4.77174298899539e-01 4.77174246002891e-01 -1.67857383510666e-08 
4.80511182108626e-01 4.80511125644070e-01 -1.56945925773906e-08 
4.83848065317714e-01 4.83848005067645e-01 -1.45018639319096e-08 
4.87184948526802e-01 4.87184884261735e-01 -1.32179921107879e-08 
4.90521831735889e-01 4.90521763213896e-01 -1.18566176720673e-08 
4.93858714944977e-01 4.93858641911100e-01 -1.04349185582646e-08 
4.97195598154065e-01 4.97195520339719e-01 -8.97401821703773e-09 
5.00532481363152e-01 5.00532398485493e-01 -7.49941346208984e-09 
5.03869364572240e-01 5.03869276333519e-01 -6.04138290160916e-09 
5.07206247781328e-01 5.07206153868224e-01 -4.63534584409203e-09 
5.10543130990415e-01 5.10543031073340e-01 -3.32249988523288e-09 
5.13880014199503e-01 5.13879907931887e-01 -2.15017207117400e-09 
5.17216897408591e-01 5.17216784426148e-01 -1.17241360759915e-09 
5.20553780617678e-01 5.20553660537644e-01 -4.50406507723742e-10 
5.23890663826766e-01 5.23890536247112e-01 -5.30820320396652e-11 
5.27227547035854e-01 5.27227411534482e-01 -5.77104528282910e-11 
5.30564430244941e-01 5.30564286378854e-01 -5.50246035339492e-10 
5.33901313454029e-01 5.33901160758471e-01 -1.62607584839259e-09 
5.37238196663117e-01 5.37238034650701e-01 -3.39064262563262e-09 
5.40575079872205e-01 5.40574908032005e-01 -5.95968559734923e-09 
5.43911963081292e-01 5.43911780877920e-01 -9.46009792315722e-09 
5.47248846290380e-01 5.47248653163030e-01 -1.40304161799887e-08 
5.50585729499467e-01 5.50585524860945e-01 -1.98212509713252e-08 
5.53922612708555e-01 5.53922395944275e-01 -2.69959445585719e-08 
5.57259495917643e-01 5.57259266384605e-01 -3.57309819826941e-08 
5.60596379126731e-01 5.60596136152472e-01 -4.62165838449184e-08 
5.63933262335818e-01 5.63933005217338e-01 -5.86569645505683e-08 
5.67270145544906e-01 5.67269873547569e-01 -7.32709579508981e-08 
5.70607028753994e-01 5.70606741110405e-01 -9.02922329386337e-08 
5.73943911963081e-01 5.73943607871937e-01 -1.09969758710987e-07 
5.77280795172169e-01 5.77280473797085e-01 -1.32567907796117e-07 
5.80617678381257e-01 5.80617338849567e-01 -1.58366783916486e-07 
5.83954561590344e-01 5.83954202991876e-01 -1.87662366796239e-07 
5.87291444799432e-01 5.87291066185250e-01 -2.20766452599053e-07 
5.90628328008520e-01 5.90627928389653e-01 -2.58006719471823e-07 
5.93965211217607e-01 5.93964789563735e-01 -2.99726648080190e-07 
5.97302094426695e-01 5.97301649664818e-01 -3.46285258036238e-07 
6.00638977635783e-01 6.00638508648855e-01 -3.98056722120352e-07 
6.03975860844871e-01 6.03975366470406e-01 -4.55430056108168e-07 
6.07312744053958e-01 6.07312223082607e-01 -5.18808482110107e-07 
6.10649627263046e-01 6.10649078437134e-01 -5.88608763531443e-07 
6.13986510472133e-01 6.13985932484173e-01 -6.65260391546587e-07 
6.17323393681221e-01 6.17322785172382e-01 -7.49204546263645e-07 
6.20660276890309e-01 6.20659636448858e-01 -8.40893063229896e-07 
6.23997160099397e-01 6.23996486259090e-01 -9.40787084764135e-07 
6.27334043308484e-01 6.27333334546929e-01 -1.04935563290686e-06 
6.30670926517572e-01 6.30670181254528e-01 -1.16707397635898e-06 
6.34007809726660e-01 6.34007026322316e-01 -1.29442179946529e-06 
6.37344692935747e-01 6.37343869688928e-01 -1.43188133636625e-06 
6.40681576144835e-01 6.40680711291167e-01 -1.57993499362826e-06 
6.44018459353923e-01 6.44017551063938e-01 -1.73906317229438e-06 
6.47355342563010e-01 6.47354388940190e-01 -1.90974159780070e-06 
6.50692225772098e-01 6.50691224850853e-01 -2.09243869446043e-06 
6.54029108981186e-01 6.54028058724769e-01 -2.28761243347479e-06 
6.57365992190273e-01 6.57364890488609e-01 -2.49570740807129e-06 
6.60702875399361e-01 6.60701720066800e-01 -2.71715136957272e-06 
6.64039758608449e-01 6.64038547381438e-01 -2.95235179672681e-06 
6.67376641817536e-01 6.67375372352197e-01 -3.20169198917861e-06 
6.70713525026624e-01 6.70712194896220e-01 -3.46552746936251e-06 
6.74050408235712e-01 6.74049014928024e-01 -3.74418166609982e-06 
6.77387291444799e-01 6.77385832359382e-01 -4.03794196393191e-06 
6.80724174653887e-01 6.80722647099199e-01 -4.34705494858814e-06 
6.84061057862975e-01 6.84059459053380e-01 -4.67172226046250e-06 
6.87397941072062e-01 6.87396268124696e-01 -5.01209599298000e-06 
6.90734824281150e-01 6.90733074212631e-01 -5.36827356063473e-06 
6.94071707490238e-01 6.94069877213224e-01 -5.74029339113311e-06 
6.97408590699326e-01 6.97406677018900e-01 -6.12812959775930e-06 
7.00745473908413e-01 7.00743473518287e-01 -6.53168746146206e-06 
7.04082357117501e-01 7.04080266596029e-01 -6.95079836061202e-06 
7.07419240326589e-01 7.07417056132580e-01 -7.38521486052694e-06 
7.10756123535676e-01 7.10753842003993e-01 -7.83460580586062e-06 
7.14093006744764e-01 7.14090624081687e-01 -8.29855165694749e-06 
7.17429889953852e-01 7.17427402232209e-01 -8.77654003012918e-06 
7.20766773162939e-01 7.20764176316981e-01 -9.26796087481838e-06 
7.24103656372027e-01 7.24100946192033e-01 -9.77210239008464e-06 
7.27440539581115e-01 7.27437711707728e-01 -1.02881470358255e-05 
7.30777422790202e-01 7.30774472708452e-01 -1.08151676822974e-05 
7.34114305999290e-01 7.34111229032322e-01 -1.13521244020285e-05 
7.37451189208378e-01 7.37447980510857e-01 -1.18978611795523e-05 
7.40788072417465e-01 7.40784726968629e-01 -1.24511036786888e-05 
7.44124955626553e-01 7.44121468222934e-01 -1.30104569615741e-05 
7.47461838835641e-01 7.47458204083410e-01 -1.35744041380739e-05 
7.50798722044728e-01 7.50794934351651e-01 -1.41413053439470e-05 
7.54135605253816e-01 7.54131658820832e-01 -1.47093977528297e-05 
7.57472488462904e-01 7.57468377275276e-01 -1.52767956348222e-05 
7.60809371671991e-01 7.60805089490050e-01 -1.58414923428769e-05 
7.64146254881079e-01 7.64141795230516e-01 -1.64013619306849e-05 
7.67483138090167e-01 7.67478494251890e-01 -1.69541625323224e-05 
7.70820021299255e-01 7.70815186298775e-01 -1.74975404562606e-05 
7.74156904508342e-01 7.74151871104686e-01 -1.80290352412608e-05 
7.77493787717430e-01 7.77488548391575e-01 -1.85460859770377e-05 
7.80830670926518e-01 7.80825217869314e-01 -1.90460388031272e-05 
7.84167554135605e-01 7.84161879235214e-01 -1.95261552956345e-05 
7.87504437344693e-01 7.87498532173494e-01 -1.99836228710506e-05 
7.90841320553781e-01 7.90835176354774e-01 -2.04155659888614e-05 
7.94178203762868e-01 7.94171811435534e-01 -2.08190587024689e-05 
7.97515086971956e-01 7.97508437057587e-01 -2.11911389871938e-05 
8.00851970181044e-01 8.00845052847547e-01 -2.15288245547996e-05 
8.04188853390131e-01 8.04181658416289e-01 -2.18291301034705e-05 
8.07525736599219e-01 8.07518253358402e-01 -2.20890860190118e-05 
8.10862619808307e-01 8.10854837251663e-01 -2.23057591135937e-05 
8.14199503017395e-01 8.14191409656495e-01 -2.24762746950970e-05 
8.17536386226482e-01 8.17527970115446e-01 -2.25978402732001e-05 
8.20873269435570e-01 8.20864518152651e-01 -2.26677715170783e-05 
8.24210152644657e-01 8.24201053273335e-01 -2.26835189223900e-05 
8.27547035853745e-01 8.27537574963297e-01 -2.26426972159272e-05 
8.30883919062833e-01 8.30874082688431e-01 -2.25431158501095e-05 
8.34220802271921e-01 8.34210575894238e-01 -2.23828113626932e-05 
8.37557685481008e-01 8.37547054005389e-01 -2.21600812469812e-05 
8.40894568690096e-01 8.40883516425267e-01 -2.18735196376125e-05 
8.44231451899184e-01 8.44219962535576e-01 -2.15220545486706e-05 
8.47568335108271e-01 8.47556391695936e-01 -2.11049863002063e-05 
8.50905218317359e-01 8.50892803243534e-01 -2.06220275973812e-05 
8.54242101526447e-01 8.54229196492786e-01 -2.00733451795843e-05 
8.57578984735534e-01 8.57565570735051e-01 -1.94596022584273e-05 
8.60915867944622e-01 8.60901925238363e-01 -1.87820023211116e-05 
8.64252751153710e-01 8.64238259247204e-01 -1.80423338516391e-05 
8.67589634362797e-01 8.67574571982330e-01 -1.72430159854521e-05 
8.70926517571885e-01 8.70910862640629e-01 -1.63871447654404e-05 
8.74263400780973e-01 8.74247130395024e-01 -1.54785399957369e-05 
8.77600283990060e-01 8.77583374394427e-01 -1.45217922816581e-05 
8.80937167199148e-01 8.80919593763735e-01 -1.35223103938003e-05 
8.84274050408236e-01 8.84255787603898e-01 -1.24863684005522e-05 
8.87610933617323e-01 8.87591954992010e-01 -1.14211524866008e-05 
8.90947816826411e-01 8.90928094981476e-01 -1.03348071919926e-05 
8.94284700035499e-01 8.94264206602235e-01 -9.23648072629855e-06 
8.97621583244586e-01 8.97600288861029e-01 -8.13636938615805e-06 
9.00958466453674e-01 9.00936340741734e-01 -7.04576010839181e-06 
9.04295349662762e-01 9.04272361205760e-01 -5.97707181634663e-06 
9.07632232871849e-01 9.07608349192496e-01 -4.94389424325581e-06 
9.10969116080937e-01 9.10944303619829e-01 -3.96102430394919e-06 
9.14305999290025e-01 9.14280223384703e-01 -3.04450021624683e-06 
9.17642882499113e-01 9.17616107363755e-01 -2.21163185018645e-06 
9.20979765708200e-01 9.20951954414006e-01 -1.48102802890744e-06 
9.24316648917288e-01 9.24287763373591e-01 -8.72619444349939e-07 
9.27653532126376e-01 9.27623533062566e-01 -4.07677851646683e-07 
9.30990415335463e-01 9.30959262283743e-01 -1.08830146274173e-07 
9.34327298544551e-01 9.34294949823606e-01 -6.72445746830152e-11 
9.37664181753639e-01 9.37630594453229e-01 -1.06747579719091e-07 
9.41001064962726e-01 9.40966194929275e-01 -4.55595064361402e-07 
9.44337948171814e-01 9.44301749995015e-01 -1.07468980220365e-06 
9.47674831380902e-01 9.47637258381364e-01 -1.99345253835812e-06 
9.51011714589989e-01 9.50972718807979e-01 -3.24262194851732e-06 
9.54348597799077e-01 9.54308129984340e-01 -4.85422418168549e-06 
9.57685481008165e-01 9.57643490610862e-01 -6.86153414958253e-06 
9.61022364217252e-01 9.60978799380015e-01 -9.29902892902998e-06 
9.64359247426340e-01 9.64314054977440e-01 -1.22023319855001e-05 
9.67696130635428e-01 9.67649256083024e-01 -1.56081479060722e-05 
9.71033013844515e-01 9.70984401372015e-01 -1.95541888909487e-05 
9.74369897053603e-01 9.74319489516037e-01 -2.40790898683993e-05 
9.77706780262691e-01 9.77654519184113e-01 -2.92223144232469e-05 
9.81043663471779e-01 9.80989489043605e-01 -3.50240503864582e-05 
9.84380546680866e-01 9.84324397761107e-01 -4.15250940380733e-05 
9.87717429889954e-01 9.87659244003238e-01 -4.87667244850397e-05 
9.91054313099042e-01 9.90994026437369e-01 -5.67905660994746e-05 
9.94391196308129e-01 9.94328743732224e-01 -6.56384407524677e-05 
9.97728079517217e-01 9.97663394558366e-01 -7.53522077678528e-05 
1.00106496272630e+00 1.00099797758854e+00 -8.59735937680491e-05 
1.00440184593539e+00 1.00433249149789e+00 -9.75440104020512e-05 
1.00773872914448e+00 1.00766693496395e+00 -1.10104361602219e-04 
1.01107561235357e+00 1.01100130666655e+00 -1.23694839088928e-04 
1.01441249556266e+00 1.01433560528740e+00 -1.38354707954645e-04 
1.01774937877174e+00 1.01766982950954e+00 -1.54122080936406e-04 
1.02108626198083e+00 1.02100397801654e+00 -1.71033682922700e-04 
1.02442314518992e+00 1.02433804949140e+00 -1.89124605464768e-04 
1.02776002839901e+00 1.02767204261525e+00 -2.08428051800870e-04 
1.03109691160809e+00 1.03100595606568e+00 -2.28975073456677e-04 
1.03443379481718e+00 1.03433978851482e+00 -2.50794298274842e-04 
1.03777067802627e+00 1.03767353862707e+00 -2.73911651430685e-04 
1.04110756123536e+00 1.04100720505647e+00 -2.98350069665614e-04 
1.04444444444444e+00 1.04434078644373e+00 -3.24129209537934e-04 
1.04778132765353e+00 1.04767428141289e+00 -3.51265151342696e-04 
1.05111821086262e+00 1.05100768856751e+00 -3.79770098929203e-04 
1.05445509407171e+00 1.05434100648654e+00 -4.09652077667055e-04 
1.05779197728080e+00 1.05767423371969e+00 -4.40914630733575e-04 
1.06112886048988e+00 1.06100736878239e+00 -4.73556515042248e-04 
1.06446574369897e+00 1.06434041015024e+00 -5.07571400349349e-04 
1.06780262690806e+00 1.06767335625306e+00 -5.42947570053059e-04 
1.07113951011715e+00 1.07100620546839e+00 -5.79667626842920e-04 
1.07447639332623e+00 1.07433895611450e+00 -6.17708206205893e-04 
1.07781327653532e+00 1.07767160644291e+00 -6.57039697113127e-04 
1.08115015974441e+00 1.08100415463040e+00 -6.97625973528899e-04 
1.08448704295350e+00 1.08433659877047e+00 -7.39424138096756e-04 
1.08782392616258e+00 1.08766893686426e+00 -7.82384280509290e-04 
1.09116080937167e+00 1.09100116681099e+00 -8.26449252584864e-04 
1.09449769258076e+00 1.09433328639781e+00 -8.71554462096952e-04 
1.09783457578985e+00 1.09766529328918e+00 -9.17627687909104e-04 
1.10117145899893e+00 1.10099718501561e+00 -9.64588919020104e-04 
1.10450834220802e+00 1.10432895896206e+00 -1.01235021951523e-03 
1.10784522541711e+00 1.10766061235560e+00 -1.06081562295204e-03 
1.11118210862620e+00 1.11099214225278e+00 -1.10988105686213e-03 
1.11451899183529e+00 1.11432354552637e+00 -1.15943430240799e-03 
1.11785587504437e+00 1.11765481885167e+00 -1.20935499014003e-03 
1.12119275825346e+00 1.12098595869242e+00 -1.25951463463782e-03 
1.12452964146255e+00 1.12431696128618e+00 -1.30977671215500e-03 
1.12786652467164e+00 1.12764782262943e+00 -1.35999678218272e-03 
1.13120340788072e+00 1.13097853846220e+00 -1.41002265606047e-03 
1.13454029108981e+00 1.13430910425242e+00 -1.45969461704118e-03 
1.13787717429890e+00 1.13763951517999e+00 -1.50884569106496e-03 
1.14121405750799e+00 1.14096976612055e+00 -1.55730197471009e-03 
1.14455094071707e+00 1.14429985162907e+00 -1.60488301872319e-03 
1.14788782392616e+00 1.14762976592329e+00 -1.65140227371595e-03 
1.15122470713525e+00 1.15095950286704e+00 -1.69666759653738e-03 
1.15456159034434e+00 1.15428905595352e+00 -1.74048182235416e-03 
1.15789847355343e+00 1.15761841828866e+00 -1.78264340271309e-03 
1.16123535676251e+00 1.16094758257443e+00 -1.82294711196175e-03 
1.16457223997160e+00 1.16427654109246e+00 -1.86118482446664e-03 
1.16790912318069e+00 1.16760528568776e+00 -1.89714636241955e-03 
1.17124600638978e+00 1.17093380775288e+00 -1.93062041783852e-03 
1.17458288959886e+00 1.17426209821232e+00 -1.96139554676896e-03 
1.17791977280795e+00 1.17759014750757e+00 -1.98926124016968e-03 
1.18125665601704e+00 1.18091794558256e+00 -2.01400906732066e-03 
1.18459353922613e+00 1.18424548186993e+00 -2.03543389672865e-03 
1.18793042243521e+00 1.18757274527792e+00 -2.05333519120111e-03 
1.19126730564430e+00 1.19089972417824e+00 -2.06751837589469e-03 
1.19460418885339e+00 1.19422640639479e+00 -2.07779628210977e-03 
1.19794107206248e+00 1.19755277919353e+00 -2.08399066125749e-03 
1.20127795527157e+00 1.20087882927348e+00 -2.08593376978149e-03 
1.20461483848065e+00 1.20420454275903e+00 -2.08347002189272e-03 
1.20795172168974e+00 1.20752990519359e+00 -2.07645770705021e-03 
1.21128860489883e+00 1.21085490153480e+00 -2.06477076956745e-03 
1.21462548810792e+00 1.21417951615128e+00 -2.04830064628949e-03 
1.21796237131700e+00 1.21750373282123e+00 -2.02695815774610e-03 
1.22129925452609e+00 1.22082753473266e+00 -2.00067544802500e-03 
1.22463613773518e+00 1.22415090448578e+00 -1.96940796855451e-03 
1.22797302094427e+00 1.22747382409723e+00 -1.93313649843031e-03 
1.23130990415335e+00 1.23079627500664e+00 -1.89186919589247e-03 
1.23464678736244e+00 1.23411823808527e+00 -1.84564367290458e-03 
1.23798367057153e+00 1.23743969364713e+00 -1.79452908520408e-03 
1.24132055378062e+00 1.24076062146243e+00 -1.73862823018022e-03 
1.24465743698971e+00 1.24408100077359e+00 -1.67807964124076e-03 
1.24799432019879e+00 1.24740081031381e+00 -1.61305967200491e-03 
1.25133120340788e+00 1.25072002832835e+00 -1.54378455775578e-03 
1.25466808661697e+00 1.25403863259848e+00 -1.47051244365577e-03 
1.25800496982606e+00 1.25735660046820e+00 -1.39354536992549e-03 
1.26134185303514e+00 1.26067390887378e+00 -1.31323119940408e-03 
1.26467873624423e+00 1.26399053437616e+00 -1.22996547717618e-03 
1.26801561945332e+00 1.26730645319618e+00 -1.14419320843220e-03 
1.27135250266241e+00 1.27062164125264e+00 -1.05641054050690e-03 
1.27468938587149e+00 1.27393607420328e+00 -9.67166337087643e-04 
1.27802626908058e+00 1.27724972748851e+00 -8.77063627412228e-04 
1.28136315228967e+00 1.28056257637795e+00 -7.86760919695270e-04 
1.28470003549876e+00 1.28387459601974e+00 -6.96973360304930e-04 
1.28803691870785e+00 1.28718576149239e+00 -6.08473725808944e-04 
1.29137380191693e+00 1.29049604785933e+00 -5.22093232133946e-04 
1.29471068512602e+00 1.29380543022576e+00 -4.38722145849403e-04 
1.29804756833511e+00 1.29711388379796e+00 -3.59310181501930e-04 
1.30138445154420e+00 1.30042138394471e+00 -2.84866670231958e-04 
1.30472133475328e+00 1.30372790626066e+00 -2.16460484728088e-04 
1.30805821796237e+00 1.30703342663164e+00 -1.55219705803710e-04 
1.31139510117146e+00 1.31033792130153e+00 -1.02331014012098e-04 
1.31473198438055e+00 1.31364136694044e+00 -5.90387954413425e-05 
1.31806886758963e+00 1.31694374071419e+00 -2.66439447399202e-05 
1.32140575079872e+00 1.32024502035453e+00 -6.50235299105395e-06 
1.32474263400781e+00 1.32354518423001e+00 -2.30685513173666e-08 
1.32807951721690e+00 1.32684421141711e+00 -8.66611763571251e-06 
1.33141640042599e+00 1.33014208177135e+00 -3.39399742564103e-05 
1.33475328363507e+00 1.33343877599805e+00 -7.73986673494250e-05 
1.33809016684416e+00 1.33673427572222e+00 -1.40638518872117e-04 
1.34142705005325e+00 1.34002856355747e+00 -2.25294499156012e-04 
1.34476393326234e+00 1.34332162317334e+00 -3.33036197650458e-04 
1.34810081647142e+00 1.34661343936070e+00 -4.65563397914610e-04 
1.35143769968051e+00 1.34990399809478e+00 -6.24601253554798e-04 
1.35477458288960e+00 1.35319328659545e+00 -8.11895061914550e-04 
1.35811146609869e+00 1.35648129338424e+00 -1.02920462971853e-03 
1.36144834930777e+00 1.35976800833757e+00 -1.27829823250328e-03 
1.36478523251686e+00 1.36305342273590e+00 -1.56094616490356e-03 
1.36812211572595e+00 1.36633752930808e+00 -1.87891388460605e-03 
1.37145899893504e+00 1.36962032227060e+00 -2.23395475186129e-03 
1.37479588214412e+00 1.37290179736106e+00 -2.62780236905203e-03 
1.37813276535321e+00 1.37618195186546e+00 -3.06216252458321e-03 
1.38146964856230e+00 1.37946078463875e+00 -3.53870475061744e-03 
1.38480653177139e+00 1.38273829611800e+00 -4.05905350069727e-03 
1.38814341498048e+00 1.38601448832786e+00 -4.62477895861450e-03 
1.39148029818956e+00 1.38928936487749e+00 -5.23738749109586e-03 
1.39481718139865e+00 1.39256293094863e+00 -5.89831175560525e-03 
1.39815406460774e+00 1.39583519327408e+00 -6.60890048080292e-03 
1.40149094781683e+00 1.39910616010611e+00 -7.37040793518311e-03 
1.40482783102591e+00 1.40237584117412e+00 -8.18398310246657e-03 
1.40816471423500e+00 1.40564424763108e+00 -9.05065858584613e-03 
1.41150159744409e+00 1.40891139198803e+00 -9.97133926167034e-03 
1.41483848065318e+00 1.41217728803605e+00 -1.09467907097759e-02 
1.41817536386226e+00 1.41544195075515e+00 -1.19776274439512e-02 
1.42151224707135e+00 1.41870539620939e+00 -1.30643009763708e-02 
1.42484913028044e+00 1.42196764142754e+00 -1.42070877432738e-02 
1.42818601348953e+00 1.42522870426873e+00 -1.54060769302228e-02 
1.43152289669862e+00 1.42848860327238e+00 -1.66611582314999e-02 
1.43485977990770e+00 1.43174735749170e+00 -1.79720095871624e-02 
1.43819666311679e+00 1.43500498631013e+00 -1.93380849397076e-02 
1.44153354632588e+00 1.43826150923998e+00 -2.07586020600788e-02 
1.44487042953497e+00 1.44151694570264e+00 -2.22325304942840e-02 
1.44820731274405e+00 1.44477131478954e+00 -2.37585796881396e-02 
1.45154419595314e+00 1.44802463500325e+00 -2.53351873520285e-02 
1.45488107916223e+00 1.45127692397797e+00 -2.69605081326326e-02 
1.45821796237132e+00 1.45452819817868e+00 -2.86324026651652e-02 
1.46155484558040e+00 1.45777847257826e+00 -3.03484270867540e-02 
1.46489172878949e+00 1.46102776031197e+00 -3.21058230966351e-02 
1.46822861199858e+00 1.46427607230845e+00 -3.39015086590300e-02 
1.47156549520767e+00 1.46752341689684e+00 -3.57320694524422e-02 
1.47490237841676e+00 1.47076979938931e+00 -3.75937511742585e-02 
1.47823926162584e+00 1.47401522163840e+00 -3.94824528273768e-02 
1.48157614483493e+00 1.47725968156898e+00 -4.13937211161827e-02 
1.48491302804402e+00 1.48050317268424e+00 -4.33227460971613e-02 
1.48824991125311e+00 1.48374568354558e+00 -4.52643582393604e-02 
1.49158679446219e+00 1.48698719722634e+00 -4.72130270575362e-02 
1.49492367767128e+00 1.49022769073937e+00 -4.91628615014046e-02 
1.49826056088037e+00 1.49346713443888e+00 -5.11076122885413e-02 
1.50159744408946e+00 1.49670549139688e+00 -5.30406763876602e-02 
1.50493432729854e+00 1.49994271675522e+00 -5.49551038674469e-02 
1.50827121050763e+00 1.50317875705427e+00 -5.68436073434652e-02 
1.51160809371672e+00 1.50641354953972e+00 -5.86985742603212e-02 
1.51494497692581e+00 1.50964702144948e+00 -6.05120822659958e-02 
1.51828186013490e+00 1.51287908928307e+00 -6.22759179365068e-02 
1.52161874334398e+00 1.51610965805633e+00 -6.39815991211104e-02 
1.52495562655307e+00 1.51933862054518e+00 -6.56204011841874e-02 
1.52829250976216e+00 1.52256585652233e+00 -6.71833874173746e-02 
1.53162939297125e+00 1.52579123199210e+00 -6.86614438974945e-02 
1.53496627618033e+00 1.52901459842880e+00 -7.00453190568593e-02 
1.53830315938942e+00 1.53223579202518e+00 -7.13256682230281e-02 
1.54164004259851e+00 1.53545463295842e+00 -7.24931033614905e-02 
1.54497692580760e+00 1.53867092468171e+00 -7.35382482336370e-02 
1.54831380901668e+00 1.54188445325074e+00 -7.44517991442427e-02 
1.55165069222577e+00 1.54509498669511e+00 -7.52245914102121e-02 
1.55498757543486e+00 1.54830227444573e+00 -7.58476716260946e-02 
1.55832445864395e+00 1.55150604683012e+00 -7.63123757392852e-02 
1.56166134185304e+00 1.55470601464824e+00 -7.66104128657233e-02 
1.56499822506212e+00 1.55790186884241e+00 -7.67339546931770e-02 
1.56833510827121e+00 1.56109328027503e+00 -7.66757302118833e-02 
1.57167199148030e+00 1.56427989962877e+00 -7.64291254009044e-02 
1.57500887468939e+00 1.56746135744344e+00 -7.59882873765703e-02 
1.57834575789847e+00 1.57063726430390e+00 -7.53482323684845e-02 
1.58168264110756e+00 1.57380721119299e+00 -7.45049567515298e-02 
1.58501952431665e+00 1.57697077002234e+00 -7.34555502135119e-02 
1.58835640752574e+00 1.58012749435283e+00 -7.21983099873533e-02 
1.59169329073482e+00 1.58327692031472e+00 -7.07328549315726e-02 
1.59503017394391e+00 1.58641856773522e+00 -6.90602381040891e-02 
1.59836705715300e+00 1.58955194147877e+00 -6.71830563459539e-02 
1.60170394036209e+00 1.59267653300183e+00 -6.51055552839326e-02 
1.60504082357118e+00 1.59579182212088e+00 -6.28337280793427e-02 
1.60837770678026e+00 1.59889727898783e+00 -6.03754061950271e-02 
1.61171458998935e+00 1.60199236626325e+00 -5.77403404385768e-02 
1.61505147319844e+00 1.60507654147295e+00 -5.49402705648171e-02 
1.61838835640753e+00 1.60814925952912e+00 -5.19889817922872e-02 
1.62172523961661e+00 1.61120997539257e+00 -4.89023467084151e-02 
1.62506212282570e+00 1.61425814684834e+00 -4.56983512081089e-02 
1.62839900603479e+00 1.61729323736302e+00 -4.23971033297724e-02 
1.63173588924388e+00 1.62031471898863e+00 -3.90208241129235e-02 
1.63507277245296e+00 1.62332207527548e+00 -3.55938199103415e-02 
1.63840965566205e+00 1.62631480415402e+00 -3.21424359180395e-02 
1.64174653887114e+00 1.62929242074562e+00 -2.86949910467591e-02 
1.64508342208023e+00 1.63225446006145e+00 -2.52816946294745e-02 
1.64842030528931e+00 1.63520047955050e+00 -2.19345458238625e-02 
1.65175718849840e+00 1.63813006145987e+00 -1.86872169272362e-02 
1.65509407170749e+00 1.64104281497363e+00 -1.55749221466279e-02 
1.65843095491658e+00 1.64393837810086e+00 -1.26342736596722e-02 
1.66176783812567e+00 1.64681641928865e+00 -9.90312704099605e-03 
1.66510472133475e+00 1.64967663874107e+00 -7.42041831663341e-03 
1.66844160454384e+00 1.65251876943137e+00 -5.22599503067765e-03 
1.67177848775293e+00 1.65534257780101e+00 -3.36044377067651e-03 
1.67511537096202e+00 1.65814786414475e+00 -1.86491658706608e-03 
1.67845225417110e+00 1.66093446268765e+00 -7.80958677748877e-04 
1.68178913738019e+00 1.66370224136490e+00 -1.50339583734570e-04 
1.68512602058928e+00 1.66645110132048e+00 -1.48899651652287e-05 
1.68846290379837e+00 1.66918097614502e+00 -4.16345811076920e-04 
1.69179978700745e+00 1.67189183087665e+00 -1.39620169392323e-03 
1.69513667021654e+00 1.67458366079123e+00 -2.99557440645693e-03 
1.69847355342563e+00 1.67725649001031e+00 -5.25507804445119e-03 
1.70181043663472e+00 1.67991036995596e+00 -8.21471131750629e-03 
1.70514731984381e+00 1.68254537768212e+00 -1.19137575992376e-02 
1.70848420305289e+00 1.68516161411133e+00 -1.63906979691246e-02 
1.71182108626198e+00 1.68775920220495e+00 -2.16831372625506e-02 
1.71515796947107e+00 1.69033828509311e+00 -2.78277429354917e-02 
1.71849485268016e+00 1.69289902418890e+00 -3.48601963614056e-02 
1.72183173588924e+00 1.69544159730891e+00 -4.28151560303490e-02 
1.72516861909833e+00 1.69796619681988e+00 -5.17262319904479e-02 
1.72850550230742e+00 1.70047302782856e+00 -6.16259707781411e-02 
1.73184238551651e+00 1.70296230642943e+00 -7.25458500164382e-02 
1.73517926872559e+00 1.70543425802234e+00 -8.45162818165226e-02 
1.73851615193468e+00 1.70788911570978e+00 -9.75666240973750e-02 
1.74185303514377e+00 1.71032711878119e+00 -1.11725198938503e-01 
1.74518991835286e+00 1.71274851128964e+00 -1.27019317096343e-01 
1.74852680156195e+00 1.71515354072446e+00 -1.43475307843256e-01 
1.75186368477103e+00 1.71754245678148e+00 -1.61118553329120e-01 
1.75520056798012e+00 1.71991551023144e+00 -1.79973526714565e-01 
1.75853745118921e+00 1.72227295188555e+00 -2.00063833375401e-01 
1.76187433439830e+00 1.72461503165651e+00 -2.21412254539841e-01 
1.76521121760738e+00 1.72694199771209e+00 -2.44040792774263e-01 
1.76854810081647e+00 1.72925409571804e+00 -2.67970718795976e-01 
1.77188498402556e+00 1.73155156816634e+00 -2.93222619147531e-01 
1.77522186723465e+00 1.73383465378470e+00 -3.19816444325063e-01 
1.77855875044373e+00 1.73610358702271e+00 -3.47771557003807e-01 
1.78189563365282e+00 1.73835859761012e+00 -3.77106780056332e-01 
1.78523251686191e+00 1.74059991018253e+00 -4.07840444106201e-01 
1.78856940007100e+00 1.74282774397016e+00 -4.39990434396270e-01 
1.79190628328009e+00 1.74504231254475e+00 -4.73574236799874e-01 
1.79524316648917e+00 1.74724382362072e+00 -5.08608982827418e-01 
1.79858004969826e+00 1.74943247890617e+00 -5.45111493517864e-01 
1.80191693290735e+00 1.75160847399981e+00 -5.83098322129634e-01 
1.80525381611644e+00 1.75377199833031e+00 -6.22585795571010e-01 
1.80859069932552e+00 1.75592323513427e+00 -6.63590054528480e-01 
1.81192758253461e+00 1.75806236147011e+00 -7.06127092267935e-01 
1.81526446574370e+00 1.76018954826453e+00 -7.50212792104172e-01 
1.81860134895279e+00 1.76230496038916e+00 -7.95862963539060e-01 
1.82193823216187e+00 1.76440875676491e+00 -8.43093377081571e-01 
1.82527511537096e+00 1.76650109049189e+00 -8.91919797772990e-01 
1.82861199858005e+00 1.76858210900308e+00 -9.42358017443316e-01 
1.83194888178914e+00 1.77065195423992e+00 -9.94423885726844e-01 
1.83528576499823e+00 1.77271076284864e+00 -1.04813333987633e+00 
1.83862264820731e+00 1.77475866639591e+00 -1.10350243340463e+00 
1.84195953141640e+00 1.77679579160290e+00 -1.16054736359248e+00 
1.84529641462549e+00 1.77882226059685e+00 -1.21928449789493e+00 
1.84863329783458e+00 1.78083819117962e+00 -1.27973039927671e+00 
1.85197018104366e+00 1.78284369711264e+00 -1.34190185050759e+00 
1.85530706425275e+00 1.78483888841796e+00 -1.40581587743923e+00 
1.85864394746184e+00 1.78682387169524e+00 -1.47148977128680e+00 
1.86198083067093e+00 1.78879875045465e+00 -1.53894110992552e+00 
1.86531771388001e+00 1.79076362546566e+00 -1.60818777821536e+00 
1.86865459708910e+00 1.79271859512201e+00 -1.67924798735005e+00 
1.87199148029819e+00 1.79466375582305e+00 -1.75214029322944e+00 
1.87532836350728e+00 1.79659920237185e+00 -1.82688361383643e+00 
1.87866524671637e+00 1.79852502839043e+00 -1.90349724559830e+00 
1.88200212992545e+00 1.80044132675272e+00 -1.98200087869895e+00 
1.88533901313454e+00 1.80234819003567e+00 -2.06241461129993e+00 
1.88867589634363e+00 1.80424571098901e+00 -2.14475896261482e+00 
1.89201277955272e+00 1.80613398302442e+00 -2.22905488477568e+00 
1.89534966276180e+00 1.80801310072441e+00 -2.31532377341307e+00 
1.89868654597089e+00 1.80988316037152e+00 -2.40358747685840e+00 
1.90202342917998e+00 1.81174426049845e+00 -2.49386830387002e+00 
1.90536031238907e+00 1.81359650245917e+00 -2.58618902976310e+00 
1.90869719559815e+00 1.81543999102167e+00 -2.68057290081614e+00 
1.91203407880724e+00 1.81727483498212e+00 -2.77704363680545e+00 
1.91537096201633e+00 1.81910114780070e+00 -2.87562543151078e+00 
1.91870784522542e+00 1.82091904825868e+00 -2.97634295101478e+00 
1.92204472843450e+00 1.82272866113639e+00 -3.07922132960814e+00 
1.92538161164359e+00 1.82453011791112e+00 -3.18428616309389e+00 
1.92871849485268e+00 1.82632355747410e+00 -3.29156349927408e+00 
1.93205537806177e+00 1.82810912686466e+00 -3.40107982538366e+00 
1.93539226127086e+00 1.82988698202013e+00 -3.51286205223208e+00 
1.93872914447994e+00 1.83165728853842e+00 -3.62693749479325e+00 
1.94206602768903e+00 1.83342022245082e+00 -3.74333384898335e+00 
1.94540291089812e+00 1.83517597100091e+00 -3.86207916436262e+00 
1.94873979410721e+00 1.83692473342561e+00 -3.98320181248635e+00 
1.95207667731629e+00 1.83866672173297e+00 -4.10673045064279e+00 
1.95541356052538e+00 1.84040216147111e+00 -4.23269398072011e+00 
1.95875044373447e+00 1.84213129248139e+00 -4.36112150295756e+00 
1.96208732694356e+00 1.84385436962817e+00 -4.49204226435830e+00 
1.96542421015264e+00 1.84557166349680e+00 -4.62548560157231e+00 
1.96876109336173e+00 1.84728346105008e+00 -4.76148087809367e+00 
1.97209797657082e+00 1.84899006623303e+00 -4.90005741566446e+00 
1.97543485977991e+00 1.85069180051435e+00 -5.04124441984059e+00 
1.97877174298900e+00 1.85238900335255e+00 -5.18507089973932e+00 
1.98210862619808e+00 1.85408203257370e+00 -5.33156558207683e+00 
1.98544550940717e+00 1.85577126464718e+00 -5.48075681969530e+00 
1.98878239261626e+00 1.85745709484530e+00 -5.63267249488747e+00 
1.99211927582535e+00 1.85913993727234e+00 -5.78733991794621e+00 
1.99545615903443e+00 1.86082022474875e+00 -5.94478572149232e+00 
1.99879304224352e+00 1.86249840853621e+00 -6.10503575128086e+00 
2.00212992545261e+00 1.86417495789019e+00 -6.26811495431787e+00 
2.00546680866170e+00 1.86585035942746e+00 -6.43404726528394e+00 
2.00880369187078e+00 1.86752511629758e+00 -6.60285549239378e+00 
2.01214057507987e+00 1.86919974714938e+00 -6.77456120397861e+00 
2.01547745828896e+00 1.87087478488564e+00 -6.94918461720259e+00 
2.01881434149805e+00 1.87255077520233e+00 -7.12674449044988e+00 
2.02215122470714e+00 1.87422827491185e+00 -7.30725802100970e+00 
2.02548810791622e+00 1.87590785005366e+00 -7.49074074976661e+00 
2.02882499112531e+00 1.87759007379979e+00 -7.67720647462850e+00 
2.03216187433440e+00 1.87927552416693e+00 -7.86666717442862e+00 
2.03549875754349e+00 1.88096478155161e+00 -8.05913294499449e+00 
2.03883564075257e+00 1.88265842610937e+00 -8.25461194896964e+00 
2.04217252396166e+00 1.88435703500319e+00 -8.45311038085051e+00 
2.04550940717075e+00 1.88606117955102e+00 -8.65463244848922e+00 
2.04884629037984e+00 1.88777142230531e+00 -8.85918037208658e+00 
2.05218317358892e+00 1.88948831410112e+00 -9.06675440141239e+00 
2.05552005679801e+00 1.89121239111146e+00 -9.27735285166848e+00 
2.05885694000710e+00 1.89294417194970e+00 -9.49097215807042e+00 
2.06219382321619e+00 1.89468415485990e+00 -9.70760694885025e+00 
2.06553070642528e+00 1.89643281503459e+00 -9.92725013602324e+00 
2.06886758963436e+00 1.89819060209832e+00 -1.01498930228854e+01 
2.07220447284345e+00 1.89995793779223e+00 -1.03755254268834e+01 
2.07554135605254e+00 1.90173521389142e+00 -1.06041358161678e+01 
2.07887823926163e+00 1.90352279038192e+00 -1.08357114578886e+01 
2.08221512247071e+00 1.90532099391918e+00 -1.10702385760652e+01 
2.08555200567980e+00 1.90713011658386e+00 -1.13077025167158e+01 
2.08888888888889e+00 1.90895041494492e+00 -1.15480879178297e+01 
2.09222577209798e+00 1.91078210943327e+00 -1.17913788817450e+01 
2.09556265530706e+00 1.91262538402399e+00 -1.20375591475296e+01 
2.09889953851615e+00 1.91448038621833e+00 -1.22866122610517e+01 
2.10223642172524e+00 1.91634722731244e+00 -1.25385217405918e+01 
2.10557330493433e+00 1.91822598293438e+00 -1.27932712360281e+01 
2.10891018814341e+00 1.92011669382747e+00 -1.30508446798647e+01 
2.11224707135250e+00 1.92201936685476e+00 -1.33112264286371e+01 
2.11558395456159e+00 1.92393397619733e+00 -1.35744013934922e+01 
2.11892083777068e+00 1.92586046471747e+00 -1.38403551590266e+01 
2.12225772097977e+00 1.92779874545748e+00 -1.41090740897458e+01 
2.12559460418885e+00 1.92974870324462e+00 -1.43805454237701e+01 
2.12893148739794e+00 1.93171019637386e+00 -1.46547573536578e+01 
2.13226837060703e+00 1.93368305834116e+00 -1.49316990944542e+01 
2.13560525381612e+00 1.93566709960189e+00 -1.52113609392588e+01 
2.13894213702520e+00 1.93766210933118e+00 -1.54937343027842e+01 
2.14227902023429e+00 1.93966785716534e+00 -1.57788117535140e+01 
2.14561590344338e+00 1.94168409490594e+00 -1.60665870351831e+01 
2.14895278665247e+00 1.94371055817078e+00 -1.63570550783784e+01 
2.15228966986155e+00 1.94574696797866e+00 -1.66502120031228e+01 
2.15562655307064e+00 1.94779303225714e+00 -1.69460551133276e+01 
2.15896343627973e+00 1.94984844726496e+00 -1.72445828840157e+01 
2.16230031948882e+00 1.95191289892300e+00 -1.75457949422059e+01 
2.16563720269791e+00 1.95398606404955e+00 -1.78496920423270e+01 
2.16897408590699e+00 1.95606761149767e+00 -1.81562760369956e+01 
2.17231096911608e+00 1.95815720319371e+00 -1.84655498439431e+01 
2.17564785232517e+00 1.96025449507759e+00 -1.87775174098296e+01 
2.17898473553426e+00 1.96235913794663e+00 -1.90921836716240e+01 
2.18232161874334e+00 1.96447077820564e+00 -1.94095545161692e+01 
2.18565850195243e+00 1.96658905852649e+00 -1.97296367384923e+01 
2.18899538516152e+00 1.96871361842155e+00 -2.00524379993575e+01 
2.19233226837061e+00 1.97084409473520e+00 -2.03779667825093e+01 
2.19566915157969e+00 1.97298012205834e+00 -2.07062323519798e+01 
2.19900603478878e+00 1.97512133307096e+00 -2.10372447098028e+01 
2.20234291799787e+00 1.97726735881776e+00 -2.13710145544091e+01 
2.20567980120696e+00 1.97941782892195e+00 -2.17075532399423e+01 
2.20901668441605e+00 1.98157237174235e+00 -2.20468727366885e+01 
2.21235356762513e+00 1.98373061447870e+00 -2.23889855927728e+01 
2.21569045083422e+00 1.98589218322991e+00 -2.27339048972485e+01 
2.21902733404331e+00 1.98805670300989e+00 -2.30816442446650e+01 
2.22236421725240e+00 1.99022379772529e+00 -2.34322177011788e+01 
2.22570110046148e+00 1.99239309011934e+00 -2.37856397722464e+01 
2.22903798367057e+00 1.99456420168560e+00 -2.41419253719223e+01 
2.23237486687966e+00 1.99673675255522e+00 -2.45010897937559e+01 
2.23571175008875e+00 1.99891036136122e+00 -2.48631486832759e+01 
2.23904863329783e+00 2.00108464508277e+00 -2.52281180120378e+01 
2.24238551650692e+00 2.00325921887236e+00 -2.55960140531942e+01 
2.24572239971601e+00 2.00543369586854e+00 -2.59668533585370e+01 
2.24905928292510e+00 2.00760768699662e+00 -2.63406527369688e+01 
2.25239616613419e+00 2.00978080075941e+00 -2.67174292343305e+01 
2.25573304934327e+00 2.01195264302017e+00 -2.70972001145332e+01 
2.25906993255236e+00 2.01412281677925e+00 -2.74799828419225e+01 
2.26240681576145e+00 2.01629092194633e+00 -2.78657950648032e+01 
2.26574369897054e+00 2.01845655510942e+00 -2.82546546000639e+01 
2.26908058217962e+00 2.02061930930198e+00 -2.86465794188218e+01 
2.27241746538871e+00 2.02277877376926e+00 -2.90415876330221e+01 
2.27575434859780e+00 2.02493453373484e+00 -2.94396974829220e+01 
2.27909123180689e+00 2.02708617016815e+00 -2.98409273253906e+01 
2.28242811501597e+00 2.02923325955372e+00 -3.02452956229571e+01 
2.28576499822506e+00 2.03137537366281e+00 -3.06528209335425e+01 
2.28910188143415e+00 2.03351207932796e+00 -3.10635219008139e+01 
2.29243876464324e+00 2.03564293822071e+00 -3.14774172450954e+01 
2.29577564785233e+00 2.03776750663320e+00 -3.18945257547839e+01 
2.29911253106141e+00 2.03988533526352e+00 -3.23148662782086e+01 
2.30244941427050e+00 2.04199596900531e+00 -3.27384577158805e+01 
2.30578629747959e+00 2.04409894674176e+00 -3.31653190130877e+01 
2.30912318068868e+00 2.04619380114397e+00 -3.35954691527793e+01 
2.31246006389776e+00 2.04828005847383e+00 -3.40289271486980e+01 
2.31579694710685e+00 2.05035723839153e+00 -3.44657120387156e+01 
2.31913383031594e+00 2.05242485376751e+00 -3.49058428783346e+01 
2.32247071352503e+00 2.05448241049907e+00 -3.53493387343108e+01 
2.32580759673411e+00 2.05652940733123e+00 -3.57962186783687e+01 
2.32914447994320e+00 2.05856533568219e+00 -3.62465017809720e+01 
2.33248136315229e+00 2.06058967947292e+00 -3.67002071051159e+01 
2.33581824636138e+00 2.06260191496105e+00 -3.71573537001216e+01 
2.33915512957046e+00 2.06460151057869e+00 -3.76179605953911e+01 
2.34249201277955e+00 2.06658792677429e+00 -3.80820467941138e+01 
2.34582889598864e+00 2.06856061585830e+00 -3.85496312668875e+01 
2.34916577919773e+00 2.07051902185240e+00 -3.90207329452427e+01 
2.35250266240682e+00 2.07246258034239e+00 -3.94953707150433e+01 
2.35583954561590e+00 2.07439071833438e+00 -3.99735634097521e+01 
2.35917642882499e+00 2.07630285411425e+00 -4.04553298035373e+01 
2.36251331203408e+00 2.07819839711031e+00 -4.09406886042126e+01 
2.36585019524317e+00 2.08007674775889e+00 -4.14296584459884e+01 
2.36918707845225e+00 2.08193729737284e+00 -4.19222578820320e+01 
2.37252396166134e+00 2.08377942801275e+00 -4.24185053768130e+01 
2.37586084487043e+00 2.08560251236097e+00 -4.29184192982352e+01 
2.37919772807952e+00 2.08740591359799e+00 -4.34220179095336e+01 
2.38253461128861e+00 2.08918898528148e+00 -4.39293193609416e+01 
2.38587149449769e+00 2.09095107122758e+00 -4.44403416811078e+01 
2.38920837770678e+00 2.09269150539459e+00 -4.49551027682608e+01 
2.39254526091587e+00 2.09440961176892e+00 -4.54736203811184e+01 
2.39588214412496e+00 2.09610470425313e+00 -4.59959121295304e+01 
2.39921902733404e+00 2.09777608655632e+00 -4.65219954648512e+01 
2.40255591054313e+00 2.09942305208640e+00 -4.70518876700382e+01 
2.40589279375222e+00 2.10104488384475e+00 -4.75856058494754e+01 
2.40922967696131e+00 2.10264085432272e+00 -4.81231669185085e+01 
2.41256656017039e+00 2.10421022540031e+00 -4.86645875926988e+01 
2.41590344337948e+00 2.10575224824701e+00 -4.92098843767852e+01 
2.41924032658857e+00 2.10726616322460e+00 -4.97590735533581e+01 
2.42257720979766e+00 2.10875119979224e+00 -5.03121711712354e+01 
2.42591409300675e+00 2.11020657641356e+00 -5.08691930335435e+01 
2.42925097621583e+00 2.11163150046612e+00 -5.14301546855009e+01 
2.43258785942492e+00 2.11302516815301e+00 -5.19950714019004e+01 
2.43592474263401e+00 2.11438676441682e+00 -5.25639581742879e+01 
2.43926162584310e+00 2.11571546285601e+00 -5.31368296978420e+01 
2.44259850905218e+00 2.11701042564370e+00 -5.37137003579435e+01 
2.44593539226127e+00 2.11827080344905e+00 -5.42945842164433e+01 
2.44927227547036e+00 2.11949573536128e+00 -5.48794949976205e+01 
2.45260915867945e+00 2.12068434881639e+00 -5.54684460738362e+01 
2.45594604188853e+00 2.12183575952678e+00 -5.60614504508722e+01 
2.45928292509762e+00 2.12294907141379e+00 -5.66585207529687e+01 
2.46261980830671e+00 2.12402337654336e+00 -5.72596692075456e+01 
2.46595669151580e+00 2.12505775506482e+00 -5.78649076296155e+01 
2.46929357472488e+00 2.12605127515315e+00 -5.84742474058879e+01 
2.47263045793397e+00 2.12700299295459e+00 -5.90876994785612e+01 
2.47596734114306e+00 2.12791195253595e+00 -5.97052743288035e+01 
2.47930422435215e+00 2.12877718583762e+00 -6.03269819599235e+01 
2.48264110756124e+00 2.12959771263064e+00 -6.09528318802322e+01 
2.48597799077032e+00 2.13037254047769e+00 -6.15828330855916e+01 
2.48931487397941e+00 2.13110066469850e+00 -6.22169940416593e+01 
2.49265175718850e+00 2.13178106833954e+00 -6.28553226658169e+01 
2.49598864039759e+00 2.13241272214842e+00 -6.34978263087996e+01 
2.49932552360667e+00 2.13299458455305e+00 -6.41445117360126e+01 
2.50266240681576e+00 2.13352560164568e+00 -6.47953851085460e+01 
2.50599929002485e+00 2.13400470717227e+00 -6.54504519638851e+01 
2.50933617323394e+00 2.13443082252701e+00 -6.61097171963183e+01 
2.51267305644302e+00 2.13480285675250e+00 -6.67731850370471e+01 
2.51600993965211e+00 2.13511970654570e+00 -6.74408590339975e+01 
2.51934682286120e+00 2.13538025626976e+00 -6.81127420313378e+01 
2.52268370607029e+00 2.13558337797202e+00 -6.87888361487029e+01 
2.52602058927938e+00 2.13572793140842e+00 -6.94691427601314e+01 
2.52935747248846e+00 2.13581276407447e+00 -7.01536624727185e+01 
2.53269435569755e+00 2.13583671124300e+00 -7.08423951049845e+01 
2.53603123890664e+00 2.13579859600898e+00 -7.15353396649700e+01 
2.53936812211573e+00 2.13569722934155e+00 -7.22324943280556e+01 
2.54270500532481e+00 2.13553141014352e+00 -7.29338564145152e+01 
2.54604188853390e+00 2.13529992531862e+00 -7.36394223668070e+01 
2.54937877174299e+00 2.13500154984662e+00 -7.43491877266097e+01 
2.55271565495208e+00 2.13463504686661e+00 -7.50631471116043e+01 
2.55605253816116e+00 2.13419916776875e+00 -7.57812941920151e+01 
2.55938942137025e+00 2.13369265229458e+00 -7.65036216669134e+01 
2.56272630457934e+00 2.13311422864625e+00 -7.72301212402934e+01 
2.56606318778843e+00 2.13246261360478e+00 -7.79607835969210e+01 
2.56940007099752e+00 2.13173651265779e+00 -7.86955983779780e+01 
2.57273695420660e+00 2.13093462013673e+00 -7.94345541564970e+01 
2.57607383741569e+00 2.13005561936398e+00 -8.01776384126020e+01 
2.57941072062478e+00 2.12909818280995e+00 -8.09248375085686e+01 
2.58274760383387e+00 2.12806097226063e+00 -8.16761366637060e+01 
2.58608448704295e+00 2.12694263899561e+00 -8.24315199290786e+01 
2.58942137025204e+00 2.12574182397685e+00 -8.31909701620785e+01 
2.59275825346113e+00 2.12445715804857e+00 -8.39544690008539e+01 
2.59609513667022e+00 2.12308726214840e+00 -8.47219968386191e+01 
2.59943201987930e+00 2.12163074753001e+00 -8.54935327978472e+01 
2.60276890308839e+00 2.12008621599752e+00 -8.62690547043653e+01 
2.60610578629748e+00 2.11845226015189e+00 -8.70485390613702e+01 
2.60944266950657e+00 2.11672746364944e+00 -8.78319610233706e+01 
2.61277955271566e+00 2.11491040147298e+00 -8.86192943700840e+01 
2.61611643592474e+00 2.11299964021544e+00 -8.94105114802911e+01 
2.61945331913383e+00 2.11099373837650e+00 -9.02055833056808e+01 
2.62279020234292e+00 2.10889124667224e+00 -9.10044793446877e+01 
2.62612708555201e+00 2.10669070835820e+00 -9.18071676163555e+01 
2.62946396876109e+00 2.10439065956585e+00 -9.26136146342331e+01 
2.63280085197018e+00 2.10198962965296e+00 -9.34237853803325e+01 
2.63613773517927e+00 2.09948614156769e+00 -9.42376432791674e+01 
2.63947461838836e+00 2.09687871222694e+00 -9.50551501718881e+01 
2.64281150159744e+00 2.09416585290900e+00 -9.58762662905442e+01 
2.64614838480653e+00 2.09134606966062e+00 -9.67009502324908e+01 
2.64948526801562e+00 2.08841786371873e+00 -9.75291589349650e+01 
2.65282215122471e+00 2.08537973194703e+00 -9.83608476498543e+01 
2.65615903443379e+00 2.08223016728747e+00 -9.91959699186874e+01 
2.65949591764288e+00 2.07896765922690e+00 -1.00034477547867e+02 
2.66283280085197e+00 2.07559069427894e+00 -1.00876320584176e+02 
2.66616968406106e+00 2.07209775648116e+00 -1.01721447290575e+02 
2.66950656727015e+00 2.06848732790780e+00 -1.02569804122335e+02 
2.67284345047923e+00 2.06475788919805e+00 -1.03421335703518e+02 
2.67618033368832e+00 2.06090792009996e+00 -1.04275984803841e+02 
2.67951721689741e+00 2.05693590003013e+00 -1.05133692315955e+02 
2.68285410010650e+00 2.05284030864920e+00 -1.05994397233166e+02 
2.68619098331558e+00 2.04861962645313e+00 -1.06858036627629e+02 
2.68952786652467e+00 2.04427233538045e+00 -1.07724545629050e+02 
2.69286474973376e+00 2.03979691943537e+00 -1.08593857403927e+02 
2.69620163294285e+00 2.03519186532679e+00 -1.09465903135353e+02 
2.69953851615193e+00 2.03045566312323e+00 -1.10340612003435e+02 
2.70287539936102e+00 2.02558680692361e+00 -1.11217911166338e+02 
2.70621228257011e+00 2.02058379554390e+00 -1.12097725742018e+02 
2.70954916577920e+00 2.01544513321942e+00 -1.12979978790636e+02 
2.71288604898829e+00 2.01016933032296e+00 -1.13864591297742e+02 
2.71622293219737e+00 2.00475490409834e+00 -1.14751482158215e+02 
2.71955981540646e+00 1.99920037940949e+00 -1.15640568161025e+02 
2.72289669861555e+00 1.99350428950484e+00 -1.16531763974848e+02 
2.72623358182464e+00 1.98766517679685e+00 -1.17424982134558e+02 
2.72957046503372e+00 1.98168159365646e+00 -1.18320133028653e+02 
2.73290734824281e+00 1.97555210322239e+00 -1.19217124887627e+02 
2.73624423145190e+00 1.96927528022491e+00 -1.20115863773359e+02 
2.73958111466099e+00 1.96284971182385e+00 -1.21016253569520e+02 
2.74291799787007e+00 1.95627399846074e+00 -1.21918195973062e+02 
2.74625488107916e+00 1.94954675472454e+00 -1.22821590486816e+02 
2.74959176428825e+00 1.94266661023080e+00 -1.23726334413233e+02 
2.75292864749734e+00 1.93563221051391e+00 -1.24632322849324e+02 
2.75626553070642e+00 1.92844221793195e+00 -1.25539448682807e+02 
2.75960241391551e+00 1.92109531258385e+00 -1.26447602589528e+02 
2.76293929712460e+00 1.91359019323839e+00 -1.27356673032170e+02 
2.76627618033369e+00 1.90592557827463e+00 -1.28266546260309e+02 
2.76961306354278e+00 1.89810020663325e+00 -1.29177106311830e+02 
2.77294994675186e+00 1.89011283877832e+00 -1.30088235015754e+02 
2.77628682996095e+00 1.88196225766901e+00 -1.30999811996518e+02 
2.77962371317004e+00 1.87364726974061e+00 -1.31911714679722e+02 
2.78296059637913e+00 1.86516670589433e+00 -1.32823818299392e+02 
2.78629747958821e+00 1.85651942249534e+00 -1.33735995906802e+02 
2.78963436279730e+00 1.84770430237823e+00 -1.34648118380863e+02 
2.79297124600639e+00 1.83872025585936e+00 -1.35560054440131e+02 
2.79630812921548e+00 1.82956622175558e+00 -1.36471670656471e+02 
2.79964501242457e+00 1.82024116840808e+00 -1.37382831470379e+02 
2.80298189563365e+00 1.81074409471135e+00 -1.38293399208028e+02 
2.80631877884274e+00 1.80107403114584e+00 -1.39203234100036e+02 
2.80965566205183e+00 1.79123004081383e+00 -1.40112194302012e+02 
2.81299254526092e+00 1.78121122047784e+00 -1.41020135916876e+02 
2.81632942847000e+00 1.77101670160030e+00 -1.41926913019001e+02 
2.81966631167909e+00 1.76064565138408e+00 -1.42832377680200e+02 
2.82300319488818e+00 1.75009727381263e+00 -1.43736379997566e+02 
2.82634007809727e+00 1.73937081068897e+00 -1.44638768123193e+02 
2.82967696130635e+00 1.72846554267273e+00 -1.45539388295807e+02 
2.83301384451544e+00 1.71738079031393e+00 -1.46438084874312e+02 
2.83635072772453e+00 1.70611591508279e+00 -1.47334700373268e+02 
2.83968761093362e+00 1.69467032039459e+00 -1.48229075500326e+02 
2.84302449414271e+00 1.68304345262824e+00 -1.49121049195617e+02 
2.84636137735179e+00 1.67123480213791e+00 -1.50010458673122e+02 
2.84969826056088e+00 1.65924390425646e+00 -1.50897139464017e+02 
2.85303514376997e+00 1.64707034028951e+00 -1.51780925462001e+02 
2.85637202697906e+00 1.63471373849923e+00 -1.52661648970636e+02 
2.85970891018814e+00 1.62217377507666e+00 -1.53539140752650e+02 
2.86304579339723e+00 1.60945017510138e+00 -1.54413230081261e+02 
2.86638267660632e+00 1.59654271348761e+00 -1.55283744793477e+02 
2.86971955981541e+00 1.58345121591523e+00 -1.56150511345384e+02 
2.87305644302449e+00 1.57017555974481e+00 -1.57013354869417e+02 
2.87639332623358e+00 1.55671567491566e+00 -1.57872099233598e+02 
2.87973020944267e+00 1.54307154482520e+00 -1.58726567102729e+02 
2.88306709265176e+00 1.52924320718894e+00 -1.59576580001530e+02 
2.88640397586085e+00 1.51523075487976e+00 -1.60421958379696e+02 
2.88974085906993e+00 1.50103433674517e+00 -1.61262521678866e+02 
2.89307774227902e+00 1.48665415840153e+00 -1.62098088401469e+02 
2.89641462548811e+00 1.47209048300395e+00 -1.62928476181424e+02 
2.89975150869720e+00 1.45734363199079e+00 -1.63753501856672e+02 
2.90308839190628e+00 1.44241398580142e+00 -1.64572981543504e+02 
2.90642527511537e+00 1.42730198456624e+00 -1.65386730712648e+02 
2.90976215832446e+00 1.41200812876773e+00 -1.66194564267090e+02 
2.91309904153355e+00 1.39653297987133e+00 -1.66996296621573e+02 
2.91643592474263e+00 1.38087716092510e+00 -1.67791741783748e+02 
2.91977280795172e+00 1.36504135712702e+00 -1.68580713436920e+02 
2.92310969116081e+00 1.34902631635871e+00 -1.69363025024353e+02 
2.92644657436990e+00 1.33283284968471e+00 -1.70138489835069e+02 
2.92978345757898e+00 1.31646183181596e+00 -1.70906921091096e+02 
2.93312034078807e+00 1.29991420153674e+00 -1.71668132036119e+02 
2.93645722399716e+00 1.28319096209381e+00 -1.72421936025448e+02 
2.93979410720625e+00 1.26629318154683e+00 -1.73168146617273e+02 
2.94313099041534e+00 1.24922199307919e+00 -1.73906577665117e+02 
2.94646787362442e+00 1.23197859526813e+00 -1.74637043411436e+02 
2.94980475683351e+00 1.21456425231343e+00 -1.75359358582292e+02 
2.95314164004260e+00 1.19698029422370e+00 -1.76073338483017e+02 
2.95647852325169e+00 1.17922811695936e+00 -1.76778799094822e+02 
2.95981540646077e+00 1.16130918253175e+00 -1.77475557172230e+02 
2.96315228966986e+00 1.14322501905737e+00 -1.78163430341310e+02 
2.96648917287895e+00 1.12497722076673e+00 -1.78842237198577e+02 
2.96982605608804e+00 1.10656744796684e+00 -1.79511797410507e+02 
2.97316293929712e+00 1.08799742695730e+00 -1.80171931813581e+02 
2.97649982250621e+00 1.06926894989861e+00 -1.80822462514756e+02 
2.97983670571530e+00 1.05038387463288e+00 -1.81463212992279e+02 
2.98317358892439e+00 1.03134412445608e+00 -1.82094008196771e+02 
2.98651047213348e+00 1.01215168784155e+00 -1.82714674652450e+02 
2.98984735534256e+00 9.92808618114242e-01 -1.83325040558455e+02 
2.99318423855165e+00 9.73317033075638e-01 -1.83924935890110e+02 
2.99652112176074e+00 9.53679114578775e-01 -1.84514192500090e+02 
2.99985800496983e+00 9.33897108053398e-01 -1.85092644219354e+02 
3.00319488817891e+00 9.13973321981031e-01 -1.85660126957772e+02 
3.00653177138800e+00 8.93910127319799e-01 -1.86216478804310e+02 
3.00986865459709e+00 8.73709956879098e-01 -1.86761540126727e+02 
3.01320553780618e+00 8.53375304644025e-01 -1.87295153670625e+02 
3.01654242101526e+00 8.32908725049782e-01 -1.87817164657795e+02 
3.01987930422435e+00 8.12312832206095e-01 -1.88327420883735e+02 
3.02321618743344e+00 7.91590299071990e-01 -1.88825772814243e+02 
3.02655307064253e+00 7.70743856581055e-01 -1.89312073680981e+02 
3.02988995385162e+00 7.49776292717723e-01 -1.89786179575922e+02 
3.03322683706070e+00 7.28690451544813e-01 -1.90247949544553e+02 
3.03656372026979e+00 7.07489232182855e-01 -1.90697245677762e+02 
3.03990060347888e+00 6.86175587741946e-01 -1.91133933202279e+02 
3.04323748668797e+00 6.64752524206288e-01 -1.91557880569609e+02 
3.04657436989705e+00 6.43223099272505e-01 -1.91968959543314e+02 
3.04991125310614e+00 6.21590421142366e-01 -1.92367045284582e+02 
3.05324813631523e+00 5.99857647270484e-01 -1.92752016435971e+02 
3.05658501952432e+00 5.78027983068073e-01 -1.93123755203242e+02 
3.05992190273340e+00 5.56104680563686e-01 -1.93482147435165e+02 
3.06325878594249e+00 5.34091037021723e-01 -1.93827082701252e+02 
3.06659566915158e+00 5.11990393519989e-01 -1.94158454367265e+02 
3.06993255236067e+00 4.89806133487150e-01 -1.94476159668480e+02 
3.07326943556976e+00 4.67541681201387e-01 -1.94780099780559e+02 
3.07660631877884e+00 4.45200500251507e-01 -1.95070179887995e+02 
3.07994320198793e+00 4.22786091961572e-01 -1.95346309250018e+02 
3.08328008519702e+00 4.00301993780547e-01 -1.95608401263900e+02 
3.08661696840611e+00 3.77751777638250e-01 -1.95856373525585e+02 
3.08995385161519e+00 3.55139048269035e-01 -1.96090147887555e+02 
3.09329073482428e+00 3.32467441504669e-01 -1.96309650513888e+02 
3.09662761803337e+00 3.09740622537878e-01 -1.96514811932413e+02 
3.09996450124246e+00 2.86962284158193e-01 -1.96705567083932e+02 
3.10330138445154e+00 2.64136144961607e-01 -1.96881855368415e+02 
3.10663826766063e+00 2.41265947535733e-01 -1.97043620688138e+02 
3.10997515086972e+00 2.18355456622078e-01 -1.97190811487712e+02 
3.11331203407881e+00 1.95408457257183e-01 -1.97323380790909e+02 
3.11664891728790e+00 1.72428752894325e-01 -1.97441286234331e+02 
3.11998580049698e+00 1.49420163507613e-01 -1.97544490097769e+02 
3.12332268370607e+00 1.26386523680159e-01 -1.97632959331312e+02 
3.12665956691516e+00 1.03331680678241e-01 -1.97706665579112e+02 
3.12999645012425e+00 8.02594925132302e-02 -1.97765585199799e+02 
3.13333333333333e+00 5.71738259931806e-02 -1.97809699283524e+02 
