num_modes 5 
num_pts 186 
Dispersion Data
0.00000000000000e+00 -2.81816169335347e+00 2.81816169335347e+00 -1.25896894065398e+00 1.25896894065398e+00 1.20289054846860e-17 
1.67567567567568e-02 -2.81724200040673e+00 2.81618080417720e+00 -1.24174360222149e+00 1.27625951871337e+00 1.67567567567569e-02 
3.35135135135135e-02 -2.81360341995510e+00 2.81111784298656e+00 -1.22457815140460e+00 1.29362090440550e+00 3.35135135135132e-02 
5.02702702702703e-02 -2.80742665321830e+00 2.80279281120608e+00 -1.20746745856201e+00 1.31105887474479e+00 5.02702702702613e-02 
6.70270270270270e-02 -2.79889030612461e+00 2.79102856695994e+00 -1.19040662213216e+00 1.32857940820177e+00 6.70270270269077e-02 
8.37837837837838e-02 -2.78816988947751e+00 2.77565225776699e+00 -1.17339097361266e+00 1.34618867661483e+00 8.37837837828991e-02 
1.00540540540541e-01 -2.77543692507912e+00 2.75649680738365e+00 -1.15641608173847e+00 1.36389303658187e+00 1.00540540535996e-01 
1.17297297297297e-01 -2.76085815983134e+00 2.73340244212989e+00 -1.13947775578422e+00 1.38169902033150e+00 1.17297297279198e-01 
1.34054054054054e-01 -2.74459488805583e+00 2.70621824074926e+00 -1.12257204791572e+00 1.39961332605637e+00 1.34054053994227e-01 
1.50810810810811e-01 -2.72680238062746e+00 2.67480369082005e+00 -1.10569525451879e+00 1.41764280767298e+00 1.50810810639334e-01 
1.67567567567568e-01 -2.70762941803111e+00 2.63903023397594e+00 -1.08884391643967e+00 1.43579446395424e+00 1.67567567128437e-01 
1.84324324324324e-01 -2.68721792315219e+00 2.59878278172926e+00 -1.07201481808182e+00 1.45407542696161e+00 1.84324323297906e-01 
2.01081081081081e-01 -2.66570268851167e+00 2.55396118352668e+00 -1.05520498531667e+00 1.47249294968460e+00 2.01081078856527e-01 
2.17837837837838e-01 -2.64321119176463e+00 2.50448162880677e+00 -1.03841168218225e+00 1.49105439277532e+00 2.17837833313623e-01 
2.34594594594595e-01 -2.61986349259736e+00 2.45027796526526e+00 -1.02163240636268e+00 1.50976721024592e+00 2.34594585879695e-01 
2.51351351351351e-01 -2.59577220367697e+00 2.39130291625149e+00 -1.00486488346187e+00 1.52863893397594e+00 2.51351335333681e-01 
2.68108108108108e-01 -2.57104252801817e+00 2.32752918120119e+00 -9.88107060107089e-01 1.54767715685569e+00 2.68108079850762e-01 
2.84864864864865e-01 -2.54577235501776e+00 2.25895040422872e+00 -9.71357095940182e-01 1.56688951437011e+00 2.84864816784794e-01 
3.01621621621622e-01 -2.52005240745190e+00 2.18558199742956e+00 -9.54613354576445e-01 1.58628366440532e+00 3.01621542399941e-01 
3.18378378378378e-01 -2.49396643191139e+00 2.10746180705021e+00 -9.37874393631806e-01 1.60586726503711e+00 3.18378251546887e-01 
3.35135135135135e-01 -2.46759142544579e+00 2.02465061243380e+00 -9.21138953937512e-01 1.62564795003669e+00 3.35134937280253e-01 
3.51891891891892e-01 -2.44099789157514e+00 1.93723244951494e+00 -9.04405948077361e-01 1.64563330180438e+00 3.51891590415503e-01 
3.68648648648649e-01 -2.41425011928737e+00 1.84531475258288e+00 -8.87674448394762e-01 1.66583082141624e+00 3.68648199025752e-01 
3.85405405405405e-01 -2.38740647914978e+00 1.74902831002797e+00 -8.70943674625262e-01 1.68624789544181e+00 3.85404747881485e-01 
4.02162162162162e-01 -2.36051973120546e+00 1.64852703180332e+00 -8.54212981314322e-01 1.70689175916385e+00 4.02161217839247e-01 
4.18918918918919e-01 -2.33363733988449e+00 1.54398752834444e+00 -8.37481845179967e-01 1.72776945580209e+00 4.18917585188944e-01 
4.35675675675676e-01 -2.30680179171955e+00 1.43560850267117e+00 -8.20749852575551e-01 1.74888779131418e+00 4.35673820973332e-01 
4.52432432432432e-01 -2.28005091220576e+00 1.32360995932446e+00 -8.04016687199680e-01 1.77025328431685e+00 4.52429890297727e-01 
4.69189189189189e-01 -2.25341817867393e+00 1.20823223564981e+00 -7.87282118188533e-01 1.79187211064077e+00 4.69185751652682e-01 
4.85945945945946e-01 -2.22693302654825e+00 1.08973486270873e+00 -7.70545988711312e-01 1.81375004200235e+00 4.85941356277450e-01 
5.02702702702703e-01 -2.20062114682761e+00 9.68395264768714e-01 -7.53808205172610e-01 1.83589237824693e+00 5.02696647597295e-01 
5.19459459459459e-01 -2.17450477306063e+00 8.44507307876808e-01 -7.37068727107183e-01 1.85830387258994e+00 5.19451560773035e-01 
5.36216216216216e-01 -2.14860295647526e+00 7.18379709451920e-01 -7.20327557833366e-01 1.88098864925675e+00 5.36206022406506e-01 
5.52972972972973e-01 -2.12293182827448e+00 5.90334322129337e-01 -7.03584735912016e-01 1.90395011289984e+00 5.52959950450690e-01 
5.69729729729730e-01 -2.09750484841892e+00 4.60704306248993e-01 -6.86840327439025e-01 1.92719084915337e+00 5.69713254377999e-01 
5.86486486486486e-01 -2.07233304048775e+00 3.29832206392639e-01 -6.70094419181578e-01 1.95071251567264e+00 5.86465835664296e-01 
6.03243243243243e-01 -2.04742521244113e+00 1.98067948238922e-01 -6.53347112551919e-01 1.97451572300060e+00 6.03217588649606e-01 
6.20000000000000e-01 -2.02278816330451e+00 6.57667727164537e-02 -6.36598518397848e-01 1.99859990460708e+00 6.19968401838800e-01 
6.36756756756757e-01 -1.99842687595898e+00 -6.67128750096545e-02 -6.19848752576572e-01 2.02296317546084e+00 6.36718159706619e-01 
6.53513513513513e-01 -1.97434469635540e+00 -1.99011483784393e-01 -6.03097932268188e-01 2.04760217852249e+00 6.53466745070992e-01 
6.70270270270270e-01 -1.95054349957719e+00 -3.30770623770229e-01 -5.86346172976871e-01 2.07251191858946e+00 6.70214042096571e-01 
6.87027027027027e-01 -1.92702384325908e+00 -4.61635084563414e-01 -5.69593586161833e-01 2.09768558298627e+00 6.86959939986356e-01 
7.03783783783784e-01 -1.90378510893092e+00 -5.91254985948053e-01 -5.52840277436125e-01 2.12311434867598e+00 7.03704337413280e-01 
7.20540540540541e-01 -1.88082563189880e+00 -7.19287843356748e-01 -5.36086345269332e-01 2.14878717547572e+00 7.20447147735463e-01 
7.37297297297297e-01 -1.85814282030356e+00 -8.45400570505807e-01 -5.19331880129769e-01 2.17469058519343e+00 7.37188305028351e-01 
7.54054054054054e-01 -1.83573326401104e+00 -9.69271402229421e-01 -5.02576964002929e-01 2.20080842666668e+00 7.53927770954497e-01 
7.70810810810811e-01 -1.81359283399185e+00 -1.09059172124950e+00 -4.85821670225246e-01 2.22712162688170e+00 7.70665542477049e-01 
7.87567567567568e-01 -1.79171677284332e+00 -1.20906777348265e+00 -4.69066063575610e-01 2.25360792858334e+00 7.87401660406688e-01 
8.04324324324324e-01 -1.77009977709306e+00 -1.32442225750055e+00 -4.52310200571187e-01 2.28024161505688e+00 8.04136218753814e-01 
8.21081081081081e-01 -1.74873607190574e+00 -1.43639577491912e+00 -4.35554129918823e-01 2.30699322307279e+00 8.20869374838988e-01 
8.37837837837838e-01 -1.72761947879198e+00 -1.54474812979091e+00 -4.18797893078388e-01 2.33382924533615e+00 8.37601360095210e-01 
8.54594594594595e-01 -1.70674347689262e+00 -1.64925946650647e+00 -4.02041524899723e-01 2.36071182417342e+00 8.54332491476471e-01 
8.71351351351351e-01 -1.68610125838375e+00 -1.74973123726580e+00 -3.85285054300142e-01 2.38759843862085e+00 8.71063183368590e-01 
8.88108108108108e-01 -1.66568577851894e+00 -1.84598699185041e+00 -3.68528504954731e-01 2.41444158754684e+00 8.87793959881572e-01 
9.04864864864865e-01 -1.64548980079519e+00 -1.93787298419772e+00 -3.51771895976713e-01 2.44118847194266e+00 9.04525467388077e-01 
9.21621621621622e-01 -1.62550593769911e+00 -2.02525859213845e+00 -3.35015242569902e-01 2.46778068004586e+00 9.21258487160937e-01 
9.38378378378378e-01 -1.60572668746013e+00 -2.10803654858665e+00 -3.18258556639672e-01 2.49415387951036e+00 9.37993947954420e-01 
9.55135135135135e-01 -1.58614446720840e+00 -2.18612298445412e+00 -3.01501847352849e-01 2.52023752139775e+00 9.54732938369586e-01 
9.71891891891892e-01 -1.56675164290635e+00 -2.25945728557150e+00 -2.84745121640486e-01 2.54595456132251e+00 9.71476718843992e-01 
9.88648648648649e-01 -1.54754055639559e+00 -2.32800176791554e+00 -2.67988384640516e-01 2.57122120362696e+00 9.88226733110123e-01 
1.00540540540541e+00 -1.52850354987379e+00 -2.39174117743754e+00 -2.51231640079911e-01 2.59594667497094e+00 1.00498461897536e+00 
1.02216216216216e+00 -1.50963298809092e+00 -2.45068202273310e+00 -2.34474890598060e-01 2.62003303418077e+00 1.02175221828856e+00 
1.03891891891892e+00 -1.49092127852915e+00 -2.50485175065778e+00 -2.17718138014756e-01 2.64337502558915e+00 1.03853158597415e+00 
1.05567567567568e+00 -1.47236088980713e+00 -2.55429777674361e+00 -2.00961383547418e-01 2.66585998339208e+00 1.05532499803315e+00 
1.07243243243243e+00 -1.45394436852615e+00 -2.59908638387656e+00 -1.84204627982982e-01 2.68736779472926e+00 1.07213495843154e+00 
1.08918918918919e+00 -1.43566435475375e+00 -2.63930150412108e+00 -1.67447871810387e-01 2.70777092923649e+00 1.08896420481793e+00 
1.10594594594595e+00 -1.41751359631835e+00 -2.67504339979478e+00 -1.50691115319706e-01 2.72693454270444e+00 1.10581571303550e+00 
1.12270270270270e+00 -1.39948496206773e+00 -2.70642726087567e+00 -1.33934358673864e-01 2.74471666218693e+00 1.12269270041456e+00 
1.13945945945946e+00 -1.38157145422360e+00 -2.73358173654024e+00 -1.17177601958523e-01 2.76096845941956e+00 1.13959862785325e+00 
1.15621621621622e+00 -1.36376621994404e+00 -2.75664741906508e+00 -1.00420845215205e-01 2.77553461872403e+00 1.15653720071243e+00 
1.17297297297297e+00 -1.34606256218631e+00 -2.77577529846213e+00 -8.36640884620708e-02 2.78825380468020e+00 1.17351236856727e+00 
1.18972972972973e+00 -1.32845394994271e+00 -2.79112520605215e+00 -6.69073317060703e-02 2.79895923374710e+00 1.19052832387083e+00 
1.20648648648649e+00 -1.31093402790337e+00 -2.80286426471360e+00 -5.01505749494220e-02 2.80747935271281e+00 1.20758949959559e+00 
1.22324324324324e+00 -1.29349662558123e+00 -2.81116536278353e+00 -3.33938181926738e-02 2.81363862536754e+00 1.22470056592450e+00 
1.24000000000000e+00 -1.27613576591672e+00 -2.81620566755117e+00 -1.66370614359173e-02 2.81725842714642e+00 1.24186642606690e+00 
1.25675675675676e+00 -1.25884567336228e+00 -2.81816519299893e+00 1.19695320839578e-04 2.81815804570791e+00 1.25909221127355e+00 
1.27351351351351e+00 -1.24162078143086e+00 -2.81722543494285e+00 1.68764520775964e-02 2.81615578353731e+00 1.27638327512201e+00 
1.29027027027027e+00 -1.22445573967770e+00 -2.81356808504324e+00 3.36332088343527e-02 2.81107015673363e+00 1.29374518713657e+00 
1.30702702702703e+00 -1.20734542007131e+00 -2.80737383334181e+00 5.03899655911006e-02 2.80272118219801e+00 1.31118372579809e+00 
1.32378378378378e+00 -1.19028492269814e+00 -2.79882126707920e+00 6.71467223477455e-02 2.79093174354122e+00 1.32870487098766e+00 
1.34054054054054e+00 -1.17326958073660e+00 -2.78808587160696e+00 8.39034791037273e-02 2.77552902421394e+00 1.34631479589456e+00 
1.35729729729730e+00 -1.15629496462921e+00 -2.77533913727733e+00 1.00660235856787e-01 2.75634599468544e+00 1.36401985840424e+00 
1.37405405405405e+00 -1.13935688537845e+00 -2.76074777431854e+00 1.17416992599872e-01 2.73322293899552e+00 1.38182659196576e+00 
1.39081081081081e+00 -1.12245139689118e+00 -2.74447303592468e+00 1.34173749314587e-01 2.70600900472274e+00 1.39974169592112e+00 
1.40756756756757e+00 -1.10557479729987e+00 -2.72667014814337e+00 1.50930505958954e-01 2.67456375937919e+00 1.41777202526088e+00 
1.42432432432432e+00 -1.08872362919513e+00 -2.70748784366125e+00 1.67687262446472e-01 2.63875873548615e+00 1.43592457975195e+00 
1.44108108108108e+00 -1.07189467871410e+00 -2.68706799528906e+00 1.84444018612799e-01 2.59847894612126e+00 1.45420649236443e+00 
1.45783783783784e+00 -1.05508497344261e+00 -2.66554534385005e+00 2.01200774165582e-01 2.55362435256707e+00 1.47262501690505e+00 
1.47459459459459e+00 -1.03829177910512e+00 -2.64304731428495e+00 2.17957528612395e-01 2.50411126583258e+00 1.49118751474487e+00 
1.49135135135135e+00 -1.02151259503553e+00 -2.61969391310456e+00 2.34714281161174e-01 2.44987366425730e+00 1.50990144050869e+00 
1.50810810810811e+00 -1.00474514844238e+00 -2.59559769984109e+00 2.51471030587203e-01 2.39086441012819e+00 1.52877432657336e+00 
1.52486486486486e+00 -9.87987387504195e-01 -2.57086382486154e+00 2.68227775060627e-01 2.32705634922180e+00 1.54781376620075e+00 
1.54162162162162e+00 -9.71237473353058e-01 -2.54559012579339e+00 2.84984511928531e-01 2.25844327840444e+00 1.56702739510965e+00 
1.55837837837838e+00 -9.54493771026441e-01 -2.51986727485855e+00 3.01741237446200e-01 2.18504076785244e+00 1.58642287126888e+00 
1.57513513513514e+00 -9.37754839488131e-01 -2.49377896959252e+00 3.18497946452918e-01 2.10688682606103e+00 1.60600785267034e+00 
1.59189189189189e+00 -9.21019420837591e-01 -2.46740215972202e+00 3.35254631988952e-01 2.02404239756366e+00 1.62578997281753e+00 
1.60864864864865e+00 -9.04286428842869e-01 -2.44080730336293e+00 3.52011284852034e-01 1.93659168514858e+00 1.64577681363972e+00 
1.62540540540541e+00 -8.87554936944416e-01 -2.41405864616020e+00 3.68767893093742e-01 1.84464229030611e+00 1.66597587551673e+00 
1.64216216216216e+00 -8.70824165885518e-01 -2.38721451750168e+00 3.85524441458822e-01 1.74832516763578e+00 1.68639454407240e+00 
1.65891891891892e+00 -8.54093471129113e-01 -2.36032763848095e+00 4.02280910773559e-01 1.64779439095975e+00 1.70704005336716e+00 
1.67567567567568e+00 -8.37362330220608e-01 -2.33344543684276e+00 4.19037277292813e-01 1.54322673089957e+00 1.72791944509177e+00 
1.69243243243243e+00 -8.20630330251913e-01 -2.30661036470492e+00 4.35793512019376e-01 1.43482104565444e+00 1.74903952333503e+00 
1.70918918918919e+00 -8.03897155573612e-01 -2.27986021540011e+00 4.52549580013685e-01 1.32279748864740e+00 1.77040680446843e+00 
1.72594594594595e+00 -7.87162575890488e-01 -2.25322843631064e+00 4.69305439716687e-01 1.20739653856386e+00 1.79202746166079e+00 
1.74270270270270e+00 -7.70426434860952e-01 -2.22674443507054e+00 4.86061042313704e-01 1.08887785907631e+00 1.81390726350615e+00 
1.75945945945946e+00 -7.53688639304075e-01 -2.20043387697757e+00 5.02816331172404e-01 9.67518997217348e-01 1.83605150621902e+00 
1.77621621621622e+00 -7.36949149099573e-01 -2.17431897188780e+00 5.19571241393300e-01 8.43613930916451e-01 1.85846493882333e+00 
1.79297297297297e+00 -7.20207967846829e-01 -2.14841874925679e+00 5.36325699516490e-01 7.17471477645717e-01 1.88115168073584e+00 
1.80972972972973e+00 -7.03465134329711e-01 -2.12274932034075e+00 5.53079623433444e-01 5.89413577416604e-01 1.90411513112230e+00 
1.82648648648649e+00 -6.86720714815109e-01 -2.09732412688086e+00 5.69832922557324e-01 4.59773464527074e-01 1.92735786938629e+00 
1.84324324324324e+00 -6.69974796195193e-01 -2.07215417586389e+00 5.86585498309482e-01 3.28893743470948e-01 1.95088154613843e+00 
1.86000000000000e+00 -6.53227479967131e-01 -2.04724826018370e+00 6.03337244983089e-01 1.97124385284141e-01 1.97468676398784e+00 
1.87675675675676e+00 -6.36478877029289e-01 -2.02261316522560e+00 6.20088051047190e-01 6.48206613123495e-02 1.99877294750168e+00 
1.89351351351351e+00 -6.19729103260546e-01 -1.99825386155831e+00 6.36837800955558e-01 -6.76589680609258e-02 2.02313820169309e+00 
1.91027027027027e+00 -6.02978275838876e-01 -1.97417368405264e+00 6.53586377524307e-01 -1.99954991790315e-01 2.04777915842565e+00 
1.92702702702703e+00 -5.86226510247249e-01 -1.95037449785204e+00 6.70333664940136e-01 -3.31708995475024e-01 2.07269081016618e+00 
1.94378378378378e+00 -5.69473917908863e-01 -1.92685685170300e+00 6.87079552457064e-01 -4.62565799343968e-01 2.09786633057934e+00 
1.96054054054054e+00 -5.52720604389784e-01 -1.90362011921476e+00 7.03823938833476e-01 -5.92175568749450e-01 2.12329688154081e+00 
1.97729729729730e+00 -5.35966668104999e-01 -1.88066262866090e+00 7.20566737553098e-01 -7.20195879240681e-01 2.14897140625279e+00 
1.99405405405405e+00 -5.19212199463527e-01 -1.85798178196281e+00 7.37307882863069e-01 -8.46293718688388e-01 2.17487640827981e+00 
2.01081081081081e+00 -5.02457280389328e-01 -1.83557416350970e+00 7.54047336649741e-01 -9.70147409489530e-01 2.20099571648726e+00 
2.02756756756757e+00 -4.85701984157113e-01 -1.81343563947283e+00 7.70785096158187e-01 -1.09144843459440e+00 2.22731023606219e+00 
2.04432432432432e+00 -4.68946375485492e-01 -1.79156144826643e+00 7.87521202544999e-01 -1.20990315196442e+00 2.25379768602883e+00 
2.06108108108108e+00 -4.52190510834084e-01 -1.76994628279488e+00 8.04255750236085e-01 -1.32523438308451e+00 2.28043232394200e+00 
2.07783783783784e+00 -4.35434438855861e-01 -1.74858436510740e+00 8.20988897042321e-01 -1.43718286231432e+00 2.30718465875168e+00 
2.09459459459459e+00 -4.18678200961155e-01 -1.72746951405902e+00 8.37720874966471e-01 -1.54550853516260e+00 2.33402115318314e+00 
2.11135135135135e+00 -4.01921831954995e-01 -1.70659520655097e+00 8.54452001615729e-01 -1.64999169500081e+00 2.36090391736847e+00 
2.12810810810811e+00 -3.85165360714800e-01 -1.68595463289561e+00 8.71182692115719e-01 -1.75043394928904e+00 2.38779039589667e+00 
2.14486486486487e+00 -3.68408810880683e-01 -1.66554074682215e+00 8.87913471405110e-01 -1.84665900805680e+00 2.41463305091838e+00 
2.16162162162162e+00 -3.51652201535670e-01 -1.64534631060941e+00 9.04644986775327e-01 -1.93851328915353e+00 2.44137904444316e+00 
2.17837837837838e+00 -3.34895547857903e-01 -1.62536393580203e+00 9.21378020508231e-01 -2.02586633664275e+00 2.46796992349767e+00 
2.19513513513514e+00 -3.18138861731274e-01 -1.60558611993661e+00 9.38113502456396e-01 -2.10861105064401e+00 2.49434131236259e+00 
2.21189189189189e+00 -3.01382152304927e-01 -1.58600527967530e+00 9.54852522406356e-01 -2.18666372890821e+00 2.52042261666682e+00 
2.22864864864865e+00 -2.84625426495607e-01 -1.56661378071557e+00 9.71596342065050e-01 -2.25996392242314e+00 2.54613674467587e+00 
2.24540540540541e+00 -2.67868689429888e-01 -1.54740396481764e+00 9.88346406513928e-01 -2.32847410936329e+00 2.57139985165355e+00 
2.26216216216216e+00 -2.51111944825893e-01 -1.52836817426413e+00 1.00510435498356e+00 -2.39217919369259e+00 2.59612111368598e+00 
2.27891891891892e+00 -2.34355195316269e-01 -1.50949877404093e+00 1.02187203081398e+00 -2.45108583667451e+00 2.62020253781512e+00 
2.29567567567568e+00 -2.17598442715795e-01 -1.49078817200365e+00 1.03865149048167e+00 -2.50522163140638e+00 2.64353881571609e+00 
2.31243243243243e+00 -2.00841688238254e-01 -1.47222883726995e+00 1.05544501159300e+00 -2.55463413224535e+00 2.66601722844616e+00 
2.32918918918919e+00 -1.84084932668029e-01 -1.45381331705539e+00 1.07225509976429e+00 -2.59938975259685e+00 2.68751760997246e+00 
2.34594594594595e+00 -1.67328176492321e-01 -1.43553425214787e+00 1.08908449433106e+00 -2.63957254596095e+00 2.70791237722692e+00 
2.36270270270270e+00 -1.50571420000071e-01 -1.41738439119441e+00 1.10593617285124e+00 -2.67528288634795e+00 2.72706663432127e+00 
2.37945945945946e+00 -1.33814663353497e-01 -1.39935660395269e+00 1.12281335438900e+00 -2.70663606515117e+00 2.74483835826252e+00 
2.39621621621622e+00 -1.17057906637847e-01 -1.38144389363959e+00 1.13971950158694e+00 -2.73376082227982e+00 2.76107867302547e+00 
2.41297297297297e+00 -1.00301149894413e-01 -1.36363940848834e+00 1.15665832155259e+00 -2.75679782978648e+00 2.77563221815221e+00 
2.42972972972973e+00 -8.35443931412424e-02 -1.34593645260663e+00 1.17363376560199e+00 -2.77589814635909e+00 2.78833761715331e+00 
2.44648648648649e+00 -6.67876363852329e-02 -1.32832849620819e+00 1.19065002791583e+00 -2.79122166087994e+00 2.79902804988333e+00 
2.46324324324324e+00 -5.00308796285827e-02 -1.31080918527161e+00 1.20771154317379e+00 -2.80293554278448e+00 2.80753193176070e+00 
2.48000000000000e+00 -3.32741228718346e-02 -1.29337235066161e+00 1.22482298323923e+00 -2.81121271618974e+00 2.81367370121497e+00 
2.49675675675676e+00 -1.65173661150776e-02 -1.27601201673001e+00 1.24198925296896e+00 -2.81623037372523e+00 2.81727471509574e+00 
2.51351351351351e+00 2.39390641679106e-04 -1.25872240939645e+00 1.25921548522297e+00 -2.81816854471060e+00 2.81815424999595e+00 
2.53027027027027e+00 1.69961473984358e-02 -1.24149796369306e+00 1.27650703514473e+00 -2.81720873082089e+00 2.81613060556553e+00 
2.54702702702703e+00 3.37529041551926e-02 -1.22433333074198e+00 1.29386947377658e+00 -2.81353262069752e+00 2.81102230395954e+00 
2.56378378378378e+00 5.05096609119400e-02 -1.20722338412175e+00 1.31130858106548e+00 -2.80732089314796e+00 2.80264937762550e+00 
2.58054054054054e+00 6.72664176685829e-02 -1.19016322556712e+00 1.32883033830265e+00 -2.79875211667419e+00 2.79083473573393e+00 
2.59729729729730e+00 8.40231744245555e-02 -1.17314818993751e+00 1.34644092002785e+00 -2.78800175113026e+00 2.77540559774331e+00 
2.61405405405405e+00 1.00779931177577e-01 -1.15617384938318e+00 1.36414668541358e+00 -2.77524125537849e+00 2.75619498091369e+00 
2.63081081081081e+00 1.17536687920543e-01 -1.13923601663456e+00 1.38195416912885e+00 -2.76063730293889e+00 2.73304322708389e+00 
2.64756756756757e+00 1.34293444634944e-01 -1.12233074733962e+00 1.39987007166452e+00 -2.74435110584892e+00 2.70579955274696e+00 
2.66432432432432e+00 1.51050201278566e-01 -1.10545434137753e+00 1.41790124908464e+00 -2.72653784530515e+00 2.67432360542770e+00 
2.68108108108108e+00 1.67806957764491e-01 -1.08860334308320e+00 1.43605470214952e+00 -2.70734620617733e+00 2.63848700861238e+00 
2.69783783783784e+00 1.84563713927661e-01 -1.07177454032734e+00 1.45433756473728e+00 -2.68691801118766e+00 2.59817487701893e+00 
2.71459459459459e+00 2.01320469474580e-01 -1.05496496241000e+00 1.47275709147122e+00 -2.66538794945233e+00 2.55328728383739e+00 
2.73135135135135e+00 2.18077223911073e-01 -1.03817187674187e+00 1.49132064444055e+00 -2.64288339319251e+00 2.50374066171442e+00 
2.74810810810811e+00 2.34833976442495e-01 -1.02139278430633e+00 1.51003567888198e+00 -2.61952429574206e+00 2.44946911969554e+00 
2.76486486486486e+00 2.51590725840476e-01 -1.00462541391618e+00 1.52890972766883e+00 -2.59542316350030e+00 2.39042565906147e+00 
2.78162162162162e+00 2.68347470270107e-01 -9.87867715300810e-01 1.54795038443354e+00 -2.57068509419143e+00 2.32658327197895e+00 
2.79837837837838e+00 2.85104207071694e-01 -9.71117851082064e-01 1.56716528512776e+00 -2.54540787368118e+00 2.25793590810834e+00 
2.81513513513514e+00 3.01860932491624e-01 -9.54374187719082e-01 1.58656208780185e+00 -2.51968212364698e+00 2.18449929574072e+00 
2.83189189189189e+00 3.18617641357760e-01 -9.37635285522967e-01 1.60614845036260e+00 -2.49359149258061e+00 2.10631160564552e+00 
2.84864864864865e+00 3.35374326695996e-01 -9.20899887860810e-01 1.62593200604438e+00 -2.46721288289906e+00 2.02343394756294e+00 
2.86540540540541e+00 3.52130979286304e-01 -9.04166909684293e-01 1.64592033630390e+00 -2.44061670732834e+00 1.93595069114209e+00 
2.88216216216216e+00 3.68887587158692e-01 -8.87435425530278e-01 1.66612094082306e+00 -2.41386716818555e+00 1.84396960507202e+00 
2.89891891891892e+00 3.85644135032144e-01 -8.70704657149149e-01 1.68654120427813e+00 -2.38702255369480e+00 1.74762181014955e+00 
2.91567567567568e+00 4.02400603702649e-01 -8.53973960920674e-01 1.70718835950510e+00 -2.36013554601626e+00 1.64706154404428e+00 
2.93243243243243e+00 4.19156969389982e-01 -8.37242815217005e-01 1.72806944666346e+00 -2.33325353622558e+00 1.54246573753270e+00 
2.94918918918919e+00 4.35913203056941e-01 -8.20510807867974e-01 1.74919126797062e+00 -2.30641894204187e+00 1.43403340395295e+00 
2.96594594594595e+00 4.52669269719047e-01 -8.03777623875540e-01 1.77056033754999e+00 -2.27966952465135e+00 1.32198484556062e+00 
2.98270270270270e+00 4.69425127767607e-01 -7.87043033512510e-01 1.79218282590541e+00 -2.25303870150346e+00 1.20656068232279e+00 
2.99945945945946e+00 4.86180728333984e-01 -7.70306880925947e-01 1.81406449850511e+00 -2.22655585245728e+00 1.08802071045652e+00 
3.01621621621622e+00 5.02936014728230e-01 -7.53569073348887e-01 1.83621064792892e+00 -2.20024661712403e+00 9.66642599685305e-01 
3.03297297297297e+00 5.19690921990534e-01 -7.36829571005530e-01 1.85862601900511e+00 -2.17413318168133e+00 8.42720439739826e-01 
3.04972972972973e+00 5.36445376599253e-01 -7.20088377775869e-01 1.88131472633720e+00 -2.14823455382569e+00 7.16563148057693e-01 
3.06648648648649e+00 5.53199296384353e-01 -7.03345532666396e-01 1.90428016359908e+00 -2.12256682487922e+00 5.88492751933183e-01 
3.08324324324324e+00 5.69952590699770e-01 -6.86601102114638e-01 1.92752490395826e+00 -2.09714341837570e+00 4.58842559524044e-01 
3.10000000000000e+00 5.86705160912391e-01 -6.69855173137459e-01 1.95105059097457e+00 -2.07197532472069e+00 3.27955235133860e-01 
Dissipation Data
0.00000000000000e+00 -3.96318013611402e+01 -3.96318013611400e+01 -3.68198638859592e-01 -3.68198638859603e-01 1.00171522663617e-14 
1.67567567567568e-02 -3.79982123122587e+01 -4.13046920743499e+01 -3.33516681630361e-01 -4.05672633823921e-01 -1.57686845919328e-15 
3.35135135135135e-02 -3.64056490146408e+01 -4.30148594641917e+01 -3.01474179647735e-01 -4.46096836481667e-01 1.75302718056257e-14 
5.02702702702703e-02 -3.48555452683430e+01 -4.47599690674487e+01 -2.71923893029362e-01 -4.89635281802998e-01 -8.88265677995746e-15 
6.70270270270270e-02 -3.33490569709546e+01 -4.65373706640458e+01 -2.44723711490882e-01 -5.36458180587035e-01 -2.51337479047845e-13 
8.37837837837838e-02 -3.18870759955356e+01 -4.83440945233044e+01 -2.19736472111588e-01 -5.86742263951716e-01 -2.40003778943390e-12 
1.00540540540541e-01 -3.04702452825135e+01 -5.01768503863245e+01 -1.96829806513813e-01 -6.40671161729653e-01 -1.47716741493747e-11 
1.17297297297297e-01 -2.90989748689618e+01 -5.20320293623011e+01 -1.75876015794525e-01 -6.98435814867274e-01 -6.89059816811942e-11 
1.34054054054054e-01 -2.77734585868205e+01 -5.39057088814030e+01 -1.56751971239958e-01 -7.60234921817092e-01 -2.61063956843704e-10 
1.50810810810811e-01 -2.64936911743618e+01 -5.57936608079344e+01 -1.39339038544154e-01 -8.26275418830979e-01 -8.44642436750017e-10 
1.67567567567568e-01 -2.52594855618593e+01 -5.76913627756969e+01 -1.23523022954238e-01 -8.96772994000121e-01 -2.41249137402629e-09 
1.84324324324324e-01 -2.40704901122916e+01 -5.95940127637033e+01 -1.09194132489927e-01 -9.71952634841222e-01 -6.22913594650770e-09 
2.01081081081081e-01 -2.29262056201948e+01 -6.14965468855772e+01 -9.62469561465005e-02 -1.05204920919218e+00 -1.47964715974323e-08 
2.17837837837838e-01 -2.18260018957012e+01 -6.33936603210398e+01 -8.45804537998310e-02 -1.13730807915071e+00 -3.27668558208606e-08 
2.34594594594595e-01 -2.07691337856058e+01 -6.52798312737773e+01 -7.40979544023772e-02 -1.22798574775626e+00 -6.83513664615907e-08 
2.51351351351351e-01 -1.97547565082759e+01 -6.71493477974734e+01 -6.47071589994997e-02 -1.32435053807820e+00 -1.35411325233822e-07 
2.68108108108108e-01 -1.87819402037228e+01 -6.89963372917207e+01 -5.63201451125401e-02 -1.42668330432191e+00 -2.56464296931320e-07 
2.84864864864865e-01 -1.78496836236405e+01 -7.08147984324802e+01 -4.88533691361856e-02 -1.53527817449542e+00 -4.66884669873900e-07 
3.01621621621622e-01 -1.69569269082393e+01 -7.25986352683438e+01 -4.22276635796899e-02 -1.65044332408664e+00 -8.20628733450770e-07 
3.18378378378378e-01 -1.61025634168984e+01 -7.43416931844741e+01 -3.63682262452262e-02 -1.77250178007736e+00 -1.39786796989649e-06 
3.35135135135135e-01 -1.52854505978081e+01 -7.60377964110941e+01 -3.12045987738879e-02 -1.90179225446184e+00 -2.31496804368728e-06 
3.51891891891892e-01 -1.45044198976951e+01 -7.76807867329727e+01 -2.66706323902551e-02 -2.03867000623746e+00 -3.73730412313566e-06 
3.68648648648649e-01 -1.37582857263811e+01 -7.92645630406174e+01 -2.27044391286156e-02 -2.18350773058556e+00 -5.89545534898968e-06 
3.85405405405405e-01 -1.30458535023221e+01 -8.07831213528821e+01 -1.92483273100440e-02 -2.33669647365702e+00 -9.10536892055391e-06 
4.02162162162162e-01 -1.23659268144975e+01 -8.22305949343222e+01 -1.62487205453308e-02 -2.49864657101324e+00 -1.37931264626922e-05 
4.18918918918919e-01 -1.17173137431866e+01 -8.36012941288127e+01 -1.36560600439620e-02 -2.66978860733983e+00 -2.05249816049183e-05 
4.35675675675676e-01 -1.10988323874711e+01 -8.48897455334619e+01 -1.14246904995981e-02 -2.85057439454097e+00 -3.00433623445922e-05 
4.52432432432432e-01 -1.05093156509028e+01 -8.60907301435006e+01 -9.51273027870104e-03 -3.04147796472921e+00 -4.33095472117459e-05 
4.69189189189189e-01 -9.94761533891116e+00 -8.71993201093653e+01 -7.88192705071356e-03 -3.24299657394214e+00 -6.15537247236515e-05 
4.85945945945946e-01 -9.41260562237759e+00 -8.82109137613093e+01 -6.49750035099259e-03 -3.45565171162860e+00 -8.63331312836772e-05 
5.02702702702703e-01 -8.90318592160493e+00 -8.91212685743239e+01 -5.32797285607627e-03 -3.67999011005266e+00 -1.19598930735521e-04 
5.19459459459459e-01 -8.41828326383565e+00 -8.99265317666081e+01 -4.34499236761513e-03 -3.91658474674685e+00 -1.63772447357085e-04 
5.36216216216216e-01 -7.95685416571670e+00 -9.06232682479915e+01 -3.52314664653301e-03 -4.16603583199907e+00 -2.21831292175861e-04 
5.52972972972973e-01 -7.51788608983294e+00 -9.12084856603190e+01 -2.83977331286486e-03 -4.42897177207480e+00 -2.97405828459736e-04 
5.69729729729730e-01 -7.10039852177127e+00 -9.16796562795195e+01 -2.27476703360936e-03 -4.70605009743946e+00 -3.94886305108469e-04 
5.86486486486486e-01 -6.70344371127417e+00 -9.20347355786494e+01 -1.81038616635774e-03 -4.99795834365442e+00 -5.19540846957761e-04 
6.03243243243243e-01 -6.32610711798216e+00 -9.22721772823249e+01 -1.43106091995944e-03 -5.30541487086122e+00 -6.77644328567240e-04 
6.20000000000000e-01 -5.96750759915203e+00 -9.23909447753747e+01 -1.12320494065539e-03 -5.62916960583649e+00 -8.76617974170724e-04 
6.36756756756757e-01 -5.62679737362978e+00 -9.23905187619782e+01 -8.75032046197711e-04 -5.97000468848753e+00 -1.12517932356724e-03 
6.53513513513513e-01 -5.30316179331822e+00 -9.22709011057582e+01 -6.76379617619042e-04 -6.32873500237163e+00 -1.43350198470551e-03 
6.70270270270270e-01 -4.99581895044407e+00 -9.20326148159952e+01 -5.18539930158724e-04 -6.70620856634944e+00 -1.81338436372328e-03 
6.87027027027027e-01 -4.70401914613251e+00 -9.16767001800919e+01 -3.94100467787252e-04 -7.10330676184644e+00 -2.27842632529812e-03 
7.03783783783784e-01 -4.42704424315903e+00 -9.12047070773613e+01 -2.96794029699875e-04 -7.52094436739573e+00 -2.84421250108842e-03 
7.20540540540541e-01 -4.16420692327984e+00 -9.06186835439264e+01 -2.21359205898478e-04 -7.96006936920203e+00 -3.52850073433779e-03 
7.37297297297297e-01 -3.91484986725499e+00 -8.99211606926980e+01 -1.63411580854743e-04 -8.42166251342556e+00 -4.35141393708828e-03 
7.54054054054054e-01 -3.67834487356586e+00 -8.91151341258415e+01 -1.19325821028998e-04 -8.90673656277615e+00 -5.33563345001279e-03 
7.70810810810811e-01 -3.45409192990155e+00 -8.82040420095432e+01 -8.61286185404077e-05 -9.41633521689648e+00 -6.50659184308727e-03 
7.87567567567568e-01 -3.24151824972707e+00 -8.71917400120030e+01 -6.14023008562760e-05 -9.95153165295470e+00 -7.89266298838830e-03 
8.04324324324324e-01 -3.04007728465793e+00 -8.60824733351330e+01 -4.31987768677248e-05 -1.05134266399628e+01 -9.52534718262487e-03 
8.21081081081081e-01 -2.84924772193051e+00 -8.48808460981522e+01 -2.99633726582601e-05 -1.11031461776830e+01 -1.14394491043254e-02 
8.37837837837838e-01 -2.66853247497426e+00 -8.35917883568368e+01 -2.04680167231448e-05 -1.17218386087083e+01 -1.36732464648605e-02 
8.54594594594595e-01 -2.49745767394713e+00 -8.22205210653508e+01 -1.37531621100453e-05 -1.23706711505534e+01 -1.62686473580706e-02 
8.71351351351351e-01 -2.33557166207906e+00 -8.07725193080113e+01 -9.07778220943344e-06 -1.30508257935240e+01 -1.92713345311467e-02 
8.88108108108108e-01 -2.18244400277452e+00 -7.92534741457586e+01 -5.87674481353413e-06 -1.37634945099378e+01 -2.27308950872561e-02 
9.04864864864865e-01 -2.03766450163780e+00 -7.76692534362114e+01 -3.72485479576467e-06 -1.45098737211351e+01 -2.67009344849815e-02 
9.21621621621622e-01 -1.90084224690192e+00 -7.60258619966841e+01 -2.30685676777973e-06 -1.52911579708581e+01 -3.12391741104555e-02 
9.38378378378378e-01 -1.77160467114860e+00 -7.43294014861639e+01 -1.39270370859799e-06 -1.61085327571932e+01 -3.64075321553160e-02 
9.55135135135135e-01 -1.64959663669900e+00 -7.25860303847424e+01 -8.17423600057495e-07 -1.69631664805837e+01 -4.22721880239112e-02 
9.71891891891892e-01 -1.53447954662198e+00 -7.08019244471301e+01 -4.64951098649670e-07 -1.78562014725990e+01 -4.89036309986223e-02 
9.88648648648649e-01 -1.42593048294278e+00 -6.89832380004921e+01 -2.55334261568208e-07 -1.87887440793903e+01 -5.63766943969628e-02 
1.00540540540541e+00 -1.32364137333160e+00 -6.71360664457962e+01 -1.34774111206578e-07 -1.97618537851705e+01 -6.47705769416193e-02 
1.02216216216216e+00 -1.22731818730343e+00 -6.52664103060930e+01 -6.80063761672870e-08 -2.07765313747297e+01 -7.41688535147999e-02 
1.03891891891892e+00 -1.13668016276052e+00 -6.33801411447010e+01 -3.25885666768093e-08 -2.18337061499385e+01 -8.46594778695763e-02 
1.05567567567568e+00 -1.05145906354892e+00 -6.14829696512206e+01 -1.47091750327033e-08 -2.29342222333523e+01 -9.63347802069200e-02 
1.07243243243243e+00 -9.71398468579881e-01 -5.95804161639033e+01 -6.18900836612599e-09 -2.40788240122402e+01 -1.09291462790092e-01 
1.08918918918919e+00 -8.96253092971703e-01 -5.76777838634471e+01 -2.39540037177627e-09 -2.52681407983947e+01 -1.23630596950748e-01 
1.10594594594595e+00 -8.25788141600488e-01 -5.57801348362382e+01 -8.37982098039604e-10 -2.65026708025778e+01 -1.39457624939628e-01 
1.12270270270270e+00 -7.59778695396804e-01 -5.38922691649467e+01 -2.58748101207083e-10 -2.77827645469636e+01 -1.56882370093279e-01 
1.13945945945946e+00 -6.98009130686706e-01 -5.20187071618848e+01 -6.81990902301484e-11 -2.91086078639168e+01 -1.76019058726588e-01 
1.15621621621622e+00 -6.40272571844616e-01 -5.01636748163972e+01 -1.46071730268004e-11 -3.04802046542411e+01 -1.96986357031854e-01 
1.17297297297297e+00 -5.86370377493485e-01 -4.83310924826317e+01 -2.35088124764837e-12 -3.18973596019517e+01 -2.19907426072816e-01 
1.18972972972973e+00 -5.36111660453564e-01 -4.65245667892247e+01 -2.57276144539140e-13 -3.33596610648931e+01 -2.44909997725688e-01 
1.20648648648649e+00 -4.89312841592316e-01 -4.47473857086711e+01 -1.85089571566169e-14 -3.48664643803713e+01 -2.72126474140612e-01 
1.22324324324324e+00 -4.45797237668526e-01 -4.30025166823712e+01 1.25294350516539e-14 -3.64168758416073e+01 -3.01694053001798e-01 
1.24000000000000e+00 -4.05394683179032e-01 -4.12926076584646e+01 -8.03624321274046e-15 -3.80097376135245e+01 -3.33754880552822e-01 
1.25675675675676e+00 -3.67941186110273e-01 -3.96199908644024e+01 -3.37215978841599e-15 -3.96436138644861e+01 -3.68456234046083e-01 
1.27351351351351e+00 -3.33278617360771e-01 -3.79866891055259e+01 -6.26708812771378e-15 -4.13167783935573e+01 -4.05950734975310e-01 
1.29027027027027e+00 -3.01254433434625e-01 -3.63944243553124e+01 1.78699562251041e-14 -4.30272040302474e+01 -4.46396594169653e-01 
1.30702702702703e+00 -2.71721431808854e-01 -3.48446283828723e+01 -9.68865319068505e-15 -4.47725540752528e+01 -4.89957889571912e-01 
1.32378378378378e+00 -2.44537538148837e-01 -3.33384551490162e+01 -2.64333171776249e-13 -4.65501760363700e+01 -5.36804877294660e-01 
1.34054054054054e+00 -2.19565624289657e-01 -3.18767946938566e+01 -2.44014210721756e-12 -4.83570978935903e+01 -5.87114336351803e-01 
1.35729729729730e+00 -1.96673355619836e-01 -3.04602882363738e+01 -1.49614248722775e-11 -5.01900271017040e+01 -6.41069947297254e-01 
1.37405405405405e+00 -1.75733066204285e-01 -2.90893442094116e+01 -6.95999281378785e-11 -5.20453525079897e+01 -6.98862704866750e-01 
1.39081081081081e+00 -1.56621659675533e-01 -2.77641549617401e+01 -2.63372251692820e-10 -5.39191493273472e+01 -7.60691364612829e-01 
1.40756756756757e+00 -1.39220533611057e-01 -2.64847138715903e+01 -8.51345142106606e-10 -5.58071872783076e+01 -8.26762923439845e-01 
1.42432432432432e+00 -1.23415524818168e-01 -2.52508326327540e+01 -2.42971025068602e-09 -5.77049419415294e+01 -8.97293133884270e-01 
1.44108108108108e+00 -1.09096872671755e-01 -2.40621584942310e+01 -6.26949923150027e-09 -5.96076093586178e+01 -9.72507051939542e-01 
1.45783783783784e+00 -9.61591974126080e-02 -2.29181912567024e+01 -1.48842417319393e-08 -6.15101238442727e+01 -1.05263961818899e+00 
1.47459459459459e+00 -8.45014901240305e-02 -2.18182998530431e+01 -3.29460225156903e-08 -6.34071789398599e+01 -1.13793627197939e+00 
1.49135135135135e+00 -7.40271109744395e-02 -2.07617383648950e+01 -6.86979469911568e-08 -6.52932513923709e+01 -1.22865359833545e+00 
1.50810810810811e+00 -6.46437922556830e-02 -1.97476613522910e+01 -1.36051229049952e-07 -6.71626280002803e+01 -1.32506000727834e+00 
1.52486486486486e+00 -5.62636427636989e-02 -1.87751383978229e+01 -2.57598810925657e-07 -6.90094351277221e+01 -1.42743644515880e+00 
1.54162162162162e+00 -4.88031501699649e-02 -1.78431677903212e+01 -4.68825450935103e-07 -7.08276706514106e+01 -1.53607713754758e+00 
1.55837837837838e+00 -4.21831782150703e-02 -1.69506892950225e+01 -8.23845115372325e-07 -7.26112380713326e+01 -1.65129036313163e+00 
1.57513513513514e+00 -3.63289558198141e-02 -1.60965959773915e+01 -1.40304938839012e-06 -7.43539824868944e+01 -1.77339925794220e+00 
1.59189189189189e+00 -3.11700555469992e-02 -1.52797450658839e+01 -2.32310483245623e-06 -7.60497281152297e+01 -1.90274264908074e+00 
1.60864864864865e+00 -2.66403592477019e-02 -1.44989678548531e+01 -3.74979061949322e-06 -7.76923170079857e+01 -2.03967591690868e+00 
1.62540540540541e+00 -2.26780091788476e-02 -1.37530786624395e+01 -5.91421910133823e-06 -7.92756486072103e+01 -2.18457188441696e+00 
1.64216216216216e+00 -1.92253433645638e-02 -1.30408828696628e+01 -9.13303044624420e-06 -8.07937197699728e+01 -2.33782173218812e+00 
1.65891891891892e+00 -1.62288144799891e-02 -1.23611840761442e+01 -1.38331943688153e-05 -8.22406648850380e+01 -2.49983593699848e+00 
1.67567567567568e+00 -1.36388920415051e-02 -1.17127904150420e+01 -2.05820877406866e-05 -8.36107957030963e+01 -2.67104523167359e+00 
1.69243243243243e+00 -1.14099481769616e-02 -1.10945200750689e+01 -3.01235421208626e-05 -8.48986405046279e+01 -2.85190158330235e+00 
1.70918918918919e+00 -9.50012770578610e-03 -1.05052060810524e+01 -4.34205701776617e-05 -8.60989822361367e+01 -3.04287918631908e+00 
1.72594594594595e+00 -7.87120367009558e-03 -9.94370038662063e+00 -6.17054803733024e-05 -8.72068952560603e+01 -3.24447546628002e+00 
1.74270270270270e+00 -6.48841981060491e-03 -9.40887733344569e+00 -8.65380750495967e-05 -8.82177803458068e+01 -3.45721208937064e+00 
1.75945945945946e+00 -5.32032176799891e-03 -8.89963653126550e+00 -1.19872594642513e-04 -8.91273976588349e+01 -3.68163597178589e+00 
1.77621621621622e+00 -4.33857900818684e-03 -8.41490521182859e+00 -1.64134019566965e-04 -8.99318973011683e+01 -3.91832028210610e+00 
1.79297297297297e+00 -3.51779961325750e-03 -7.95364010814601e+00 -2.22304268943914e-04 -9.06278472599311e+01 -4.16786542864546e+00 
1.80972972972973e+00 -2.83534015416189e-03 -7.51482890815188e+00 -2.98018741223446e-04 -9.12122584220979e+01 -4.43090002246393e+00 
1.82648648648649e+00 -2.27111286699426e-03 -7.09749132921791e+00 -3.95673524688291e-04 -9.16826064533844e+01 -4.70808180529707e+00 
1.84324324324324e+00 -1.80739230043691e-03 -6.70067985705648e+00 -5.20543465588745e-04 -9.20368503367950e+01 -5.00009853006580e+00 
1.86000000000000e+00 -1.42862349419399e-03 -6.32348018949112e+00 -6.78911119361616e-04 -9.22734474014585e+01 -5.30766877986683e+00 
1.87675675675676e+00 -1.12123359613346e-03 -5.96501142245879e+00 -8.78206426135991e-04 -9.23913647048248e+01 -5.63154270941135e+00 
1.89351351351351e+00 -8.73448638771125e-04 -5.62442601250034e+00 -1.12715674881579e-03 -9.23900866647304e+01 -5.97250269076815e+00 
1.91027027027027e+00 -6.75116983606490e-04 -5.30090954695867e+00 -1.43594669307360e-03 -9.22696188720427e+01 -6.33136384297449e+00 
1.92702702702703e+00 -5.17540712701881e-04 -4.99368035016730e+00 -1.81638689782286e-03 -9.20304880493047e+01 -6.70897442260956e+00 
1.94378378378378e+00 -3.93316010642332e-04 -4.70198895112006e+00 -2.28209074811698e-03 -9.16737381557575e+01 -7.10621604978292e+00 
1.96054054054054e+00 -2.96183343201197e-04 -4.42511743547153e+00 -2.84865772571069e-03 -9.12009226740601e+01 -7.52400374119169e+00 
1.97729729729730e+00 -2.20888008674293e-04 -4.16237870225370e+00 -3.53386188446607e-03 -9.06140931487444e+01 -7.96328571896536e+00 
1.99405405405405e+00 -1.63051418863676e-04 -3.91311564340675e+00 -4.35784372534144e-03 -8.99157840806119e+01 -8.42504296097319e+00 
2.01081081081081e+00 -1.19053264542883e-04 -3.67670026211175e+00 -5.34330355960658e-03 -8.91089943147189e+01 -8.91028845516496e+00 
2.02756756756757e+00 -8.59245360282195e-05 -3.45253274398555e+00 -6.51569429780185e-03 -8.81971650919877e+01 -9.42006611739877e+00 
2.04432432432432e+00 -6.12512081422396e-05 -3.24004049344022e+00 -7.90341149519199e-03 -8.71841549655887e+01 -9.95544932915724e+00 
2.06108108108108e+00 -4.30882586295216e-05 -3.03867714591975e+00 -9.53797843082871e-03 -8.60742118127744e+01 -1.05175390486471e+01 
2.07783783783784e+00 -2.98835726831065e-05 -2.84792156529407e+00 -1.14542240057541e-02 -8.48719422005514e+01 -1.11074614461270e+01 
2.09459459459459e+00 -2.04111928059997e-05 -2.66727683440829e+00 -1.36904513201578e-02 -8.35822783891199e+01 -1.17263650120355e+01 
2.11135135135135e+00 -1.37133010745140e-05 -2.49626924563948e+00 -1.62885949356001e-02 -8.22104432801620e+01 -1.23754170847450e+01 
2.12810810810811e+00 -9.05027012672974e-06 -2.33444729730114e+00 -1.92943650466600e-02 -8.07619136374705e+01 -1.30557997437043e+01 
2.14486486486487e+00 -5.85808732387753e-06 -2.18138070083783e+00 -2.27573770750510e-02 -7.92423819248008e+01 -1.37687050135459e+01 
2.16162162162162e+00 -3.71244256810741e-06 -2.03665940297061e+00 -2.67312655537332e-02 -7.76577171199119e+01 -1.45153293256073e+01 
2.17837837837838e+00 -2.29877092058886e-06 -1.89989262626851e+00 -3.12737815800844e-02 -7.60139248742368e+01 -1.52968671854632e+01 
2.19513513513514e+00 -1.38755651813735e-06 -1.77070793102957e+00 -3.64468735749448e-02 -7.43171073942150e+01 -1.61145039986980e+01 
2.21189189189189e+00 -8.14229687929627e-07 -1.64875030084815e+00 -4.23167515742038e-02 -7.25734234227789e+01 -1.69694080124666e+01 
2.22864864864865e+00 -4.63024705113289e-07 -1.53368125381235e+00 -4.89539357853233e-02 -7.07890486975955e+01 -1.78627213375923e+01 
2.24540540540541e+00 -2.54208700205285e-07 -1.42517798091186e+00 -5.64332906466883e-02 -6.89701372562442e+01 -1.87955500252021e+01 
2.26216216216216e+00 -1.34139594391191e-07 -1.32293251293381e+00 -6.48340461133278e-02 -6.71227839474154e+01 -1.97689531833279e+01 
2.27891891891892e+00 -6.76629271155058e-08 -1.22665091687702e+00 -7.42398083445546e-02 -6.52529884914313e+01 -2.07839311325912e+01 
2.29567567567568e+00 -3.24111461104736e-08 -1.13605252271326e+00 -8.47385623677451e-02 -6.33666214128924e+01 -2.18414126160457e+01 
2.31243243243243e+00 -1.46223414177928e-08 -1.05086918116785e+00 -9.64226696298794e-02 -6.14693921431782e+01 -2.29422410964268e+01 
2.32918918918919e+00 -6.14912546262679e-09 -9.70844553068078e-01 -1.09388863609898e-01 -5.95668195611087e+01 -2.40871601942840e+01 
2.34594594594595e+00 -2.37840470598382e-09 -8.95733430715162e-01 -1.23738246846903e-01 -5.76642052065797e+01 -2.52767983425167e+01 
2.36270270270270e+00 -8.31374401601242e-10 -8.25301091668132e-01 -1.39576292838279e-01 -5.57666093649191e+01 -2.65116527563376e+01 
2.37945945945946e+00 -2.56433988281738e-10 -7.59322685274981e-01 -1.57012856277872e-01 -5.38788301795739e+01 -2.77920728422061e+01 
2.39621621621622e+00 -6.75085204820324e-11 -6.97582652251238e-01 -1.76162195044593e-01 -5.20053859082270e+01 -2.91182431942438e+01 
2.41297297297297e+00 -1.44280238324134e-11 -6.39874177571178e-01 -1.97143007219618e-01 -5.01505003932945e+01 -3.04901663514476e+01 
2.42972972972973e+00 -2.31217814355305e-12 -5.85998676908959e-01 -2.20078486220786e-01 -4.83180917728293e+01 -3.19076455129143e+01 
2.44648648648649e+00 -2.51914323567351e-13 -5.35765316828594e-01 -2.45096396902381e-01 -4.65117644130475e+01 -3.33702674305530e+01 
2.46324324324324e+00 -1.57777134621921e-14 -4.88990568876673e-01 -2.72329175193464e-01 -4.47348039999433e+01 -3.48773857185848e+01 
2.48000000000000e+00 4.37793442833146e-15 -4.45497797669348e-01 -3.01914053549530e-01 -4.29901756856932e+01 -3.64281048357410e+01 
2.49675675675676e+00 2.07095973308894e-15 -4.05116882981870e-01 -3.33993214182709e-01 -4.12805251466942e+01 -3.80212650087480e+01 
2.51351351351351e+00 3.51173403882597e-15 -3.67683875741522e-01 -3.68713971726368e-01 -3.96081823749547e+01 -3.96554283737576e+01 
2.53027027027027e+00 -2.47050754109545e-16 -3.33040687689417e-01 -4.06228986691833e-01 -3.79751679938998e+01 -4.13288666152925e+01 
2.54702702702703e+00 1.05983860537096e-14 -3.01034814309830e-01 -4.46696510793399e-01 -3.63832018640925e+01 -4.30395503796299e+01 
2.56378378378378e+00 -3.08497514120745e-15 -2.71519090428202e-01 -4.90280664962228e-01 -3.48337137243305e+01 -4.47851407310588e+01 
2.58054054054054e+00 -2.49973259900136e-13 -2.44351477650447e-01 -5.37151750642025e-01 -3.33278555993559e+01 -4.65629829050564e+01 
2.59729729729730e+00 -2.47039804008641e-12 -2.19394882559725e-01 -5.87486594762080e-01 -3.18665156971049e+01 -4.83701025922314e+01 
2.61405405405405e+00 -1.51377812698694e-11 -1.96517004304201e-01 -6.41468928618441e-01 -3.04503335159299e+01 -5.02032049611623e+01 
2.63081081081081e+00 -7.03107540213554e-11 -1.75590209911888e-01 -6.99289800759049e-01 -2.90797158852990e+01 -5.20586765974642e+01 
2.64756756756757e+00 -2.65736201462409e-10 -1.56491435357572e-01 -7.61148023860993e-01 -2.77548536716859e+01 -5.39325905011834e+01 
2.66432432432432e+00 -8.58088546003922e-10 -1.39102110099537e-01 -8.27250655507396e-01 -2.64757388941632e+01 -5.58207142456566e+01 
2.68108108108108e+00 -2.44704335112845e-09 -1.23308102503353e-01 -8.97813512707849e-01 -2.52421820109219e+01 -5.77185213591448e+01 
2.69783783783784e+00 -6.31008185103199e-09 -1.08999683297931e-01 -9.73061719962264e-01 -2.40538291578509e+01 -5.96212059467542e+01 
2.71459459459459e+00 -1.49724642622014e-08 -9.60715039692420e-02 -1.05323029063082e+00 -2.29101791426227e+01 -6.15237005253319e+01 
2.73135135135135e+00 -3.31260741935463e-08 -8.44225868077584e-02 -1.13856474134217e+00 -2.18106000216729e+01 -6.34206969991107e+01 
2.74810810810811e+00 -6.90460994639873e-08 -7.39563231981340e-02 -1.22932173914104e+00 -2.07543451122724e+01 -6.53066706597592e+01 
2.76486486486486e+00 -1.36693865036980e-07 -6.45804766789385e-02 -1.32576978103673e+00 -1.97405683168625e+01 -6.71759070520499e+01 
2.78162162162162e+00 -2.58737821764291e-07 -5.62071873208162e-02 -1.42818990556325e+00 -1.87683386613139e+01 -6.90225315062888e+01 
2.79837837837838e+00 -4.70773469415363e-07 -4.87529740718725e-02 -1.53687643589347e+00 -1.78366539722449e+01 -7.08405411016852e+01 
2.81513513513514e+00 -8.27072789577155e-07 -4.21387319035460e-02 -1.65213775395448e+00 -1.69444536405225e+01 -7.26238387914583e+01 
2.83189189189189e+00 -1.40824797214307e-06 -3.62897208541916e-02 -1.77429710486956e+00 -1.60906304382506e+01 -7.43662693911739e+01 
2.84864864864865e+00 -2.33126719360902e-06 -3.11355444064834e-02 -1.90369343089129e+00 -1.52740413746554e+01 -7.60616571068525e+01 
2.86540540540541e+00 -3.76231440279982e-06 -2.66101150355795e-02 -2.04068223379054e+00 -1.44935175921744e+01 -7.77038442590412e+01 
2.88216216216216e+00 -5.93303619103624e-06 -2.26516052177085e-02 -2.18563646441457e+00 -1.37478733176767e+01 -7.92867308433700e+01 
2.89891891891892e+00 -9.16076696262313e-06 -1.92023826759142e-02 -2.33894743782562e+00 -1.30359138951104e+01 -8.08043145571745e+01 
2.91567567567568e+00 -1.38733660662141e-05 -1.62089291447048e-02 -2.50102577206361e+00 -1.23564429350604e+01 -8.22507309154607e+01 
2.93243243243243e+00 -2.06393354163643e-05 -1.36217424415774e-02 -2.67230234814420e+00 -1.17082686238458e+01 -8.36202930777355e+01 
2.94918918918919e+00 -3.02039123724622e-05 -1.13952221218407e-02 -2.85322928839156e+00 -1.10902092400541e+01 -8.49075310097983e+01 
2.96594594594595e+00 -4.35318462424546e-05 -9.48753945052686e-03 -3.04428094961315e+00 -1.05010979299968e+01 -8.61072296113020e+01 
2.98270270270270e+00 -6.18575684343746e-05 -7.86049283448947e-03 -3.24595492693527e+00 -9.93978679567722e+00 -8.72144654504736e+01 
2.99945945945946e+00 -8.67434506189841e-05 -6.47935021106859e-03 -3.45877306333165e+00 -9.40515034970466e+00 -8.82246417615591e+01 
3.01621621621622e+00 -1.20146813728945e-04 -5.31268017603960e-03 -3.68328245897923e+00 -8.89608839137193e+00 -8.91335213780445e+01 
3.03297297297297e+00 -1.64496298703744e-04 -4.33217385007709e-03 -3.92005647355662e+00 -8.41152835702967e+00 -8.99372572952056e+01 
3.04972972972973e+00 -2.22778137663827e-04 -3.51245962675881e-03 -4.16969571345342e+00 -7.95042719612664e+00 -9.06324205787387e+01 
3.06648648648649e+00 -2.98632769732409e-04 -2.83091301808289e-03 -4.43282899457140e+00 -7.51177282200117e+00 -9.12160253618636e+01 
3.08324324324324e+00 -3.96462128615850e-04 -2.26746381941986e-03 -4.71011426996145e+00 -7.09458518384711e+00 -9.16855507010313e+01 
3.10000000000000e+00 -5.21547788524609e-04 -1.80440276067182e-03 -5.00223950994585e+00 -6.69791700336919e+00 -9.20389590899609e+01 
