Data Format: k_val_normalized w_real_normalized w_imag 
num_pts 690 
0.00000000000000e+00 -1.70521987565258e-16 -2.87107783550131e-15 
4.55205172186304e-03 4.55205172186329e-03 -1.07740427331335e-14 
9.10410344372608e-03 9.10410344372604e-03 -1.35989180036457e-14 
1.36561551655891e-02 1.36561551655891e-02 -1.76161919650413e-14 
1.82082068874522e-02 1.82082068874519e-02 -4.60360426012530e-14 
2.27602586093152e-02 2.27602586093138e-02 -1.64327046046603e-13 
2.73123103311783e-02 2.73123103311736e-02 -5.00899355341781e-13 
3.18643620530413e-02 3.18643620530272e-02 -1.24078152296657e-12 
3.64164137749043e-02 3.64164137748678e-02 -2.70494100713939e-12 
4.09684654967674e-02 4.09684654966826e-02 -5.32927936525687e-12 
4.55205172186304e-02 4.55205172184512e-02 -9.80230931016128e-12 
5.00725689404935e-02 5.00725689401429e-02 -1.69512072370570e-11 
5.46246206623565e-02 5.46246206617067e-02 -2.78025048558901e-11 
5.91766723842196e-02 5.91766723830717e-02 -4.35964887651360e-11 
6.37287241060826e-02 6.37287241041377e-02 -6.58641478253174e-11 
6.82807758279456e-02 6.82807758247639e-02 -9.61652932565782e-11 
7.28328275498087e-02 7.28328275447612e-02 -1.36322224223035e-10 
7.73848792716717e-02 7.73848792638791e-02 -1.88184068070053e-10 
8.19369309935348e-02 8.19369309817871e-02 -2.53580713164483e-10 
8.64889827153978e-02 8.64889826980616e-02 -3.34315517523099e-10 
9.10410344372608e-02 9.10410344121614e-02 -4.31955941203133e-10 
9.55930861591239e-02 9.55930861234086e-02 -5.47721457284770e-10 
1.00145137880987e-01 1.00145137830957e-01 -6.82453589732953e-10 
1.04697189602850e-01 1.04697189533760e-01 -8.36255788766353e-10 
1.09249241324713e-01 1.09249241230546e-01 -1.00859906786097e-09 
1.13801293046576e-01 1.13801292919768e-01 -1.19806966521600e-09 
1.18353344768439e-01 1.18353344599565e-01 -1.40218217544472e-09 
1.22905396490302e-01 1.22905396267716e-01 -1.61737239906157e-09 
1.27457448212165e-01 1.27457447921583e-01 -1.83886969541529e-09 
1.32009499934028e-01 1.32009499558058e-01 -2.06073665214846e-09 
1.36561551655891e-01 1.36561551173493e-01 -2.27583440080330e-09 
1.41113603377754e-01 1.41113602763640e-01 -2.47595585379574e-09 
1.45665655099617e-01 1.45665654323570e-01 -2.65189343029554e-09 
1.50217706821480e-01 1.50217705847596e-01 -2.79388453717984e-09 
1.54769758543343e-01 1.54769757329188e-01 -2.89187117795807e-09 
1.59321810265207e-01 1.59321808760882e-01 -2.93596168328137e-09 
1.63873861987070e-01 1.63873860134185e-01 -2.91726882135950e-09 
1.68425913708933e-01 1.68425911439471e-01 -2.82842204187054e-09 
1.72977965430796e-01 1.72977962665878e-01 -2.66466031523638e-09 
1.77530017152659e-01 1.77530013801191e-01 -2.42499237672402e-09 
1.82082068874522e-01 1.82082064831734e-01 -2.11339296811234e-09 
1.86634120596385e-01 1.86634115742239e-01 -1.74035473488382e-09 
1.91186172318248e-01 1.91186166515733e-01 -1.32463180785152e-09 
1.95738224040111e-01 1.95738217133400e-01 -8.94940750474313e-10 
2.00290275761974e-01 2.00290267574454e-01 -4.92275388565045e-10 
2.04842327483837e-01 2.04842317816007e-01 -1.72118364448198e-10 
2.09394379205700e-01 2.09394367832930e-01 -6.83891575218480e-12 
2.13946430927563e-01 2.13946417597713e-01 -8.85924057804971e-11 
2.18498482649426e-01 2.18498467080334e-01 -5.31921776308301e-10 
2.23050534371289e-01 2.23050516248111e-01 -1.47692478291314e-09 
2.27602586093152e-01 2.27602565065565e-01 -3.09243743937447e-09 
2.32154637815015e-01 2.32154613494286e-01 -5.57905533950700e-09 
2.36706689536878e-01 2.36706661492786e-01 -9.17279010843889e-09 
2.41258741258741e-01 2.41258709016370e-01 -1.41482280066280e-08 
2.45810792980604e-01 2.45810756016995e-01 -2.08219848227190e-08 
2.50362844702467e-01 2.50362802443143e-01 -2.95561086626186e-08 
2.54914896424330e-01 2.54914848239681e-01 -4.07612676696858e-08 
2.59466948146193e-01 2.59466893347743e-01 -5.48998850371828e-08 
2.64018999868056e-01 2.64018937704595e-01 -7.24891356731814e-08 
2.68571051589920e-01 2.68570981243517e-01 -9.41035980640625e-08 
2.73123103311783e-01 2.73123023893678e-01 -1.20377420398805e-07 
2.77675155033646e-01 2.77675065580016e-01 -1.52006603408770e-07 
2.82227206755509e-01 2.82227106223121e-01 -1.89750159783614e-07 
2.86779258477372e-01 2.86779145739113e-01 -2.34431329936457e-07 
2.91331310199235e-01 2.91331184039526e-01 -2.86937736927054e-07 
2.95883361921098e-01 2.95883221031183e-01 -3.48221116232555e-07 
3.00435413642961e-01 3.00435256616075e-01 -4.19296237976347e-07 
3.04987465364824e-01 3.04987290691229e-01 -5.01238938763422e-07 
3.09539517086687e-01 3.09539323148574e-01 -5.95183308726975e-07 
3.14091568808550e-01 3.14091353874798e-01 -7.02317890288386e-07 
3.18643620530413e-01 3.18643382751191e-01 -8.23880811777293e-07 
3.23195672252276e-01 3.23195409653475e-01 -9.61153874287174e-07 
3.27747723974139e-01 3.27747434451627e-01 -1.11545545433776e-06 
3.32299775696002e-01 3.32299457009668e-01 -1.28813226239610e-06 
3.36851827417865e-01 3.36851477185441e-01 -1.48054984044552e-06 
3.41403879139728e-01 3.41403494830360e-01 -1.69408176130290e-06 
3.45955930861591e-01 3.45955509789130e-01 -1.93009768732886e-06 
3.50507982583454e-01 3.50507521899436e-01 -2.18995002113216e-06 
3.55060034305317e-01 3.55059530991587e-01 -2.47495939750934e-06 
3.59612086027180e-01 3.59611536888134e-01 -2.78639887895415e-06 
3.64164137749043e-01 3.64163539403426e-01 -3.12547701041780e-06 
3.68716189470906e-01 3.68715538343131e-01 -3.49331971361802e-06 
3.73268241192769e-01 3.73267533503692e-01 -3.89095111221883e-06 
3.77820292914632e-01 3.77819524671736e-01 -4.31927341868157e-06 
3.82372344636496e-01 3.82371511623407e-01 -4.77904602584726e-06 
3.86924396358359e-01 3.86923494123647e-01 -5.27086380262498e-06 
3.91476448080222e-01 3.91475471925393e-01 -5.79513485732659e-06 
3.96028499802085e-01 3.96027444768707e-01 -6.35205797848189e-06 
4.00580551523948e-01 4.00579412379827e-01 -6.94159991574004e-06 
4.05132603245811e-01 4.05131374470126e-01 -7.56347253960557e-06 
4.09684654967674e-01 4.09683330735000e-01 -8.21711058045588e-06 
4.14236706689537e-01 4.14235280852655e-01 -8.90164955845983e-06 
4.18788758411400e-01 4.18787224482807e-01 -9.61590492733257e-06 
4.23340810133263e-01 4.23339161265288e-01 -1.03583520374096e-05 
4.27892861855126e-01 4.27891090818555e-01 -1.11271077909915e-05 
4.32444913576989e-01 4.32443012738107e-01 -1.19199139585155e-05 
4.36996965298852e-01 4.36994926594800e-01 -1.27341226374390e-05 
4.41549017020715e-01 4.41546831933063e-01 -1.35666844354515e-05 
4.46101068742578e-01 4.46098728269030e-01 -1.44141392885123e-05 
4.50653120464441e-01 4.50650615088564e-01 -1.52726108079754e-05 
4.55205172186304e-01 4.55202491845196e-01 -1.61378041715511e-05 
4.59757223908167e-01 4.59754357957973e-01 -1.70050081995580e-05 
4.64309275630030e-01 4.64306212809229e-01 -1.78691019640850e-05 
4.68861327351893e-01 4.68858055742264e-01 -1.87245662354707e-05 
4.73413379073756e-01 4.73409886058962e-01 -1.95655002815040e-05 
4.77965430795619e-01 4.77961703017339e-01 -2.03856443956151e-05 
4.82517482517482e-01 4.82513505829028e-01 -2.11784085107228e-05 
4.87069534239346e-01 4.87065293656728e-01 -2.19369072033370e-05 
4.91621585961209e-01 4.91617065611604e-01 -2.26540015135544e-05 
4.96173637683072e-01 4.96168820750662e-01 -2.33223478753999e-05 
5.00725689404935e-01 5.00720558074117e-01 -2.39344544799543e-05 
5.05277741126798e-01 5.05272276522748e-01 -2.44827450859005e-05 
5.09829792848661e-01 5.09823974975274e-01 -2.49596308602379e-05 
5.14381844570524e-01 5.14375652245759e-01 -2.53575901480297e-05 
5.18933896292387e-01 5.18927307081051e-01 -2.56692563812280e-05 
5.23485948014250e-01 5.23478938158295e-01 -2.58875140211870e-05 
5.28037999736113e-01 5.28030544082514e-01 -2.60056028798611e-05 
5.32590051457976e-01 5.32582123384293e-01 -2.60172303868916e-05 
5.37142103179839e-01 5.37133674517574e-01 -2.59166919123851e-05 
5.41694154901702e-01 5.41685195857592e-01 -2.56989987750866e-05 
5.46246206623565e-01 5.46236685698955e-01 -2.53600137741837e-05 
5.50798258345428e-01 5.50788142253911e-01 -2.48965937863117e-05 
5.55350310067291e-01 5.55339563650796e-01 -2.43067391743737e-05 
5.59902361789154e-01 5.59890947932708e-01 -2.35897488987110e-05 
5.64454413511017e-01 5.64442293056408e-01 -2.27463816407093e-05 
5.69006465232880e-01 5.68993596891467e-01 -2.17790212685410e-05 
5.73558516954743e-01 5.73544857219703e-01 -2.06918463331629e-05 
5.78110568676606e-01 5.78096071734886e-01 -1.94910027102944e-05 
5.82662620398469e-01 5.82647238042765e-01 -1.81847780634840e-05 
5.87214672120332e-01 5.87198353661407e-01 -1.67837772408791e-05 
5.91766723842196e-01 5.91749416021871e-01 -1.53010972867017e-05 
5.96318775564059e-01 5.96300422469242e-01 -1.37525010370863e-05 
6.00870827285922e-01 6.00851370264008e-01 -1.21565871675090e-05 
6.05422879007785e-01 6.05402256583821e-01 -1.05349563575395e-05 
6.09974930729648e-01 6.09953078525613e-01 -8.91237090510877e-06 
6.14526982451511e-01 6.14503833108113e-01 -7.31690648606858e-06 
6.19079034173374e-01 6.19054517274723e-01 -5.78009492844370e-06 
6.23631085895237e-01 6.23605127896786e-01 -4.33705512611629e-06 
6.28183137617100e-01 6.28155661777215e-01 -3.02661112625904e-06 
6.32735189338963e-01 6.32706115654493e-01 -1.89139504839851e-06 
6.37287241060826e-01 6.37256486207027e-01 -9.77932843465770e-07 
6.41839292782689e-01 6.41806770057832e-01 -3.36711126553088e-07 
6.46391344504552e-01 6.46356963779536e-01 -2.22231355202373e-08 
6.50943396226415e-01 6.50907063899671e-01 -9.29911323871248e-08 
6.55495447948278e-01 6.55457066906244e-01 -6.11564368279689e-07 
6.60047499670141e-01 6.60006969253512e-01 -1.64448929960687e-06 
6.64599551392004e-01 6.64556767367993e-01 -3.26225132441198e-06 
6.69151603113867e-01 6.69106457654580e-01 -5.53918522582672e-06 
6.73703654835730e-01 6.73656036502805e-01 -8.55335302056489e-06 
6.78255706557593e-01 6.78205500293132e-01 -1.23863869682547e-05 
6.82807758279456e-01 6.82754845403254e-01 -1.71232967164408e-05 
6.87359810001319e-01 6.87304068214347e-01 -2.28522384739931e-05 
6.91911861723182e-01 6.91853165117166e-01 -2.96642449538829e-05 
6.96463913445046e-01 6.96402132517964e-01 -3.76529153213120e-05 
7.01015965166909e-01 7.00950966844144e-01 -4.69140631489339e-05 
7.05568016888772e-01 7.05499664549556e-01 -5.75453226503219e-05 
7.10120068610635e-01 7.10048222119342e-01 -6.96457113804129e-05 
7.14672120332498e-01 7.14596636074304e-01 -8.33151502325947e-05 
7.19224172054361e-01 7.19144902974628e-01 -9.86539393367653e-05 
7.23776223776224e-01 7.23693019422924e-01 -1.15762191260396e-04 
7.28328275498087e-01 7.28240982066454e-01 -1.34739220707755e-04 
7.32880327219950e-01 7.32788787598483e-01 -1.55682892505541e-04 
7.37432378941813e-01 7.37336432758612e-01 -1.78688928460181e-04 
7.41984430663676e-01 7.41883914332022e-01 -2.03850174434578e-04 
7.46536482385539e-01 7.46431229147511e-01 -2.31255829872582e-04 
7.51088534107402e-01 7.50978374074222e-01 -2.60990641412129e-04 
7.55640585829265e-01 7.55525346016968e-01 -2.93134063965759e-04 
7.60192637551128e-01 7.60072141910018e-01 -3.27759391081410e-04 
7.64744689272991e-01 7.64618758709302e-01 -3.64932859417422e-04 
7.69296740994854e-01 7.69165193382864e-01 -4.04712729868202e-04 
7.73848792716717e-01 7.73711442899526e-01 -4.47148350573925e-04 
7.78400844438580e-01 7.78257504215630e-01 -4.92279206001627e-04 
7.82952896160443e-01 7.82803374259799e-01 -5.40133956990593e-04 
7.87504947882306e-01 7.87349049915600e-01 -5.90729478939842e-04 
7.92056999604169e-01 7.91894528002070e-01 -6.44069901487574e-04 
7.96609051326032e-01 7.96439805251997e-01 -7.00145658751694e-04 
8.01161103047896e-01 8.00984878287928e-01 -7.58932555606353e-04 
8.05713154769759e-01 8.05529743595829e-01 -8.20390857667760e-04 
8.10265206491621e-01 8.10074397496350e-01 -8.84464412649357e-04 
8.14817258213484e-01 8.14618836113689e-01 -9.51079811437000e-04 
8.19369309935348e-01 8.19163055341996e-01 -1.02014559716419e-03 
8.23921361657211e-01 8.23707050809354e-01 -1.09155153113026e-03 
8.28473413379074e-01 8.28250817839293e-01 -1.16516792455482e-03 
8.33025465100937e-01 8.32794351409897e-01 -1.24084504635307e-03 
8.37577516822800e-01 8.37337646110530e-01 -1.31841261523943e-03 
8.42129568544663e-01 8.41880696096211e-01 -1.39767938790951e-03 
8.46681620266526e-01 8.46423495039742e-01 -1.47843285121608e-03 
8.51233671988389e-01 8.50966036081662e-01 -1.56043903089553e-03 
8.55785723710252e-01 8.55508311778122e-01 -1.64344242495318e-03 
8.60337775432115e-01 8.60050314046830e-01 -1.72716607340138e-03 
8.64889827153978e-01 8.64592034111210e-01 -1.81131177417457e-03 
8.69441878875841e-01 8.69133462442937e-01 -1.89556045536918e-03 
8.73993930597704e-01 8.73674588703035e-01 -1.97957271367712e-03 
8.78545982319567e-01 8.78215401681787e-01 -2.06298952876249e-03 
8.83098034041430e-01 8.82755889237642e-01 -2.14543316320982e-03 
8.87650085763293e-01 8.87296038235427e-01 -2.22650825673809e-03 
8.92202137485156e-01 8.91835834484134e-01 -2.30580312346752e-03 
8.96754189207019e-01 8.96375262674568e-01 -2.38289125917344e-03 
9.01306240928882e-01 9.00914306317229e-01 -2.45733306738171e-03 
9.05858292650745e-01 9.05452947680745e-01 -2.52867780910893e-03 
9.10410344372608e-01 9.09991167731263e-01 -2.59646578235975e-03 
9.14962396094471e-01 9.14528946073194e-01 -2.66023073641562e-03 
9.19514447816335e-01 9.19066260891698e-01 -2.71950252294686e-03 
9.24066499538198e-01 9.23603088897420e-01 -2.77380998763819e-03 
9.28618551260061e-01 9.28139405273879e-01 -2.82268410204317e-03 
9.33170602981924e-01 9.32675183628007e-01 -2.86566133556144e-03 
9.37722654703787e-01 9.37210395944364e-01 -2.90228726502254e-03 
9.42274706425650e-01 9.41745012543479e-01 -2.93212041854407e-03 
9.46826758147513e-01 9.46279002044907e-01 -2.95473634750184e-03 
9.51378809869376e-01 9.50812331335469e-01 -2.96973191914865e-03 
9.55930861591239e-01 9.55344965543252e-01 -2.97672982089062e-03 
9.60482913313102e-01 9.59876868017898e-01 -2.97538326391491e-03 
9.65034965034965e-01 9.64408000317713e-01 -2.96538087315234e-03 
9.69587016756828e-01 9.68938322204132e-01 -2.94645174681769e-03 
9.74139068478691e-01 9.73467791644058e-01 -2.91837066822087e-03 
9.78691120200554e-01 9.77996364820622e-01 -2.88096344828138e-03 
9.83243171922417e-01 9.82523996152790e-01 -2.83411237645841e-03 
9.87795223644280e-01 9.87050638324367e-01 -2.77776175428947e-03 
9.92347275366143e-01 9.91576242322771e-01 -2.71192348418339e-03 
9.96899327088006e-01 9.96100757488042e-01 -2.63668268256254e-03 
1.00145137880987e+00 1.00062413157240e+00 -2.55220328585454e-03 
1.00600343053173e+00 1.00514631081078e+00 -2.45873361334209e-03 
1.01055548225360e+00 1.00966724000246e+00 -2.35661185134003e-03 
1.01510753397546e+00 1.01418686260421e+00 -2.24627141810355e-03 
1.01965958569732e+00 1.01870512083489e+00 -2.12824616973867e-03 
1.02421163741918e+00 1.02322195579186e+00 -2.00317540355559e-03 
1.02876368914105e+00 1.02773730757901e+00 -1.87180861483525e-03 
1.03331574086291e+00 1.03225111544641e+00 -1.73500996123464e-03 
1.03786779258477e+00 1.03676331794155e+00 -1.59376238799284e-03 
1.04241984430664e+00 1.04127385307192e+00 -1.44917136593451e-03 
1.04697189602850e+00 1.04578265847844e+00 -1.30246819425666e-03 
1.05152394775036e+00 1.05028967161970e+00 -1.15501281919293e-03 
1.05607599947223e+00 1.05479482996622e+00 -1.00829612035585e-03 
1.06062805119409e+00 1.05929807120432e+00 -8.63941615599221e-04 
1.06518010291595e+00 1.06379933344882e+00 -7.23706538429079e-04 
1.06973215463781e+00 1.06829855546393e+00 -5.89482239632109e-04 
1.07428420635968e+00 1.07279567689135e+00 -4.63293869590122e-04 
1.07883625808154e+00 1.07729063848468e+00 -3.47299297155081e-04 
1.08338830980340e+00 1.08178338234903e+00 -2.43787224173291e-04 
1.08794036152527e+00 1.08627385218485e+00 -1.55174457094765e-04 
1.09249241324713e+00 1.09076199353454e+00 -8.40022992011844e-05 
1.09704446496899e+00 1.09524775403072e+00 -3.29320312943572e-05 
1.10159651669086e+00 1.09973108364463e+00 -4.73945082988848e-06 
1.10614856841272e+00 1.10421193493338e+00 -2.30844371620809e-06 
1.11070062013458e+00 1.10869026328444e+00 -2.86235669703138e-05 
1.11525267185645e+00 1.11316602715572e+00 -8.67616236134978e-05 
1.11980472357831e+00 1.11763918830983e+00 -1.79882216858631e-04 
1.12435677530017e+00 1.12210971204070e+00 -3.11217272701598e-04 
1.12890882702203e+00 1.12657756739086e+00 -4.84059527155806e-04 
1.13346087874390e+00 1.13104272735782e+00 -7.01749976238519e-04 
1.13801293046576e+00 1.13550516908749e+00 -9.67664292305976e-04 
1.14256498218762e+00 1.13996487405325e+00 -1.28519821577726e-03 
1.14711703390949e+00 1.14442182821854e+00 -1.65775193277510e-03 
1.15166908563135e+00 1.14887602218142e+00 -2.08871345674770e-03 
1.15622113735321e+00 1.15332745129914e+00 -2.58144103322541e-03 
1.16077318907508e+00 1.15777611579105e+00 -3.13924459367945e-03 
1.16532524079694e+00 1.16222202081797e+00 -3.76536628534722e-03 
1.16987729251880e+00 1.16666517653623e+00 -4.46296011005078e-03 
1.17442934424066e+00 1.17110559812463e+00 -5.23507070753726e-03 
1.17898139596253e+00 1.17554330578240e+00 -6.08461132179545e-03 
1.18353344768439e+00 1.17997832469651e+00 -7.01434099400058e-03 
1.18808549940625e+00 1.18441068497641e+00 -8.02684102656789e-03 
1.19263755112812e+00 1.18884042155427e+00 -9.12449076901859e-03 
1.19718960284998e+00 1.19326757404909e+00 -1.03094427774041e-02 
1.20174165457184e+00 1.19769218659259e+00 -1.15835974039688e-02 
1.20629370629371e+00 1.20211430761489e+00 -1.29485768781769e-02 
1.21084575801557e+00 1.20653398958831e+00 -1.44056989429990e-02 
1.21539780973743e+00 1.21095128872674e+00 -1.59559501156766e-02 
1.21994986145930e+00 1.21536626463895e+00 -1.75999586497523e-02 
1.22450191318116e+00 1.21977897993325e+00 -1.93379672774253e-02 
1.22905396490302e+00 1.22418949977143e+00 -2.11698058222064e-02 
1.23360601662488e+00 1.22859789136940e+00 -2.30948637781149e-02 
1.23815806834675e+00 1.23300422344224e+00 -2.51120629619484e-02 
1.24271012006861e+00 1.23740856559071e+00 -2.72198303559673e-02 
1.24726217179047e+00 1.24181098762692e+00 -2.94160712724695e-02 
1.25181422351234e+00 1.24621155883589e+00 -3.16981429843477e-02 
1.25636627523420e+00 1.25061034717038e+00 -3.40628289854837e-02 
1.26091832695606e+00 1.25500741837577e+00 -3.65063140618747e-02 
1.26547037867793e+00 1.25940283504204e+00 -3.90241603781507e-02 
1.27002243039979e+00 1.26379665557962e+00 -4.16112848091648e-02 
1.27457448212165e+00 1.26818893311611e+00 -4.42619377716434e-02 
1.27912653384351e+00 1.27257971431081e+00 -4.69696838471070e-02 
1.28367858556538e+00 1.27696903808401e+00 -4.97273845167044e-02 
1.28823063728724e+00 1.28135693425868e+00 -5.25271833697524e-02 
1.29278268900910e+00 1.28574342211183e+00 -5.53604941881014e-02 
1.29733474073097e+00 1.29012850883397e+00 -5.82179923529686e-02 
1.30188679245283e+00 1.29451218789504e+00 -6.10896100695149e-02 
1.30643884417469e+00 1.29889443731666e+00 -6.39645359525111e-02 
1.31099089589656e+00 1.30327521785072e+00 -6.68312195713559e-02 
1.31554294761842e+00 1.30765447106632e+00 -6.96773816047652e-02 
1.32009499934028e+00 1.31203211734797e+00 -7.24900303080594e-02 
1.32464705106215e+00 1.31640805381004e+00 -7.52554850500549e-02 
1.32919910278401e+00 1.32078215213435e+00 -7.79594077229604e-02 
1.33375115450587e+00 1.32515425634047e+00 -8.05868428729817e-02 
1.33830320622773e+00 1.32952418050072e+00 -8.31222674328610e-02 
1.34285525794960e+00 1.33389170641565e+00 -8.55496509601490e-02 
1.34740730967146e+00 1.33825658126868e+00 -8.78525272929988e-02 
1.35195936139332e+00 1.34261851528328e+00 -9.00140785193400e-02 
1.35651141311519e+00 1.34697717940986e+00 -9.20172321201434e-02 
1.36106346483705e+00 1.35133220307460e+00 -9.38447720758049e-02 
1.36561551655891e+00 1.35568317202714e+00 -9.54794646211077e-02 
1.37016756828078e+00 1.36002962632920e+00 -9.69041991885223e-02 
1.37471962000264e+00 1.36437105853126e+00 -9.81021448844012e-02 
1.37927167172450e+00 1.36870691208909e+00 -9.90569225968993e-02 
1.38382372344636e+00 1.37303658007651e+00 -9.97527925362090e-02 
1.38837577516823e+00 1.37735940425439e+00 -1.00174856643466e-01 
1.39292782689009e+00 1.38167467455831e+00 -1.00309274892422e-01 
1.39747987861195e+00 1.38598162906910e+00 -1.00143494033486e-01 
1.40203193033382e+00 1.39027945452947e+00 -9.96664868130032e-02 
1.40658398205568e+00 1.39456728746772e+00 -9.88689991417042e-02 
1.41113603377754e+00 1.39884421598440e+00 -9.77438021115185e-02 
1.41568808549941e+00 1.40310928225014e+00 -9.62859451833807e-02 
1.42024013722127e+00 1.40736148575185e+00 -9.44930063119990e-02 
1.42479218894313e+00 1.41159978731110e+00 -9.23653342811449e-02 
1.42934424066500e+00 1.41582311388159e+00 -8.99062781095476e-02 
1.43389629238686e+00 1.42003036411297e+00 -8.71223981002846e-02 
1.43844834410872e+00 1.42422041464699e+00 -8.40236529727399e-02 
1.44300039583058e+00 1.42839212708827e+00 -8.06235575708662e-02 
1.44755244755245e+00 1.43254435556835e+00 -7.69393058995723e-02 
1.45210449927431e+00 1.43667595479810e+00 -7.29918547315532e-02 
1.45665655099617e+00 1.44078578848152e+00 -6.88059637353174e-02 
1.46120860271804e+00 1.44487273794535e+00 -6.44101890070828e-02 
1.46576065443990e+00 1.44893571082343e+00 -5.98368280065694e-02 
1.47031270616176e+00 1.45297364962570e+00 -5.51218151650340e-02 
1.47486475788363e+00 1.45698554001723e+00 -5.03045688011974e-02 
1.47941680960549e+00 1.46097041863610e+00 -4.54277913759304e-02 
1.48396886132735e+00 1.46492738028809e+00 -4.05372264837484e-02 
1.48852091304921e+00 1.46885558437187e+00 -3.56813772372612e-02 
1.49307296477108e+00 1.47275426041020e+00 -3.09111917919998e-02 
1.49762501649294e+00 1.47662271258861e+00 -2.62797226289140e-02 
1.50217706821480e+00 1.48046032323242e+00 -2.18417668172213e-02 
1.50672911993667e+00 1.48426655518439e+00 -1.76534947994103e-02 
1.51128117165853e+00 1.48804095307672e+00 -1.37720752708864e-02 
1.51583322338039e+00 1.49178314352105e+00 -1.02553034738876e-02 
1.52038527510226e+00 1.49549283426806e+00 -7.16123972713281e-03 
1.52493732682412e+00 1.49916981241167e+00 -4.54786430450155e-03 
1.52948937854598e+00 1.50281394173238e+00 -2.47275390366164e-03 
1.53404143026785e+00 1.50642515928849e+00 -9.92783979929669e-04 
1.53859348198971e+00 1.51000347137322e+00 -1.63860189036931e-04 
1.54314553371157e+00 1.51354894896020e+00 -4.06811623135496e-05 
1.54769758543343e+00 1.51706172275936e+00 -6.76533853667272e-04 
1.55224963715530e+00 1.52054197800149e+00 -2.12312179632202e-03 
1.55680168887716e+00 1.52398994906227e+00 -4.43042580520200e-03 
1.56135374059902e+00 1.52740591402704e+00 -7.64659598801607e-03 
1.56590579232089e+00 1.53079018928596e+00 -1.18178733753526e-02 
1.57045784404275e+00 1.53414312423727e+00 -1.69885390653005e-02 
1.57500989576461e+00 1.53746509616316e+00 -2.32008884800581e-02 
1.57956194748648e+00 1.54075650533051e+00 -3.04952281531468e-02 
1.58411399920834e+00 1.54401777035701e+00 -3.89098923820537e-02 
1.58866605093020e+00 1.54724932387144e+00 -4.84812770840579e-02 
1.59321810265206e+00 1.55045160848775e+00 -5.92438882646356e-02 
1.59777015437393e+00 1.55362507310322e+00 -7.12304026325551e-02 
1.60232220609579e+00 1.55677016952394e+00 -8.44717380584068e-02 
1.60687425781765e+00 1.55988734941417e+00 -9.89971317643904e-02 
1.61142630953952e+00 1.56297706156171e+00 -1.14834224338148e-01 
1.61597836126138e+00 1.56603974944689e+00 -1.32009147875096e-01 
1.62053041298324e+00 1.56907584910026e+00 -1.50546616763754e-01 
1.62508246470511e+00 1.57208578723184e+00 -1.70470019832213e-01 
1.62963451642697e+00 1.57506997961334e+00 -1.91801512767485e-01 
1.63418656814883e+00 1.57802882969444e+00 -2.14562109898294e-01 
1.63873861987070e+00 1.58096272743350e+00 -2.38771774593198e-01 
1.64329067159256e+00 1.58387204832391e+00 -2.64449507678725e-01 
1.64784272331442e+00 1.58675715259719e+00 -2.91613433406296e-01 
1.65239477503628e+00 1.58961838458538e+00 -3.20280882616975e-01 
1.65694682675815e+00 1.59245607222567e+00 -3.50468472851236e-01 
1.66149887848001e+00 1.59527052669169e+00 -3.82192185234258e-01 
1.66605093020187e+00 1.59806204213680e+00 -4.15467438042185e-01 
1.67060298192374e+00 1.60083089553595e+00 -4.50309156914744e-01 
1.67515503364560e+00 1.60357734661400e+00 -4.86731841727506e-01 
1.67970708536746e+00 1.60630163784919e+00 -5.24749630179670e-01 
1.68425913708933e+00 1.60900399454200e+00 -5.64376358184399e-01 
1.68881118881119e+00 1.61168462494048e+00 -6.05625617174305e-01 
1.69336324053305e+00 1.61434372041401e+00 -6.48510808453642e-01 
1.69791529225491e+00 1.61698145566868e+00 -6.93045194742143e-01 
1.70246734397678e+00 1.61959798899823e+00 -7.39241949065562e-01 
1.70701939569864e+00 1.62219346256524e+00 -7.87114201153751e-01 
1.71157144742050e+00 1.62476800270809e+00 -8.36675081510225e-01 
1.71612349914237e+00 1.62732172026998e+00 -8.87937763317066e-01 
1.72067555086423e+00 1.62985471094675e+00 -9.40915502336852e-01 
1.72522760258609e+00 1.63236705565093e+00 -9.95621674971145e-01 
1.72977965430796e+00 1.63485882089012e+00 -1.05206981463101e+00 
1.73433170602982e+00 1.63733005915794e+00 -1.11027364656695e+00 
1.73888375775168e+00 1.63978080933658e+00 -1.17024712130099e+00 
1.74343580947355e+00 1.64221109711035e+00 -1.23200444679706e+00 
1.74798786119541e+00 1.64462093538961e+00 -1.29556011949649e+00 
1.75253991291727e+00 1.64701032474557e+00 -1.36092895433793e+00 
1.75709196463913e+00 1.64937925385589e+00 -1.42812611387311e+00 
1.76164401636100e+00 1.65172769996217e+00 -1.49716713658092e+00 
1.76619606808286e+00 1.65405562933997e+00 -1.56806796447112e+00 
1.77074811980472e+00 1.65636299778282e+00 -1.64084497006249e+00 
1.77530017152659e+00 1.65864975110173e+00 -1.71551498280847e+00 
1.77985222324845e+00 1.66091582564180e+00 -1.79209531503115e+00 
1.78440427497031e+00 1.66316114881814e+00 -1.87060378741818e+00 
1.78895632669218e+00 1.66538563967315e+00 -1.95105875411973e+00 
1.79350837841404e+00 1.66758920945791e+00 -2.03347912747518e+00 
1.79806043013590e+00 1.66977176223998e+00 -2.11788440238151e+00 
1.80261248185776e+00 1.67193319554089e+00 -2.20429468030561e+00 
1.80716453357963e+00 1.67407340100621e+00 -2.29273069292164e+00 
1.81171658530149e+00 1.67619226511166e+00 -2.38321382534341e+00 
1.81626863702335e+00 1.67828966990855e+00 -2.47576613889823e+00 
1.82082068874522e+00 1.68036549381250e+00 -2.57041039337266e+00 
1.82537274046708e+00 1.68241961243908e+00 -2.66717006863414e+00 
1.82992479218894e+00 1.68445189949041e+00 -2.76606938551313e+00 
1.83447684391081e+00 1.68646222769675e+00 -2.86713332579881e+00 
1.83902889563267e+00 1.68845046981731e+00 -2.97038765117573e+00 
1.84358094735453e+00 1.69041649970429e+00 -3.07585892089562e+00 
1.84813299907640e+00 1.69236019343444e+00 -3.18357450794304e+00 
1.85268505079826e+00 1.69428143051212e+00 -3.29356261341741e+00 
1.85723710252012e+00 1.69618009514753e+00 -3.40585227881017e+00 
1.86178915424198e+00 1.69805607761399e+00 -3.52047339581539e+00 
1.86634120596385e+00 1.69990927568705e+00 -3.63745671326249e+00 
1.87089325768571e+00 1.70173959616828e+00 -3.75683384070753e+00 
1.87544530940757e+00 1.70354695649551e+00 -3.87863724817390e+00 
1.87999736112944e+00 1.70533128644046e+00 -4.00290026146922e+00 
1.88454941285130e+00 1.70709252989361e+00 -4.12965705245748e+00 
1.88910146457316e+00 1.70883064673481e+00 -4.25894262360261e+00 
1.89365351629503e+00 1.71054561478634e+00 -4.39079278604978e+00 
1.89820556801689e+00 1.71223743184325e+00 -4.52524413045188e+00 
1.90275761973875e+00 1.71390611777354e+00 -4.66233398970808e+00 
1.90730967146061e+00 1.71555171667793e+00 -4.80210039273228e+00 
1.91186172318248e+00 1.71717429909595e+00 -4.94458200834552e+00 
1.91641377490434e+00 1.71877396424181e+00 -5.08981807836792e+00 
1.92096582662620e+00 1.72035084224922e+00 -5.23784833898557e+00 
1.92551787834807e+00 1.72190509640064e+00 -5.38871292949552e+00 
1.93006993006993e+00 1.72343692531135e+00 -5.54245228758280e+00 
1.93462198179179e+00 1.72494656503430e+00 -5.69910703036817e+00 
1.93917403351366e+00 1.72643429104627e+00 -5.85871782059486e+00 
1.94372608523552e+00 1.72790042007119e+00 -6.02132521748675e+00 
1.94827813695738e+00 1.72934531169102e+00 -6.18696951203352e+00 
1.95283018867924e+00 1.73076936969036e+00 -6.35569054673167e+00 
1.95738224040111e+00 1.73217304307644e+00 -6.52752752014069e+00 
1.96193429212297e+00 1.73355682671343e+00 -6.70251877700262e+00 
1.96648634384483e+00 1.73492126150726e+00 -6.88070158512124e+00 
1.97103839556670e+00 1.73626693407754e+00 -7.06211190069025e+00 
1.97559044728856e+00 1.73759447585390e+00 -7.24678412430478e+00 
1.98014249901042e+00 1.73890456153813e+00 -7.43475085045615e+00 
1.98469455073229e+00 1.74019790688007e+00 -7.62604261389161e+00 
1.98924660245415e+00 1.74147526572401e+00 -7.82068763679070e+00 
1.99379865417601e+00 1.74273742629501e+00 -8.01871158123436e+00 
1.99835070589788e+00 1.74398520670960e+00 -8.22013731190242e+00 
2.00290275761974e+00 1.74521944971362e+00 -8.42498467428851e+00 
2.00745480934160e+00 1.74644101667057e+00 -8.63327029392862e+00 
2.01200686106346e+00 1.74765078084645e+00 -8.84500740218633e+00 
2.01655891278533e+00 1.74884962006081e+00 -9.06020569397557e+00 
2.02111096450719e+00 1.75003840879730e+00 -9.27887122242760e+00 
2.02566301622905e+00 1.75121800989031e+00 -9.50100633490577e+00 
2.03021506795092e+00 1.75238926592424e+00 -9.72660965394387e+00 
2.03476711967278e+00 1.75355299049935e+00 -9.95567610565536e+00 
2.03931917139464e+00 1.75470995953030e+00 -1.01881969969580e+01 
2.04387122311651e+00 1.75586090275020e+00 -1.04241601416333e+01 
2.04842327483837e+00 1.75700649559351e+00 -1.06635500338509e+01 
2.05297532656023e+00 1.75814735162452e+00 -1.09063480664020e+01 
2.05752737828210e+00 1.75928401566580e+00 -1.11525327895622e+01 
2.06207943000396e+00 1.76041695776165e+00 -1.14020802053361e+01 
2.06663148172582e+00 1.76154656808766e+00 -1.16549640908420e+01 
2.07118353344768e+00 1.76267315288972e+00 -1.19111563438753e+01 
2.07573558516955e+00 1.76379693150452e+00 -1.21706273432157e+01 
2.08028763689141e+00 1.76491803448293e+00 -1.24333463160909e+01 
2.08483968861327e+00 1.76603650280570e+00 -1.26992817053182e+01 
2.08939174033514e+00 1.76715228815292e+00 -1.29684015290395e+01 
2.09394379205700e+00 1.76826525416210e+00 -1.32406737265779e+01 
2.09849584377886e+00 1.76937517858887e+00 -1.35160664847434e+01 
2.10304789550073e+00 1.77048175626701e+00 -1.37945485398485e+01 
2.10759994722259e+00 1.77158460275335e+00 -1.40760894517014e+01 
2.11215199894445e+00 1.77268325853594e+00 -1.43606598468784e+01 
2.11670405066631e+00 1.77377719368239e+00 -1.46482316295850e+01 
2.12125610238818e+00 1.77486581280716e+00 -1.49387781593666e+01 
2.12580815411004e+00 1.77594846024290e+00 -1.52322743957778e+01 
2.13036020583190e+00 1.77702442530906e+00 -1.55286970108653e+01 
2.13491225755377e+00 1.77809294758196e+00 -1.58280244709276e+01 
2.13946430927563e+00 1.77915322208277e+00 -1.61302370895021e+01 
2.14401636099749e+00 1.78020440431175e+00 -1.64353170538807e+01 
2.14856841271936e+00 1.78124561507068e+00 -1.67432484276977e+01 
2.15312046444122e+00 1.78227594502715e+00 -1.70540171322597e+01 
2.15767251616308e+00 1.78329445898616e+00 -1.73676109093262e+01 
2.16222456788494e+00 1.78430019984517e+00 -1.76840192680142e+01 
2.16677661960681e+00 1.78529219221791e+00 -1.80032334183972e+01 
2.17132867132867e+00 1.78626944572049e+00 -1.83252461942262e+01 
2.17588072305053e+00 1.78723095792035e+00 -1.86500519670230e+01 
2.18043277477240e+00 1.78817571695423e+00 -1.89776465535977e+01 
2.18498482649426e+00 1.78910270382569e+00 -1.93080271188313e+01 
2.18953687821612e+00 1.79001089439641e+00 -1.96411920753587e+01 
2.19408892993799e+00 1.79089926108810e+00 -1.99771409815735e+01 
2.19864098165985e+00 1.79176677431328e+00 -2.03158744391820e+01 
2.20319303338171e+00 1.79261240365473e+00 -2.06573939913474e+01 
2.20774508510358e+00 1.79343511881353e+00 -2.10017020222898e+01 
2.21229713682544e+00 1.79423389034599e+00 -2.13488016590553e+01 
2.21684918854730e+00 1.79500769020911e+00 -2.16986966760261e+01 
2.22140124026916e+00 1.79575549213395e+00 -2.20513914026175e+01 
2.22595329199103e+00 1.79647627184540e+00 -2.24068906345006e+01 
2.23050534371289e+00 1.79716900714569e+00 -2.27651995485951e+01 
2.23505739543475e+00 1.79783267787834e+00 -2.31263236219942e+01 
2.23960944715662e+00 1.79846626578778e+00 -2.34902685549169e+01 
2.24416149887848e+00 1.79906875428913e+00 -2.38570401977224e+01 
2.24871355060034e+00 1.79963912816113e+00 -2.42266444819729e+01 
2.25326560232221e+00 1.80017637317457e+00 -2.45990873554980e+01 
2.25781765404407e+00 1.80067947566721e+00 -2.49743747213701e+01 
2.26236970576593e+00 1.80114742207533e+00 -2.53525123806848e+01 
2.26692175748780e+00 1.80157919843112e+00 -2.57335059790156e+01 
2.27147380920966e+00 1.80197378983429e+00 -2.61173609563947e+01 
2.27602586093152e+00 1.80233017990524e+00 -2.65040825006645e+01 
2.28057791265338e+00 1.80264735022678e+00 -2.68936755040322e+01 
2.28512996437525e+00 1.80292427978016e+00 -2.72861445226565e+01 
2.28968201609711e+00 1.80315994438113e+00 -2.76814937390914e+01 
2.29423406781897e+00 1.80335331612057e+00 -2.80797269274088e+01 
2.29878611954084e+00 1.80350336281406e+00 -2.84808474208282e+01 
2.30333817126270e+00 1.80360904746420e+00 -2.88848580816728e+01 
2.30789022298456e+00 1.80366932773881e+00 -2.92917612734844e+01 
2.31244227470643e+00 1.80368315546806e+00 -2.97015588351265e+01 
2.31699432642829e+00 1.80364947616284e+00 -3.01142520567116e+01 
2.32154637815015e+00 1.80356722855663e+00 -3.05298416571923e+01 
2.32609842987201e+00 1.80343534417253e+00 -3.09483277634631e+01 
2.33065048159388e+00 1.80325274691703e+00 -3.13697098908208e+01 
2.33520253331574e+00 1.80301835270171e+00 -3.17939869246458e+01 
2.33975458503760e+00 1.80273106909385e+00 -3.22211571031637e+01 
2.34430663675947e+00 1.80238979499660e+00 -3.26512180011574e+01 
2.34885868848133e+00 1.80199342035941e+00 -3.30841665145081e+01 
2.35341074020319e+00 1.80154082591883e+00 -3.35199988454488e+01 
2.35796279192506e+00 1.80103088297009e+00 -3.39587104884158e+01 
2.36251484364692e+00 1.80046245316932e+00 -3.44002962164036e+01 
2.36706689536878e+00 1.79983438836631e+00 -3.48447500677192e+01 
2.37161894709065e+00 1.79914553046766e+00 -3.52920653330520e+01 
2.37617099881251e+00 1.79839471132990e+00 -3.57422345427757e+01 
2.38072305053437e+00 1.79758075268211e+00 -3.61952494544074e+01 
2.38527510225623e+00 1.79670246607770e+00 -3.66511010401543e+01 
2.38982715397810e+00 1.79575865287455e+00 -3.71097794744895e+01 
2.39437920569996e+00 1.79474810424306e+00 -3.75712741216994e+01 
2.39893125742182e+00 1.79366960120135e+00 -3.80355735233532e+01 
2.40348330914369e+00 1.79252191467695e+00 -3.85026653856549e+01 
2.40803536086555e+00 1.79130380559421e+00 -3.89725365666406e+01 
2.41258741258741e+00 1.79001402498672e+00 -3.94451730631864e+01 
2.41713946430928e+00 1.78865131413403e+00 -3.99205599978088e+01 
2.42169151603114e+00 1.78721440472192e+00 -4.03986816052303e+01 
2.42624356775300e+00 1.78570201902538e+00 -4.08795212187023e+01 
2.43079561947486e+00 1.78411287011378e+00 -4.13630612560680e+01 
2.43534767119673e+00 1.78244566207737e+00 -4.18492832055660e+01 
2.43989972291859e+00 1.78069909027460e+00 -4.23381676113704e+01 
2.44445177464045e+00 1.77887184159937e+00 -4.28296940588677e+01 
2.44900382636232e+00 1.77696259476794e+00 -4.33238411596817e+01 
2.45355587808418e+00 1.77497002062463e+00 -4.38205865364516e+01 
2.45810792980604e+00 1.77289278246592e+00 -4.43199068073777e+01 
2.46265998152791e+00 1.77072953638246e+00 -4.48217775705495e+01 
2.46721203324977e+00 1.76847893161847e+00 -4.53261733880766e+01 
2.47176408497163e+00 1.76613961094803e+00 -4.58330677700369e+01 
2.47631613669349e+00 1.76371021106823e+00 -4.63424331582728e+01 
2.48086818841536e+00 1.76118936300822e+00 -4.68542409100525e+01 
2.48542024013722e+00 1.75857569255455e+00 -4.73684612816255e+01 
2.48997229185908e+00 1.75586782069193e+00 -4.78850634117003e+01 
2.49452434358095e+00 1.75306436405956e+00 -4.84040153048719e+01 
2.49907639530281e+00 1.75016393542259e+00 -4.89252838150283e+01 
2.50362844702467e+00 1.74716514415868e+00 -4.94488346287690e+01 
2.50818049874654e+00 1.74406659675944e+00 -4.99746322488636e+01 
2.51273255046840e+00 1.74086689734650e+00 -5.05026399777857e+01 
2.51728460219026e+00 1.73756464820244e+00 -5.10328199013533e+01 
2.52183665391213e+00 1.73415845031608e+00 -5.15651328725090e+01 
2.52638870563399e+00 1.73064690394236e+00 -5.20995384952741e+01 
2.53094075735585e+00 1.72702860917662e+00 -5.26359951089060e+01 
2.53549280907771e+00 1.72330216654328e+00 -5.31744597723009e+01 
2.54004486079958e+00 1.71946617759878e+00 -5.37148882486671e+01 
2.54459691252144e+00 1.71551924554901e+00 -5.42572349905070e+01 
2.54914896424330e+00 1.71145997588081e+00 -5.48014531249416e+01 
2.55370101596517e+00 1.70728697700790e+00 -5.53474944394073e+01 
2.55825306768703e+00 1.70299886093092e+00 -5.58953093677660e+01 
2.56280511940889e+00 1.69859424391176e+00 -5.64448469768531e+01 
2.56735717113076e+00 1.69407174716188e+00 -5.69960549535011e+01 
2.57190922285262e+00 1.68942999754494e+00 -5.75488795920745e+01 
2.57646127457448e+00 1.68466762829327e+00 -5.81032657825387e+01 
2.58101332629635e+00 1.67978327973841e+00 -5.86591569991103e+01 
2.58556537801821e+00 1.67477560005546e+00 -5.92164952895040e+01 
2.59011742974007e+00 1.66964324602125e+00 -5.97752212648233e+01 
2.59466948146193e+00 1.66438488378606e+00 -6.03352740901152e+01 
2.59922153318380e+00 1.65899918965888e+00 -6.08965914756277e+01 
2.60377358490566e+00 1.65348485090598e+00 -6.14591096687953e+01 
2.60832563662752e+00 1.64784056656255e+00 -6.20227634469876e+01 
2.61287768834939e+00 1.64206504825735e+00 -6.25874861110500e+01 
2.61742974007125e+00 1.63615702104989e+00 -6.31532094796639e+01 
2.62198179179311e+00 1.63011522428011e+00 -6.37198638845603e+01 
2.62653384351498e+00 1.62393841243013e+00 -6.42873781666125e+01 
2.63108589523684e+00 1.61762535599772e+00 -6.48556796728386e+01 
2.63563794695870e+00 1.61117484238128e+00 -6.54246942543429e+01 
2.64018999868056e+00 1.60458567677577e+00 -6.59943462652206e+01 
2.64474205040243e+00 1.59785668307939e+00 -6.65645585624595e+01 
2.64929410212429e+00 1.59098670481026e+00 -6.71352525068588e+01 
2.65384615384615e+00 1.58397460603301e+00 -6.77063479649989e+01 
2.65839820556802e+00 1.57681927229444e+00 -6.82777633122827e+01 
2.66295025728988e+00 1.56951961156791e+00 -6.88494154370749e+01 
2.66750230901174e+00 1.56207455520581e+00 -6.94212197459696e+01 
2.67205436073361e+00 1.55448305889961e+00 -6.99930901702036e+01 
2.67660641245547e+00 1.54674410364666e+00 -7.05649391732424e+01 
2.68115846417733e+00 1.53885669672336e+00 -7.11366777595646e+01 
2.68571051589920e+00 1.53081987266377e+00 -7.17082154846606e+01 
2.69026256762106e+00 1.52263269424307e+00 -7.22794604662745e+01 
2.69481461934292e+00 1.51429425346509e+00 -7.28503193969064e+01 
2.69936667106478e+00 1.50580367255313e+00 -7.34206975575913e+01 
2.70391872278665e+00 1.49716010494323e+00 -7.39904988329846e+01 
2.70847077450851e+00 1.48836273627911e+00 -7.45596257277587e+01 
2.71302282623037e+00 1.47941078540798e+00 -7.51279793843406e+01 
2.71757487795224e+00 1.47030350537603e+00 -7.56954596019942e+01 
2.72212692967410e+00 1.46104018442311e+00 -7.62619648572749e+01 
2.72667898139596e+00 1.45162014697536e+00 -7.68273923258590e+01 
2.73123103311783e+00 1.44204275463491e+00 -7.73916379057680e+01 
2.73578308483969e+00 1.43230740716561e+00 -7.79545962419961e+01 
2.74033513656155e+00 1.42241354347395e+00 -7.85161607525492e+01 
2.74488718828341e+00 1.41236064258393e+00 -7.90762236559098e+01 
2.74943924000528e+00 1.40214822460486e+00 -7.96346759999263e+01 
2.75399129172714e+00 1.39177585169120e+00 -8.01914076921408e+01 
2.75854334344900e+00 1.38124312899312e+00 -8.07463075315553e+01 
2.76309539517087e+00 1.37054970559676e+00 -8.12992632418360e+01 
2.76764744689273e+00 1.35969527545307e+00 -8.18501615059640e+01 
2.77219949861459e+00 1.34867957829420e+00 -8.23988880023260e+01 
2.77675155033646e+00 1.33750240053599e+00 -8.29453274422408e+01 
2.78130360205832e+00 1.32616357616576e+00 -8.34893636089261e+01 
2.78585565378018e+00 1.31466298761394e+00 -8.40308793978881e+01 
2.79040770550204e+00 1.30300056660855e+00 -8.45697568587336e+01 
2.79495975722391e+00 1.29117629501122e+00 -8.51058772383936e+01 
2.79951180894577e+00 1.27919020563362e+00 -8.56391210257430e+01 
2.80406386066763e+00 1.26704238303312e+00 -8.61693679976049e+01 
2.80861591238950e+00 1.25473296428640e+00 -8.66964972661265e+01 
2.81316796411136e+00 1.24226213973996e+00 -8.72203873275020e+01 
2.81772001583322e+00 1.22963015373614e+00 -8.77409161120296e+01 
2.82227206755509e+00 1.21683730531364e+00 -8.82579610354733e+01 
2.82682411927695e+00 1.20388394888132e+00 -8.87713990517149e+01 
2.83137617099881e+00 1.19077049486401e+00 -8.92811067066595e+01 
2.83592822272068e+00 1.17749741031923e+00 -8.97869601933736e+01 
2.84048027444254e+00 1.16406521952372e+00 -9.02888354084238e+01 
2.84503232616440e+00 1.15047450452862e+00 -9.07866080093824e+01 
2.84958437788626e+00 1.13672590568207e+00 -9.12801534734609e+01 
2.85413642960813e+00 1.12282012211821e+00 -9.17693471572482e+01 
2.85868848132999e+00 1.10875791221166e+00 -9.22540643575008e+01 
2.86324053305185e+00 1.09454009399602e+00 -9.27341803729471e+01 
2.86779258477372e+00 1.08016754554588e+00 -9.32095705670694e+01 
2.87234463649558e+00 1.06564120532077e+00 -9.36801104318125e+01 
2.87689668821744e+00 1.05096207247057e+00 -9.41456756521736e+01 
2.88144873993931e+00 1.03613120710112e+00 -9.46061421716238e+01 
2.88600079166117e+00 1.02114973049927e+00 -9.50613862583110e+01 
2.89055284338303e+00 1.00601882531632e+00 -9.55112845719944e+01 
2.89510489510489e+00 9.90739735709342e-01 -9.59557142316492e+01 
2.89965694682676e+00 9.75313767439129e-01 -9.63945528836914e+01 
2.90420899854862e+00 9.59742287924435e-01 -9.68276787707615e+01 
2.90876105027048e+00 9.44026726251489e-01 -9.72549708010073e+01 
2.91331310199235e+00 9.28168573138293e-01 -9.76763086178084e+01 
2.91786515371421e+00 9.12169380852971e-01 -9.80915726698709e+01 
2.92241720543607e+00 8.96030763085645e-01 -9.85006442816380e+01 
2.92696925715794e+00 8.79754394773330e-01 -9.89034057239445e+01 
2.93152130887980e+00 8.63342011877279e-01 -9.92997402848479e+01 
2.93607336060166e+00 8.46795411112486e-01 -9.96895323405731e+01 
2.94062541232353e+00 8.30116449628896e-01 -1.00072667426495e+02 
2.94517746404539e+00 8.13307044644003e-01 -1.00449032308091e+02 
2.94972951576725e+00 7.96369173026680e-01 -1.00818515051798e+02 
2.95428156748911e+00 7.79304870831927e-01 -1.01181005095686e+02 
2.95883361921098e+00 7.62116232786505e-01 -1.01536393319897e+02 
2.96338567093284e+00 7.44805411725328e-01 -1.01884572116753e+02 
2.96793772265470e+00 7.27374617978605e-01 -1.02225435460481e+02 
2.97248977437657e+00 7.09826118709861e-01 -1.02558878976464e+02 
2.97704182609843e+00 6.92162237204825e-01 -1.02884800009943e+02 
2.98159387782029e+00 6.74385352111513e-01 -1.03203097694115e+02 
2.98614592954216e+00 6.56497896631629e-01 -1.03513673017527e+02 
2.99069798126402e+00 6.38502357663678e-01 -1.03816428890701e+02 
2.99525003298588e+00 6.20401274898167e-01 -1.04111270211929e+02 
2.99980208470775e+00 6.02197239865266e-01 -1.04398103932134e+02 
3.00435413642961e+00 5.83892894935528e-01 -1.04676839118750e+02 
3.00890618815147e+00 5.65490932274219e-01 -1.04947387018535e+02 
3.01345823987333e+00 5.46994092749865e-01 -1.05209661119244e+02 
3.01801029159520e+00 5.28405164797736e-01 -1.05463577210091e+02 
3.02256234331706e+00 5.09726983239105e-01 -1.05709053440938e+02 
3.02711439503892e+00 4.90962428057010e-01 -1.05946010380120e+02 
3.03166644676079e+00 4.72114423129518e-01 -1.06174371070861e+02 
3.03621849848265e+00 4.53185934921361e-01 -1.06394061086192e+02 
3.04077055020451e+00 4.34179971135070e-01 -1.06605008582325e+02 
3.04532260192638e+00 4.15099579322581e-01 -1.06807144350397e+02 
3.04987465364824e+00 3.95947845458559e-01 -1.07000401866537e+02 
3.05442670537010e+00 3.76727892476555e-01 -1.07184717340195e+02 
3.05897875709196e+00 3.57442878769299e-01 -1.07360029760651e+02 
3.06353080881383e+00 3.38095996654436e-01 -1.07526280941677e+02 
3.06808286053569e+00 3.18690470807077e-01 -1.07683415564280e+02 
3.07263491225755e+00 2.99229556660527e-01 -1.07831381217466e+02 
3.07718696397942e+00 2.79716538776700e-01 -1.07970128436994e+02 
3.08173901570128e+00 2.60154729187778e-01 -1.08099610742050e+02 
3.08629106742314e+00 2.40547465710535e-01 -1.08219784669809e+02 
3.09084311914501e+00 2.20898110235053e-01 -1.08330609807838e+02 
3.09539517086687e+00 2.01210046989412e-01 -1.08432048824291e+02 
3.09994722258873e+00 1.81486680782026e-01 -1.08524067495869e+02 
3.10449927431059e+00 1.61731435223333e-01 -1.08606634733501e+02 
3.10905132603246e+00 1.41947750928642e-01 -1.08679722605721e+02 
3.11360337775432e+00 1.22139083703820e-01 -1.08743306359694e+02 
3.11815542947618e+00 1.02308902715664e-01 -1.08797364439893e+02 
3.12270748119805e+00 8.24606886488132e-02 -1.08841878504368e+02 
3.12725953291991e+00 6.25979318509822e-02 -1.08876833438614e+02 
3.13181158464177e+00 4.27241304684336e-02 -1.08902217367015e+02 
3.13636363636364e+00 2.28427885735201e-02 -1.08918021661824e+02 
