Data Format: k_val_normalized w_real_normalized w_imag 
num_pts 435 
0.00000000000000e+00 1.57974336779284e-16 5.07433078250022e-14 
7.15931533903884e-03 7.15931533903856e-03 6.28982226603031e-14 
1.43186306780777e-02 1.43186306780778e-02 5.34021425391347e-14 
2.14779460171165e-02 2.14779460171166e-02 1.95339626215235e-14 
2.86372613561554e-02 2.86372613561553e-02 5.80288682329630e-15 
3.57965766951942e-02 3.57965766951944e-02 -3.97687372826777e-14 
4.29558920342330e-02 4.29558920342332e-02 3.00505573449997e-14 
5.01152073732719e-02 5.01152073732720e-02 -1.14513056702023e-14 
5.72745227123107e-02 5.72745227123113e-02 -1.89825373917264e-14 
6.44338380513496e-02 6.44338380513494e-02 2.66582906613256e-14 
7.15931533903884e-02 7.15931533903885e-02 7.49593468390393e-14 
7.87524687294272e-02 7.87524687294276e-02 2.73332594758558e-14 
8.59117840684661e-02 8.59117840684663e-02 1.99735040673705e-14 
9.30710994075049e-02 9.30710994075044e-02 6.76078982976966e-14 
1.00230414746544e-01 1.00230414746545e-01 -3.68943721433175e-14 
1.07389730085583e-01 1.07389730085582e-01 5.07662551330281e-14 
1.14549045424621e-01 1.14549045424622e-01 9.80310968626676e-17 
1.21708360763660e-01 1.21708360763662e-01 -4.75859745328783e-14 
1.28867676102699e-01 1.28867676102699e-01 -2.60964621444466e-15 
1.36026991441738e-01 1.36026991441736e-01 -2.23689330018930e-14 
1.43186306780777e-01 1.43186306780773e-01 -2.26133999102756e-14 
1.50345622119816e-01 1.50345622119808e-01 -4.53355969347430e-14 
1.57504937458854e-01 1.57504937458840e-01 -1.54358616762380e-13 
1.64664252797893e-01 1.64664252797866e-01 -2.28366713345648e-13 
1.71823568136932e-01 1.71823568136885e-01 -5.05337768215571e-13 
1.78982883475971e-01 1.78982883475892e-01 -7.90602334178914e-13 
1.86142198815010e-01 1.86142198814879e-01 -1.44702452271343e-12 
1.93301514154049e-01 1.93301514153836e-01 -2.41441284689756e-12 
2.00460829493088e-01 2.00460829492746e-01 -4.08176769954804e-12 
2.07620144832126e-01 2.07620144831592e-01 -6.68073968266275e-12 
2.14779460171165e-01 2.14779460170339e-01 -1.06996014813546e-11 
2.21938775510204e-01 2.21938775508947e-01 -1.69306703522613e-11 
2.29098090849243e-01 2.29098090847354e-01 -2.63154528227455e-11 
2.36257406188282e-01 2.36257406185482e-01 -4.03721324987489e-11 
2.43416721527321e-01 2.43416721523221e-01 -6.11165302091265e-11 
2.50576036866359e-01 2.50576036860426e-01 -9.13890374672452e-11 
2.57735352205398e-01 2.57735352196903e-01 -1.35091245150116e-10 
2.64894667544437e-01 2.64894667532397e-01 -1.97538267414488e-10 
2.72053982883476e-01 2.72053982866578e-01 -2.85810226356159e-10 
2.79213298222515e-01 2.79213298199018e-01 -4.09497907405638e-10 
2.86372613561554e-01 2.86372613529165e-01 -5.81318080777465e-10 
2.93531928900592e-01 2.93531928856319e-01 -8.17926131938157e-10 
3.00691244239631e-01 3.00691244179594e-01 -1.14114653353951e-09 
3.07850559578670e-01 3.07850559497874e-01 -1.57937614511962e-09 
3.15009874917709e-01 3.15009874809763e-01 -2.16915341405449e-09 
3.22169190256748e-01 3.22169190113529e-01 -2.95740111413850e-09 
3.29328505595787e-01 3.29328505407032e-01 -4.00378197505873e-09 
3.36487820934826e-01 3.36487820687641e-01 -5.38413081030379e-09 
3.43647136273864e-01 3.43647135952144e-01 -7.19379751884424e-09 
3.50806451612903e-01 3.50806451196630e-01 -9.55243455203220e-09 
3.57965766951942e-01 3.57965766416374e-01 -1.26093062379475e-08 
3.65125082290981e-01 3.65125081605679e-01 -1.65496055059157e-08 
3.72284397630020e-01 3.72284396757722e-01 -2.16022994273891e-08 
3.79443712969059e-01 3.79443711864355e-01 -2.80489076238420e-08 
3.86603028308097e-01 3.86603026915898e-01 -3.62342637149125e-08 
3.93762343647136e-01 3.93762341900897e-01 -4.65790898797550e-08 
4.00921658986175e-01 4.00921656805852e-01 -5.95942765719594e-08 
4.08080974325214e-01 4.08080971614911e-01 -7.58982784539272e-08 
4.15240289664253e-01 4.15240286309543e-01 -9.62365682859584e-08 
4.22399605003292e-01 4.22399600868150e-01 -1.21504693630834e-07 
4.29558920342330e-01 4.29558915265663e-01 -1.52774711347210e-07 
4.36718235681369e-01 4.36718229473085e-01 -1.91325600638590e-07 
4.43877551020408e-01 4.43877543456990e-01 -2.38678178724783e-07 
4.51036866359447e-01 4.51036857178978e-01 -2.96635069781157e-07 
4.58196181698486e-01 4.58196170595087e-01 -3.67326541602544e-07 
4.65355497037525e-01 4.65355483655150e-01 -4.53262145274414e-07 
4.72514812376564e-01 4.72514796302102e-01 -5.57389960501168e-07 
4.79674127715602e-01 4.79674108471245e-01 -6.83163406128643e-07 
4.86833443054641e-01 4.86833420089451e-01 -8.34616719908268e-07 
4.93992758393680e-01 4.93992731074331e-01 -1.01644998956976e-06 
5.01152073732719e-01 5.01152041333335e-01 -1.23412493945537e-06 
5.08311389071758e-01 5.08311350762839e-01 -1.49397240207991e-06 
5.15470704410797e-01 5.15470659247148e-01 -1.80331218199995e-06 
5.22630019749835e-01 5.22629966657502e-01 -2.17058765865080e-06 
5.29789335088874e-01 5.29789272851029e-01 -2.60551514439794e-06 
5.36948650427913e-01 5.36948577669679e-01 -3.11925041984803e-06 
5.44107965766952e-01 5.44107880939147e-01 -3.72457343053054e-06 
5.51267281105991e-01 5.51267182467794e-01 -4.43609284548211e-06 
5.58426596445030e-01 5.58426482045569e-01 -5.27047235800814e-06 
5.65585911784068e-01 5.65585779442972e-01 -6.24668014195039e-06 
5.72745227123107e-01 5.72745074410048e-01 -7.38626385328597e-06 
5.79904542462146e-01 5.79904366675443e-01 -8.71365280768570e-06 
5.87063857801185e-01 5.87063655945573e-01 -1.02564894940942e-05 
5.94223173140224e-01 5.94222941903865e-01 -1.20459928945198e-05 
6.01382488479263e-01 6.01382224210176e-01 -1.41173553809842e-05 
6.08541803818301e-01 6.08541502500377e-01 -1.65101763336336e-05 
6.15701119157340e-01 6.15700776386155e-01 -1.92689341659264e-05 
6.22860434496379e-01 6.22860045455064e-01 -2.24435002891368e-05 
6.30019749835418e-01 6.30019309270887e-01 -2.60896966114170e-05 
6.37179065174457e-01 6.37178567374349e-01 -3.02699006543759e-05 
6.44338380513496e-01 6.44337819284234e-01 -3.50536999033985e-05 
6.51497695852535e-01 6.51497064498978e-01 -4.05185992516367e-05 
6.58657011191573e-01 6.58656302498798e-01 -4.67507843213835e-05 
6.65816326530612e-01 6.65815532748421e-01 -5.38459436118539e-05 
6.72975641869651e-01 6.72974754700512e-01 -6.19101525931330e-05 
6.80134957208690e-01 6.80133967799859e-01 -7.10608237198013e-05 
6.87294272547729e-01 6.87293171488430e-01 -8.14277243633617e-05 
6.94453587886768e-01 6.94452365211384e-01 -9.31540670944883e-05 
7.01612903225806e-01 7.01611548424146e-01 -1.06397675120388e-04 
7.08772218564845e-01 7.08770720600661e-01 -1.21332226221236e-04 
7.15931533903884e-01 7.15929881242937e-01 -1.38148578511037e-04 
7.23090849242923e-01 7.23089029892006e-01 -1.57056181559724e-04 
7.30250164581962e-01 7.30248166140450e-01 -1.78284575566745e-04 
7.37409479921001e-01 7.37407289646613e-01 -2.02084982678009e-04 
7.44568795260039e-01 7.44566400150658e-01 -2.28731992401019e-04 
7.51728110599078e-01 7.51725497492629e-01 -2.58525345554182e-04 
7.58887425938117e-01 7.58884581632679e-01 -2.91791817573856e-04 
7.66046741277156e-01 7.66043652673623e-01 -3.28887207021306e-04 
7.73206056616195e-01 7.73202710886028e-01 -3.70198428640353e-04 
7.80365371955234e-01 7.80361756735986e-01 -4.16145715376073e-04 
7.87524687294272e-01 7.87520790915792e-01 -4.67184931195813e-04 
7.94684002633311e-01 7.94679814377719e-01 -5.23809996292738e-04 
8.01843317972350e-01 8.01838828371083e-01 -5.86555427091460e-04 
8.09002633311389e-01 8.08997834482834e-01 -6.55998991117888e-04 
8.16161948650428e-01 8.16156834681873e-01 -7.32764480252946e-04 
8.23321263989467e-01 8.23315831367315e-01 -8.17524600246048e-04 
8.30480579328506e-01 8.30474827420931e-01 -9.11003979721735e-04 
8.37639894667544e-01 8.37633826264000e-01 -1.01398229628984e-03 
8.44799210006583e-01 8.44792831918799e-01 -1.12729752167989e-03 
8.51958525345622e-01 8.51951849074942e-01 -1.25184928323386e-03 
8.59117840684661e-01 8.59110883160855e-01 -1.38860234168453e-03 
8.66277156023700e-01 8.66269940420556e-01 -1.53859018318372e-03 
8.73436471362739e-01 8.73429027996005e-01 -1.70291872328056e-03 
8.80595786701777e-01 8.80588154015260e-01 -1.88277012067451e-03 
8.87755102040816e-01 8.87747327686625e-01 -2.07940669634016e-03 
8.94914417379855e-01 8.94906559399044e-01 -2.29417495628578e-03 
9.02073732718894e-01 9.02065860828933e-01 -2.52850971141491e-03 
9.09233048057933e-01 9.09225245053642e-01 -2.78393829124527e-03 
9.16392363396972e-01 9.16384726671770e-01 -3.06208484553298e-03 
9.23551678736011e-01 9.23544321930452e-01 -3.36467472815872e-03 
9.30710994075049e-01 9.30704048859867e-01 -3.69353895616088e-03 
9.37870309414088e-01 9.37863927415025e-01 -4.05061873762963e-03 
9.45029624753127e-01 9.45023979625039e-01 -4.43797006064205e-03 
9.52188940092166e-01 9.52184229749933e-01 -4.85776833518636e-03 
9.59348255431205e-01 9.59344704445147e-01 -5.31231307931609e-03 
9.66507570770244e-01 9.66505432933746e-01 -5.80403264173895e-03 
9.73666886109282e-01 9.73666447186397e-01 -6.33548894970555e-03 
9.80826201448321e-01 9.80827782109173e-01 -6.90938227332671e-03 
9.87985516787360e-01 9.87989475739129e-01 -7.52855599682962e-03 
9.95144832126399e-01 9.95151569447631e-01 -8.19600138584272e-03 
1.00230414746544e+00 1.00231410815138e+00 -8.91486233911454e-03 
1.00946346280448e+00 1.00947714053107e+00 -9.68844011577387e-03 
1.01662277814352e+00 1.01664071925746e+00 -1.05201980255627e-02 
1.02378209348255e+00 1.02380490122479e+00 -1.14137660726394e-02 
1.03094140882159e+00 1.03096974779140e+00 -1.23729455402628e-02 
1.03810072416063e+00 1.03813532502708e+00 -1.34017135071367e-02 
1.04526003949967e+00 1.04530170396723e+00 -1.45042272838103e-02 
1.05241935483871e+00 1.05246896087331e+00 -1.56848287594575e-02 
1.05957867017775e+00 1.05963717749933e+00 -1.69480486478910e-02 
1.06673798551679e+00 1.06680644136397e+00 -1.82986106247934e-02 
1.07389730085583e+00 1.07397684602811e+00 -1.97414353452717e-02 
1.08105661619486e+00 1.08114849137711e+00 -2.12816443350008e-02 
1.08821593153390e+00 1.08832148390756e+00 -2.29245637452970e-02 
1.09537524687294e+00 1.09549593701806e+00 -2.46757279668802e-02 
1.10253456221198e+00 1.10267197130334e+00 -2.65408830937718e-02 
1.10969387755102e+00 1.10984971485139e+00 -2.85259902346194e-02 
1.11685319289006e+00 1.11702930354297e+00 -3.06372286646370e-02 
1.12401250822910e+00 1.12421088135294e+00 -3.28809988162257e-02 
1.13117182356814e+00 1.13139460065290e+00 -3.52639251052882e-02 
1.13833113890718e+00 1.13858062251443e+00 -3.77928585922614e-02 
1.14549045424621e+00 1.14576911701249e+00 -4.04748794778395e-02 
1.15264976958525e+00 1.15296026352824e+00 -4.33172994349924e-02 
1.15980908492429e+00 1.16015425105081e+00 -4.63276637787828e-02 
1.16696840026333e+00 1.16735127847726e+00 -4.95137534786797e-02 
1.17412771560237e+00 1.17455155491035e+00 -5.28835870179675e-02 
1.18128703094141e+00 1.18175529995329e+00 -5.64454221061749e-02 
1.18844634628045e+00 1.18896274400113e+00 -6.02077572527567e-02 
1.19560566161949e+00 1.19617412852807e+00 -6.41793332101431e-02 
1.20276497695853e+00 1.20338970637023e+00 -6.83691342961377e-02 
1.20992429229756e+00 1.21060974200343e+00 -7.27863896074201e-02 
1.21708360763660e+00 1.21783451181526e+00 -7.74405741354038e-02 
1.22424292297564e+00 1.22506430437138e+00 -8.23414097989235e-02 
1.23140223831468e+00 1.23229942067519e+00 -8.74988664064904e-02 
1.23856155365372e+00 1.23954017442082e+00 -9.29231625651821e-02 
1.24572086899276e+00 1.24678689223895e+00 -9.86247665508047e-02 
1.25288018433180e+00 1.25403991393512e+00 -1.04614397156814e-01 
1.26003949967084e+00 1.26129959272038e+00 -1.10903024539380e-01 
1.26719881500987e+00 1.26856629543393e+00 -1.17501871077142e-01 
1.27435813034891e+00 1.27584040275763e+00 -1.24422412263279e-01 
1.28151744568795e+00 1.28312230942226e+00 -1.31676377650166e-01 
1.28867676102699e+00 1.29041242440538e+00 -1.39275751865250e-01 
1.29583607636603e+00 1.29771117112076e+00 -1.47232775717447e-01 
1.30299539170507e+00 1.30501898759938e+00 -1.55559947414684e-01 
1.31015470704411e+00 1.31233632666207e+00 -1.64270023911583e-01 
1.31731402238315e+00 1.31966365608372e+00 -1.73376022406500e-01 
1.32447333772219e+00 1.32700145874938e+00 -1.82891222008877e-01 
1.33163265306122e+00 1.33435023280227e+00 -1.92829165594610e-01 
1.33879196840026e+00 1.34171049178388e+00 -2.03203661869123e-01 
1.34595128373930e+00 1.34908276476643e+00 -2.14028787656749e-01 
1.35311059907834e+00 1.35646759647802e+00 -2.25318890434035e-01 
1.36026991441738e+00 1.36386554742051e+00 -2.37088591125492e-01 
1.36742922975642e+00 1.37127719398074e+00 -2.49352787177738e-01 
1.37458854509546e+00 1.37870312853518e+00 -2.62126655929057e-01 
1.38174786043450e+00 1.38614395954851e+00 -2.75425658290567e-01 
1.38890717577354e+00 1.39360031166638e+00 -2.89265542753667e-01 
1.39606649111257e+00 1.40107282580286e+00 -3.03662349738044e-01 
1.40322580645161e+00 1.40856215922285e+00 -3.18632416294963e-01 
1.41038512179065e+00 1.41606898561992e+00 -3.34192381178097e-01 
1.41754443712969e+00 1.42359399518993e+00 -3.50359190294470e-01 
1.42470375246873e+00 1.43113789470091e+00 -3.67150102547897e-01 
1.43186306780777e+00 1.43870140755951e+00 -3.84582696085390e-01 
1.43902238314681e+00 1.44628527387441e+00 -4.02674874956662e-01 
1.44618169848585e+00 1.45389025051721e+00 -4.21444876197713e-01 
1.45334101382488e+00 1.46151711118099e+00 -4.40911277346444e-01 
1.46050032916392e+00 1.46916664643701e+00 -4.61093004399762e-01 
1.46765964450296e+00 1.47683966378987e+00 -4.82009340220400e-01 
1.47481895984200e+00 1.48453698773140e+00 -5.03679933400306e-01 
1.48197827518104e+00 1.49225945979370e+00 -5.26124807589132e-01 
1.48913759052008e+00 1.50000793860143e+00 -5.49364371293964e-01 
1.49629690585912e+00 1.50778329992379e+00 -5.73419428156824e-01 
1.50345622119816e+00 1.51558643672623e+00 -5.98311187717397e-01 
1.51061553653720e+00 1.52341825922223e+00 -6.24061276665399e-01 
1.51777485187623e+00 1.53127969492521e+00 -6.50691750590807e-01 
1.52493416721527e+00 1.53917168870076e+00 -6.78225106236270e-01 
1.53209348255431e+00 1.54709520281925e+00 -7.06684294258348e-01 
1.53925279789335e+00 1.55505121700886e+00 -7.36092732503932e-01 
1.54641211323239e+00 1.56304072850909e+00 -7.66474319807389e-01 
1.55357142857143e+00 1.57106475212470e+00 -7.97853450315161e-01 
1.56073074391047e+00 1.57912432028008e+00 -8.30255028344727e-01 
1.56789005924951e+00 1.58722048307383e+00 -8.63704483783738e-01 
1.57504937458854e+00 1.59535430833351e+00 -8.98227788038062e-01 
1.58220868992758e+00 1.60352688167044e+00 -9.33851470534941e-01 
1.58936800526662e+00 1.61173930653402e+00 -9.70602635790657e-01 
1.59652732060566e+00 1.61999270426582e+00 -1.00850898105021e+00 
1.60368663594470e+00 1.62828821415253e+00 -1.04759881450972e+00 
1.61084595128374e+00 1.63662699347789e+00 -1.08790107412930e+00 
1.61800526662278e+00 1.64501021757294e+00 -1.12944534704944e+00 
1.62516458196182e+00 1.65343907986420e+00 -1.17226188962038e+00 
1.63232389730086e+00 1.66191479191930e+00 -1.21638164805762e+00 
1.63948321263989e+00 1.67043858348949e+00 -1.26183627973554e+00 
1.64664252797893e+00 1.67901170254840e+00 -1.30865817513444e+00 
1.65380184331797e+00 1.68763541532651e+00 -1.35688048045445e+00 
1.66096115865701e+00 1.69631100634041e+00 -1.40653712091228e+00 
1.66812047399605e+00 1.70503977841636e+00 -1.45766282473877e+00 
1.67527978933509e+00 1.71382305270715e+00 -1.51029314789313e+00 
1.68243910467413e+00 1.72266216870146e+00 -1.56446449951482e+00 
1.68959842001317e+00 1.73155848422481e+00 -1.62021416813161e+00 
1.69675773535221e+00 1.74051337543103e+00 -1.67758034864615e+00 
1.70391705069124e+00 1.74952823678344e+00 -1.73660217012251e+00 
1.71107636603028e+00 1.75860448102427e+00 -1.79731972439757e+00 
1.71823568136932e+00 1.76774353913155e+00 -1.85977409554171e+00 
1.72539499670836e+00 1.77694686026198e+00 -1.92400739019412e+00 
1.73255431204740e+00 1.78621591167855e+00 -1.99006276880231e+00 
1.73971362738644e+00 1.79555217866162e+00 -2.05798447779295e+00 
1.74687294272548e+00 1.80495716440197e+00 -2.12781788270516e+00 
1.75403225806452e+00 1.81443238987426e+00 -2.19960950231820e+00 
1.76119157340355e+00 1.82397939368943e+00 -2.27340704380525e+00 
1.76835088874259e+00 1.83359973192435e+00 -2.34925943894909e+00 
1.77551020408163e+00 1.84329497792694e+00 -2.42721688145467e+00 
1.78266951942067e+00 1.85306672209495e+00 -2.50733086539525e+00 
1.78982883475971e+00 1.86291657162658e+00 -2.58965422483188e+00 
1.79698815009875e+00 1.87284615024081e+00 -2.67424117464405e+00 
1.80414746543779e+00 1.88285709786548e+00 -2.76114735261389e+00 
1.81130678077683e+00 1.89295107029085e+00 -2.85042986280545e+00 
1.81846609611587e+00 1.90312973878638e+00 -2.94214732028244e+00 
1.82562541145490e+00 1.91339478967840e+00 -3.03635989720897e+00 
1.83278472679394e+00 1.92374792388611e+00 -3.13312937037853e+00 
1.83994404213298e+00 1.93419085641330e+00 -3.23251917021767e+00 
1.84710335747202e+00 1.94472531579312e+00 -3.33459443131176e+00 
1.85426267281106e+00 1.95535304348297e+00 -3.43942204449989e+00 
1.86142198815010e+00 1.96607579320671e+00 -3.54707071058887e+00 
1.86858130348914e+00 1.97689533024078e+00 -3.65761099573297e+00 
1.87574061882818e+00 1.98781343064127e+00 -3.77111538853118e+00 
1.88289993416722e+00 1.99883188040841e+00 -3.88765835888838e+00 
1.89005924950625e+00 2.00995247458491e+00 -4.00731641869169e+00 
1.89721856484529e+00 2.02117701628447e+00 -4.13016818434907e+00 
1.90437788018433e+00 2.03250731564659e+00 -4.25629444123930e+00 
1.91153719552337e+00 2.04394518871358e+00 -4.38577821011885e+00 
1.91869651086241e+00 2.05549245622556e+00 -4.51870481553408e+00 
1.92585582620145e+00 2.06715094232888e+00 -4.65516195627956e+00 
1.93301514154049e+00 2.07892247319358e+00 -4.79523977794841e+00 
1.94017445687953e+00 2.09080887553463e+00 -4.93903094761259e+00 
1.94733377221856e+00 2.10281197503229e+00 -5.08663073067113e+00 
1.95449308755760e+00 2.11493359464582e+00 -5.23813706990163e+00 
1.96165240289664e+00 2.12717555281531e+00 -5.39365066674350e+00 
1.96881171823568e+00 2.13953966154553e+00 -5.55327506484291e+00 
1.97597103357472e+00 2.15202772436593e+00 -5.71711673587782e+00 
1.98313034891376e+00 2.16464153416004e+00 -5.88528516768246e+00 
1.99028966425280e+00 2.17738287085794e+00 -6.05789295468122e+00 
1.99744897959184e+00 2.19025349898445e+00 -6.23505589063582e+00 
2.00460829493088e+00 2.20325516505598e+00 -6.41689306370388e+00 
2.01176761026991e+00 2.21638959481807e+00 -6.60352695379658e+00 
2.01892692560895e+00 2.22965849031583e+00 -6.79508353221867e+00 
2.02608624094799e+00 2.24306352678876e+00 -6.99169236355673e+00 
2.03324555628703e+00 2.25660634938113e+00 -7.19348670978110e+00 
2.04040487162607e+00 2.27028856965888e+00 -7.40060363650692e+00 
2.04756418696511e+00 2.28411176192332e+00 -7.61318412135149e+00 
2.05472350230415e+00 2.29807745931182e+00 -7.83137316431037e+00 
2.06188281764319e+00 2.31218714967491e+00 -8.05531990006139e+00 
2.06904213298222e+00 2.32644227121911e+00 -8.28517771208695e+00 
2.07620144832126e+00 2.34084420790416e+00 -8.52110434849172e+00 
2.08336076366030e+00 2.35539428458295e+00 -8.76326203936997e+00 
2.09052007899934e+00 2.37009376187203e+00 -9.01181761556186e+00 
2.09767939433838e+00 2.38494383074009e+00 -9.26694262861252e+00 
2.10483870967742e+00 2.39994560680152e+00 -9.52881347172768e+00 
2.11199802501646e+00 2.41510012430128e+00 -9.79761150149215e+00 
2.11915734035550e+00 2.43040832977769e+00 -1.00735231600967e+01 
2.12631665569454e+00 2.44587107538844e+00 -1.03567400977834e+01 
2.13347597103357e+00 2.46148911188530e+00 -1.06474592951968e+01 
2.14063528637261e+00 2.47726308122267e+00 -1.09458831852928e+01 
2.14779460171165e+00 2.49319350878426e+00 -1.12522197744232e+01 
2.15495391705069e+00 2.50928079521261e+00 -1.15666827621798e+01 
2.16211323238973e+00 2.52552520782518e+00 -1.18894916595438e+01 
2.16927254772877e+00 2.54192687160119e+00 -1.22208719048438e+01 
2.17643186306781e+00 2.55848575972261e+00 -1.25610549769856e+01 
2.18359117840685e+00 2.57520168365319e+00 -1.29102785053722e+01 
2.19075049374589e+00 2.59207428273896e+00 -1.32687863758823e+01 
2.19790980908492e+00 2.60910301331392e+00 -1.36368288322298e+01 
2.20506912442396e+00 2.62628713729478e+00 -1.40146625719705e+01 
2.21222843976300e+00 2.64362571024885e+00 -1.44025508363730e+01 
2.21938775510204e+00 2.66111756891951e+00 -1.48007634933061e+01 
2.22654707044108e+00 2.67876131819423e+00 -1.52095771122443e+01 
2.23370638578012e+00 2.69655531750097e+00 -1.56292750304247e+01 
2.24086570111916e+00 2.71449766661929e+00 -1.60601474091245e+01 
2.24802501645820e+00 2.73258619089347e+00 -1.65024912789691e+01 
2.25518433179723e+00 2.75081842583661e+00 -1.69566105731024e+01 
2.26234364713627e+00 2.76919160111540e+00 -1.74228161469894e+01 
2.26950296247531e+00 2.78770262390719e+00 -1.79014257835427e+01 
2.27666227781435e+00 2.80634806162289e+00 -1.83927641821991e+01 
2.28382159315339e+00 2.82512412399094e+00 -1.88971629304894e+01 
2.29098090849243e+00 2.84402664450031e+00 -1.94149604565777e+01 
2.29814022383147e+00 2.86305106120291e+00 -1.99465019611676e+01 
2.30529953917051e+00 2.88219239687864e+00 -2.04921393271003e+01 
2.31245885450955e+00 2.90144523856991e+00 -2.10522310048939e+01 
2.31961816984858e+00 2.92080371649540e+00 -2.16271418724037e+01 
2.32677748518762e+00 2.94026148235749e+00 -2.22172430667136e+01 
2.33393680052666e+00 2.95981168706145e+00 -2.28229117862987e+01 
2.34109611586570e+00 2.97944695786947e+00 -2.34445310614434e+01 
2.34825543120474e+00 2.99915937501749e+00 -2.40824894908336e+01 
2.35541474654378e+00 3.01894044782834e+00 -2.47371809421977e+01 
2.36257406188282e+00 3.03878109036037e+00 -2.54090042148215e+01 
2.36973337722186e+00 3.05867159663695e+00 -2.60983626617277e+01 
2.37689269256090e+00 3.07860161550915e+00 -2.68056637692844e+01 
2.38405200789993e+00 3.09856012521035e+00 -2.75313186919905e+01 
2.39121132323897e+00 3.11853540766947e+00 -2.82757417401837e+01 
2.39837063857801e+00 3.13851502265688e+00 -2.90393498184246e+01 
2.40552995391705e+00 3.15848578184537e+00 -2.98225618123406e+01 
2.41268926925609e+00 3.17843372287675e+00 -3.06257979217510e+01 
2.41984858459513e+00 3.19834408353367e+00 -3.14494789379591e+01 
2.42700789993417e+00 3.21820127612492e+00 -3.22940254631766e+01 
2.43416721527321e+00 3.23798886220168e+00 -3.31598570701488e+01 
2.44132653061224e+00 3.25768952773179e+00 -3.40473914001730e+01 
2.44848584595128e+00 3.27728505886805e+00 -3.49570431978586e+01 
2.45564516129032e+00 3.29675631845640e+00 -3.58892232811421e+01 
2.46280447662936e+00 3.31608322343878e+00 -3.68443374452858e+01 
2.46996379196840e+00 3.33524472331525e+00 -3.78227852998143e+01 
2.47712310730744e+00 3.35421877983845e+00 -3.88249590376023e+01 
2.48428242264648e+00 3.37298234812219e+00 -3.98512421356205e+01 
2.49144173798552e+00 3.39151135935441e+00 -4.09020079871676e+01 
2.49860105332456e+00 3.40978070531239e+00 -4.19776184657685e+01 
2.50576036866359e+00 3.42776422488457e+00 -4.30784224212926e+01 
2.51291968400263e+00 3.44543469281025e+00 -4.42047541092756e+01 
2.52007899934167e+00 3.46276381085308e+00 -4.53569315548485e+01 
2.52723831468071e+00 3.47972220162862e+00 -4.65352548531631e+01 
2.53439763001975e+00 3.49627940530946e+00 -4.77400044086910e+01 
2.54155694535879e+00 3.51240387943260e+00 -4.89714391162929e+01 
2.54871626069783e+00 3.52806300203430e+00 -5.02297944875021e+01 
2.55587557603687e+00 3.54322307833633e+00 -5.15152807260140e+01 
2.56303489137591e+00 3.55784935120414e+00 -5.28280807569693e+01 
2.57019420671494e+00 3.57190601559304e+00 -5.41683482151785e+01 
2.57735352205398e+00 3.58535623719129e+00 -5.55362053980544e+01 
2.58451283739302e+00 3.59816217546095e+00 -5.69317411895966e+01 
2.59167215273206e+00 3.61028501126580e+00 -5.83550089623764e+01 
2.59883146807110e+00 3.62168497926372e+00 -5.98060244650467e+01 
2.60599078341014e+00 3.63232140522512e+00 -6.12847637034773e+01 
2.61315009874918e+00 3.64215274842275e+00 -6.27911608241627e+01 
2.62030941408822e+00 3.65113664921866e+00 -6.43251060090725e+01 
2.62746872942725e+00 3.65922998195296e+00 -6.58864433916091e+01 
2.63462804476629e+00 3.66638891321621e+00 -6.74749690037854e+01 
2.64178736010533e+00 3.67256896556157e+00 -6.90904287651389e+01 
2.64894667544437e+00 3.67772508668689e+00 -7.07325165242646e+01 
2.65610599078341e+00 3.68181172408755e+00 -7.24008721641361e+01 
2.66326530612245e+00 3.68478290515181e+00 -7.40950797826291e+01 
2.67042462146149e+00 3.68659232263850e+00 -7.58146659598224e+01 
2.67758393680053e+00 3.68719342544532e+00 -7.75590981237616e+01 
2.68474325213957e+00 3.68653951454231e+00 -7.93277830263752e+01 
2.69190256747860e+00 3.68458384391195e+00 -8.11200653411949e+01 
2.69906188281764e+00 3.68127972630325e+00 -8.29352263943781e+01 
2.70622119815668e+00 3.67658064357272e+00 -8.47724830403188e+01 
2.71338051349572e+00 3.67044036135246e+00 -8.66309866928291e+01 
2.72053982883476e+00 3.66281304775128e+00 -8.85098225224794e+01 
2.72769914417380e+00 3.65365339576302e+00 -9.04080088302229e+01 
2.73485845951284e+00 3.64291674902493e+00 -9.23244966068697e+01 
2.74201777485188e+00 3.63055923053904e+00 -9.42581692873581e+01 
2.74917709019092e+00 3.61653787394096e+00 -9.62078427080534e+01 
2.75633640552995e+00 3.60081075687493e+00 -9.81722652745376e+01 
2.76349572086899e+00 3.58333713600896e+00 -1.00150118346514e+02 
2.77065503620803e+00 3.56407758320284e+00 -1.02140016845540e+02 
2.77781435154707e+00 3.54299412232204e+00 -1.04140510090357e+02 
2.78497366688611e+00 3.52005036617428e+00 -1.06150082863585e+02 
2.79213298222515e+00 3.49521165303180e+00 -1.08167156712490e+02 
2.79929229756419e+00 3.46844518219204e+00 -1.10190091485491e+02 
2.80645161290323e+00 3.43972014802106e+00 -1.12217187104930e+02 
2.81361092824226e+00 3.40900787192072e+00 -1.14246685575560e+02 
2.82077024358130e+00 3.37628193165835e+00 -1.16276773227032e+02 
2.82792955892034e+00 3.34151828750019e+00 -1.18305583187588e+02 
2.83508887425938e+00 3.30469540459453e+00 -1.20331198084982e+02 
2.84224818959842e+00 3.26579437105900e+00 -1.22351652969609e+02 
2.84940750493746e+00 3.22479901123704e+00 -1.24364938453685e+02 
2.85656682027650e+00 3.18169599360337e+00 -1.26369004059303e+02 
2.86372613561554e+00 3.13647493281436e+00 -1.28361761767113e+02 
2.87088545095458e+00 3.08912848541947e+00 -1.30341089756470e+02 
2.87804476629361e+00 3.03965243877140e+00 -1.32304836326857e+02 
2.88520408163265e+00 2.98804579269721e+00 -1.34250823989594e+02 
2.89236339697169e+00 2.93431083351944e+00 -1.36176853717955e+02 
2.89952271231073e+00 2.87845320004419e+00 -1.38080709343050e+02 
2.90668202764977e+00 2.82048194116416e+00 -1.39960162082153e+02 
2.91384134298881e+00 2.76040956475588e+00 -1.41812975185451e+02 
2.92100065832785e+00 2.69825207758429e+00 -1.43636908686669e+02 
2.92815997366689e+00 2.63402901596165e+00 -1.45429724242489e+02 
2.93531928900592e+00 2.56776346694384e+00 -1.47189190045234e+02 
2.94247860434496e+00 2.49948207988283e+00 -1.48913085792942e+02 
2.94963791968400e+00 2.42921506819137e+00 -1.50599207700645e+02 
2.95679723502304e+00 2.35699620121280e+00 -1.52245373536457e+02 
2.96395655036208e+00 2.28286278612673e+00 -1.53849427665894e+02 
2.97111586570112e+00 2.20685563985856e+00 -1.55409246087795e+02 
2.97827518104016e+00 2.12901905099837e+00 -1.56922741445189e+02 
2.98543449637920e+00 2.04940073177172e+00 -1.58387867994496e+02 
2.99259381171824e+00 1.96805176014171e+00 -1.59802626516573e+02 
2.99975312705727e+00 1.88502651215778e+00 -1.61165069153306e+02 
3.00691244239631e+00 1.80038258470192e+00 -1.62473304153694e+02 
3.01407175773535e+00 1.71418070881783e+00 -1.63725500513643e+02 
3.02123107307439e+00 1.62648465384223e+00 -1.64919892494110e+02 
3.02839038841343e+00 1.53736112258982e+00 -1.66054784002587e+02 
3.03554970375247e+00 1.44687963787526e+00 -1.67128552823424e+02 
3.04270901909151e+00 1.35511242068549e+00 -1.68139654682989e+02 
3.04986833443055e+00 1.26213426034471e+00 -1.69086627136247e+02 
3.05702764976958e+00 1.16802237704203e+00 -1.69968093261918e+02 
3.06418696510862e+00 1.07285627711753e+00 -1.70782765154039e+02 
3.07134628044766e+00 9.76717601527359e-01 -1.71529447198454e+02 
3.07850559578670e+00 8.79689967931406e-01 -1.72207039123457e+02 
3.08566491112574e+00 7.81858806868037e-01 -1.72814538814584e+02 
3.09282422646478e+00 6.83311192500835e-01 -1.73351044884328e+02 
3.09998354180382e+00 5.84135668439474e-01 -1.73815758988375e+02 
3.10714285714286e+00 4.84422069153600e-01 -1.74207987880783e+02 
