num_modes 5 
num_pts 186 
Dispersion Data
0.00000000000000e+00 -1.25793574658608e+00 1.25793574658607e+00 -1.18260504220231e+00 1.18260504220231e+00 -2.11416381990426e-17 
1.67567567567568e-02 -1.27664262625313e+00 1.23836247165190e+00 -1.17057212194104e+00 1.19448654254844e+00 1.67567567090290e-02 
3.35135135135135e-02 -1.29449318047466e+00 1.21791429251294e+00 -1.15838669305477e+00 1.20621733995561e+00 3.35135119916394e-02 
5.02702702702703e-02 -1.31149895070740e+00 1.19658434153530e+00 -1.14604732112753e+00 1.21779775934832e+00 5.02702587818270e-02 
6.70270270270270e-02 -1.32767285143582e+00 1.17436746440797e+00 -1.13355225885664e+00 1.22922771800884e+00 6.70269790152671e-02 
8.37837837837838e-02 -1.34302906159408e+00 1.15126028408204e+00 -1.12089948681907e+00 1.24050671384590e+00 8.37836388220961e-02 
1.00540540540541e-01 -1.35758290536366e+00 1.12726125684946e+00 -1.10808676336611e+00 1.25163381677221e+00 1.00540184521614e-01 
1.17297297297297e-01 -1.37135072171452e+00 1.10237072069186e+00 -1.09511168478555e+00 1.26260766255580e+00 1.17296539639315e-01 
1.34054054054054e-01 -1.38434972217338e+00 1.07659093595852e+00 -1.08197175672965e+00 1.27342644861851e+00 1.34052603127359e-01 
1.50810810810811e-01 -1.39659783654435e+00 1.04992611838041e+00 -1.06866447763743e+00 1.28408793135514e+00 1.50808248921757e-01 
1.67567567567568e-01 -1.40811354670831e+00 1.02238246439586e+00 -1.05518743444847e+00 1.29458942463674e+00 1.67563326914086e-01 
1.84324324324324e-01 -1.41891570921760e+00 9.93968168750335e-01 -1.04153841028309e+00 1.30492779924204e+00 1.84317665353777e-01 
2.01081081081081e-01 -1.42902336819884e+00 9.64693434339027e-01 -1.02771550293481e+00 1.31509948303267e+00 2.01071074630498e-01 
2.17837837837838e-01 -1.43845556107808e+00 9.34570474280476e-01 -1.01371725198708e+00 1.32510046175127e+00 2.17823352316694e-01 
2.34594594594595e-01 -1.44723112081400e+00 9.03613506242847e-01 -9.99542771161654e-01 1.33492628037798e+00 2.34574289280108e-01 
2.51351351351351e-01 -1.45536847959328e+00 8.71838739085301e-01 -9.85191881205910e-01 1.34457204503154e+00 2.51323676607223e-01 
2.68108108108108e-01 -1.46288548018594e+00 8.39264351923880e-01 -9.70665237351774e-01 1.35403242544718e+00 2.68071313013442e-01 
2.84864864864865e-01 -1.46979920220833e+00 8.05910465779626e-01 -9.55964444298818e-01 1.36330165810563e+00 2.84817012356455e-01 
3.01621621621622e-01 -1.47612581119848e+00 7.71799108014130e-01 -9.41092150989033e-01 1.37237355012734e+00 3.01560610817783e-01 
3.18378378378378e-01 -1.48188043846334e+00 7.36954169800972e-01 -9.26052117358611e-01 1.38124148408331e+00 3.18301973275331e-01 
3.35135135135135e-01 -1.48707709893801e+00 7.01401356918884e-01 -9.10849245945837e-01 1.38989842391006e+00 3.35040998358123e-01 
3.51891891891892e-01 -1.49172865271185e+00 6.65168134182375e-01 -8.95489572795755e-01 1.39833692215140e+00 3.51777621653936e-01 
3.68648648648649e-01 -1.49584681345704e+00 6.28283663847212e-01 -8.79980214498236e-01 1.40654912878369e+00 3.68511816531176e-01 
3.85405405405405e-01 -1.49944220392719e+00 5.90778738341712e-01 -8.64329271243712e-01 1.41452680191384e+00 3.85243592038023e-01 
4.02162162162162e-01 -1.50252445529826e+00 5.52685707680727e-01 -8.48545689155291e-01 1.42226132067073e+00 4.01972987353846e-01 
4.18918918918919e-01 -1.50510234382756e+00 5.14038401918699e-01 -8.32639088434571e-01 1.42974370063813e+00 4.18700062289627e-01 
4.35675675675676e-01 -1.50718395554896e+00 4.74872048992808e-01 -8.16619566597683e-01 1.43696461220108e+00 4.35424883365303e-01 
4.52432432432432e-01 -1.50877686788229e+00 4.35223188298443e-01 -8.00497487901942e-01 1.44391440219282e+00 4.52147505032664e-01 
4.69189189189189e-01 -1.50988833633941e+00 3.95129580329172e-01 -7.84283270742381e-01 1.45058311923534e+00 4.68867945663984e-01 
4.85945945945946e-01 -1.51052547499980e+00 3.54630112702944e-01 -7.67987184291700e-01 1.45696054315602e+00 4.85586157991059e-01 
5.02702702702703e-01 -1.51069542095494e+00 3.13764702887582e-01 -7.51619164115320e-01 1.46303621883185e+00 5.02301993760952e-01 
5.19459459459459e-01 -1.51040547519109e+00 2.72574197931765e-01 -7.35188654207471e-01 1.46879949475324e+00 5.19015162478893e-01 
5.36216216216216e-01 -1.50966321503008e+00 2.31100271503921e-01 -7.18704480229292e-01 1.47423956650312e+00 5.35725184243124e-01 
5.52972972972973e-01 -1.50847657591443e+00 1.89385318540418e-01 -7.02174756047170e-01 1.47934552520423e+00 5.52431336849968e-01 
5.69729729729730e-01 -1.50685390271170e+00 1.47472347806173e-01 -6.85606823265615e-01 1.48410641078738e+00 5.69132597570551e-01 
5.86486486486486e-01 -1.50480397262436e+00 1.05404872674770e-01 -6.69007221521049e-01 1.48851126966590e+00 5.85827580283799e-01 
6.03243243243243e-01 -1.50233599313629e+00 6.32268004403871e-02 -6.52381685941116e-01 1.49254921605750e+00 6.02514469003138e-01 
6.20000000000000e-01 -1.49945957920915e+00 2.09823204799282e-02 -6.35735167375660e-01 1.49620949576912e+00 6.19190949262422e-01 
6.36756756756757e-01 -1.49618471422769e+00 -2.12842084106544e-02 -6.19071870701755e-01 1.49948155075457e+00 6.35854139329453e-01 
6.53513513513513e-01 -1.49252169909140e+00 -6.35283711770642e-02 -6.02395306590582e-01 1.50235508218125e+00 6.52500523781872e-01 
6.70270270270270e-01 -1.48848109347451e+00 -1.05705809832651e-01 -5.85708352482224e-01 1.50482010912716e+00 6.69125892584216e-01 
6.87027027027027e-01 -1.48407365273926e+00 -1.47772336616741e-01 -5.69013319037056e-01 1.50686701941950e+00 6.85725289401570e-01 
7.03783783783784e-01 -1.47931026337640e+00 -1.89684046653559e-01 -5.52312018929279e-01 1.50848660858911e+00 7.02292973406991e-01 
7.20540540540541e-01 -1.47420187923259e+00 -2.31397429783064e-01 -5.35605835452033e-01 1.50967010254182e+00 7.18822399196645e-01 
7.37297297297297e-01 -1.46875946021100e+00 -2.72869481239607e-01 -5.18895788969588e-01 1.51040915944787e+00 7.35306219509592e-01 
7.54054054054054e-01 -1.46299391462603e+00 -3.14057810860241e-01 -5.02182599754378e-01 1.51069584664019e+00 7.51736315142250e-01 
7.70810810810811e-01 -1.45691604596842e+00 -3.54920750510262e-01 -4.85466746174286e-01 1.51052258909782e+00 7.68103855645257e-01 
7.87567567567568e-01 -1.45053650449323e+00 -3.95417459419003e-01 -4.68748517547754e-01 1.50988208743967e+00 7.84399393024524e-01 
8.04324324324324e-01 -1.44386574377617e+00 -4.35508027122795e-01 -4.52028061267151e-01 1.50876720526984e+00 8.00612988736552e-01 
8.21081081081081e-01 -1.43691398218438e+00 -4.75153573713667e-01 -4.35305424013457e-01 1.50717082810585e+00 8.16734371861277e-01 
8.37837837837838e-01 -1.42969116906495e+00 -5.14316347091376e-01 -4.18580587058625e-01 1.50508569879009e+00 8.32753123652006e-01 
8.54594594594595e-01 -1.42220695535870e+00 -5.52959816912478e-01 -4.01853495785947e-01 1.50250423693263e+00 8.48658880998360e-01 
8.71351351351351e-01 -1.41447066828743e+00 -5.91048764923446e-01 -3.85124083662845e-01 1.49941835220009e+00 8.64441549056485e-01 
8.88108108108108e-01 -1.40649128973186e+00 -6.28549371355868e-01 -3.68392290981871e-01 1.49581926278532e+00 8.80091511765440e-01 
9.04864864864865e-01 -1.39827743790752e+00 -6.65429297051610e-01 -3.51658078750195e-01 1.49169733087451e+00 8.95599828471061e-01 
9.21621621621622e-01 -1.38983735195124e+00 -7.01657760975581e-01 -3.34921438159232e-01 1.48704192622474e+00 9.10958405566042e-01 
9.38378378378378e-01 -1.38117887904660e+00 -7.37205612765025e-01 -3.18182396106795e-01 1.48184132711667e+00 9.26160133886438e-01 
9.55135135135135e-01 -1.37230946374041e+00 -7.72045399958968e-01 -3.01441017275179e-01 1.47608266518494e+00 9.41198985349230e-01 
9.71891891891892e-01 -1.36323613912975e+00 -8.06151429550918e-01 -2.84697403290341e-01 1.46975191732907e+00 9.56070065596607e-01 
9.88648648648649e-01 -1.35396551963056e+00 -8.39499823513994e-01 -2.67951689499165e-01 1.46283394451414e+00 9.70769622786021e-01 
1.00540540540541e+00 -1.34450379507130e+00 -8.72068567961115e-01 -2.51204039903441e-01 1.45531257420549e+00 9.85295015709171e-01 
1.02216216216216e+00 -1.33485672588925e+00 -9.03837555624815e-01 -2.34454640779779e-01 1.44717072076834e+00 9.99644646813469e-01 
1.03891891891892e+00 -1.32502963924232e+00 -9.34788621370992e-01 -2.17703693494040e-01 1.43839053658399e+00 1.01381786725487e+00 
1.05567567567568e+00 -1.31502742588501e+00 -9.64905570498479e-01 -2.00951406987212e-01 1.42895358592085e+00 1.02781486179876e+00 
1.07243243243243e+00 -1.30485453769483e+00 -9.94174199619555e-01 -1.84197990367424e-01 1.41884103365848e+00 1.04163652129833e+00 
1.08918918918919e+00 -1.29451498577522e+00 -1.02258230996398e+00 -1.67443645991214e-01 1.40803384162320e+00 1.05528430979147e+00 
1.10594594594595e+00 -1.28401233910287e+00 -1.05011971299763e+00 -1.50688563357818e-01 1.39651296634598e+00 1.06876013217458e+00 
1.12270270270270e+00 -1.27334972373383e+00 -1.07677822829326e+00 -1.33932914075035e-01 1.38425955329769e+00 1.08206620713702e+00 
1.13945945945946e+00 -1.26252982263306e+00 -1.10255167363263e+00 -1.17176848086367e-01 1.37125512392454e+00 1.09520494873944e+00 
1.15621621621622e+00 -1.25155487624889e+00 -1.12743584735121e+00 -1.00420491278847e-01 1.35748175297772e+00 1.10817885881608e+00 
1.17297297297297e+00 -1.24042668401724e+00 -1.15142850295761e+00 -8.36639445215617e-02 1.34292223463060e+00 1.12099043134852e+00 
1.18972972972973e+00 -1.22914660705200e+00 -1.17452931606470e+00 -6.69072841183650e-02 1.32756023667186e+00 1.13364206913068e+00 
1.20648648648649e+00 -1.21771557235883e+00 -1.19673984365686e+00 -5.01505635965334e-02 1.31138044265176e+00 1.14613601242436e+00 
1.22324324324324e+00 -1.20613407899948e+00 -1.21806347568629e+00 -3.33938166977331e-02 1.29436868225859e+00 1.15847427887418e+00 
1.24000000000000e+00 -1.19440220673414e+00 -1.23850537893867e+00 -1.66370613898692e-02 1.27651205044280e+00 1.17065861368223e+00 
1.25675675675676e+00 -1.18251962777747e+00 -1.25807243303704e+00 1.19695320839501e-04 1.25779901592152e+00 1.18269044890268e+00 
1.27351351351351e+00 -1.17048562241973e+00 -1.27677315836406e+00 1.68764520281401e-02 1.23821951971705e+00 1.19457087067494e+00 
1.29027027027027e+00 -1.15829909938191e+00 -1.29461763558064e+00 3.36332072851595e-02 1.21776506434078e+00 1.20630059324059e+00 
1.30702702702703e+00 -1.14595862188792e+00 -1.31161741631236e+00 5.03899539658332e-02 1.19642879415167e+00 1.21787993866249e+00 
1.32378378378378e+00 -1.13346244053657e+00 -1.32778542447308e+00 6.71466739091708e-02 1.17420556731662e+00 1.22930882126478e+00 
1.34054054054054e+00 -1.12080853412895e+00 -1.34313584761330e+00 8.39033331169064e-02 1.15109201969287e+00 1.24058673592622e+00 
1.35729729729730e+00 -1.10799465963252e+00 -1.35768401763963e+00 1.00659877754763e-01 1.12708662085119e+00 1.25171274947761e+00 
1.37405405405405e+00 -1.09501841242043e+00 -1.37144628027339e+00 1.17416231177490e-01 1.10218972236977e+00 1.26268549456866e+00 
1.39081081081081e+00 -1.08187729778300e+00 -1.38443985273352e+00 1.34172292158473e-01 1.07640359845744e+00 1.27350316547882e+00 
1.40756756756757e+00 -1.06856881443742e+00 -1.39668266937093e+00 1.50927934456817e-01 1.04973247891296e+00 1.28416351544599e+00 
1.42432432432432e+00 -1.05509055032898e+00 -1.40819321538458e+00 1.67683007799299e-01 1.02218257439557e+00 1.29466385517718e+00 
1.44108108108108e+00 -1.04144029039375e+00 -1.41899034934041e+00 1.84437340292775e-01 9.93762093969550e-01 1.30500105228590e+00 
1.45783783783784e+00 -1.02761613512169e+00 -1.42909311601272e+00 2.01190742216074e-01 9.64481254891190e-01 1.31517153147215e+00 
1.47459459459459e+00 -1.01361662772433e+00 -1.43852055206984e+00 2.17943011070938e-01 9.34352284627073e-01 1.32517127532472e+00 
1.49135135135135e+00 -9.99440886505186e-01 -1.44729148829861e+00 2.34693937701334e-01 9.03389415125121e-01 1.33499582568149e+00 
1.50810810810811e+00 -9.85088737730935e-01 -1.45542435333118e+00 2.51443313221602e-01 8.71608869401421e-01 1.34464028553458e+00 
1.52486486486486e+00 -9.70560843027284e-01 -1.46293698507996e+00 2.68190936428787e-01 8.39028840552507e-01 1.35409932151250e+00 
1.54162162162162e+00 -9.55858814245657e-01 -1.46984645713516e+00 2.84936621315249e-01 8.05669463351178e-01 1.36336716701420e+00 
1.55837837837838e+00 -9.40985308065172e-01 -1.47616892803201e+00 3.01680204246153e-01 7.71552778631375e-01 1.37243762610930e+00 
1.57513513513514e+00 -9.25944092517307e-01 -1.48191952134525e+00 3.18421550324446e-01 7.36702690710846e-01 1.38130407835601e+00 
1.59189189189189e+00 -9.10740078320362e-01 -1.48711224384267e+00 3.35160558434302e-01 7.01144918137741e-01 1.38995948472483e+00 
1.60864864864865e+00 -8.95379309478712e-01 -1.49175994733800e+00 3.51897164433616e-01 6.64906938076956e-01 1.39839639485065e+00 
1.62540540540541e+00 -8.79868910003186e-01 -1.49587433745918e+00 3.68631341956904e-01 6.28017924673833e-01 1.40660695587030e+00 
1.64216216216216e+00 -8.64216986660297e-01 -1.49946602947554e+00 3.85363100291663e-01 5.90508681746214e-01 1.41458292313509e+00 
1.65891891891892e+00 -8.48432491033284e-01 -1.50254464793223e+00 4.02092478803319e-01 5.52411570161703e-01 1.42231567311909e+00 
1.67567567567568e+00 -8.32525047454314e-01 -1.50511896354517e+00 4.18819537405678e-01 5.13760430256589e-01 1.42979621887154e+00 
1.69243243243243e+00 -8.16504756101003e-01 -1.50719705805804e+00 4.35544342605076e-01 4.74590499647280e-01 1.43701522838536e+00 
1.70918918918919e+00 -8.00381982366705e-01 -1.50878650593015e+00 4.52266948687168e-01 4.34938326776518e-01 1.44396304626916e+00 
1.72594594594595e+00 -7.84167144284373e-01 -1.50989456103683e+00 4.68987373666942e-01 3.94841680526384e-01 1.45062971911551e+00 
1.74270270270270e+00 -7.67870509269906e-01 -1.51052833706303e+00 4.85705569687173e-01 3.54339456219844e-01 1.45700502494805e+00 
1.75945945945946e+00 -7.51502009902564e-01 -1.51069497180297e+00 5.02421387632244e-01 3.13471578323751e-01 1.46307850709845e+00 
1.77621621621622e+00 -7.35071086170240e-01 -1.51040176785389e+00 5.19134535828657e-01 2.72278900159559e-01 1.46883951280476e+00 
1.79297297297297e+00 -7.18586558941085e-01 -1.50965630484260e+00 5.35844532838070e-01 2.30803100924036e-01 1.47427723672608e+00 
1.80972972972973e+00 -7.02056536741219e-01 -1.50846652098969e+00 5.52550654522598e-01 1.89086580321472e-01 1.47938076942502e+00 
1.82648648648649e+00 -6.85488355517218e-01 -1.50684076420171e+00 5.69251875785543e-01 1.47172351110498e-01 1.48413915066930e+00 
1.84324324324324e+00 -6.68888549137979e-01 -1.50478781478927e+00 5.85946807674506e-01 1.05103929872581e-01 1.48854142713539e+00 
1.86000000000000e+00 -6.52262847032903e-01 -1.50231688324981e+00 6.02633630887026e-01 6.29252263146009e-02 1.49257671375272e+00 
1.87675675675676e+00 -6.35616194568738e-01 -1.49943758733180e+00 6.19310027147667e-01 2.06804314239349e-02 1.49623425750067e+00 
1.89351351351351e+00 -6.18952791466829e-01 -1.49615991288020e+00 6.35973110428714e-01 -2.15860951999311e-02 1.49950350196438e+00 
1.91027027027027e+00 -6.02276143650299e-01 -1.49249416285829e+00 6.52619360553506e-01 -6.38299385084890e-02 1.50237415038110e+00 
1.92702702702703e+00 -5.85589124270526e-01 -1.48845089856517e+00 6.69244562325535e-01 -1.06006741330166e-01 1.50483622429424e+00 
1.94378378378378e+00 -5.68894040185634e-01 -1.48404087652894e+00 6.85843753922844e-01 -1.48072317526261e-01 1.50688011432183e+00 
1.96054054054054e+00 -5.52192700760961e-01 -1.47927498394553e+00 7.02411188818151e-01 -1.89982764645122e-01 1.50849661901062e+00 
1.97729729729730e+00 -5.35486486465110e-01 -1.47416417491850e+00 7.18940315840325e-01 -2.31694575745884e-01 1.50967696737485e+00 
1.99405405405405e+00 -5.18776415300952e-01 -1.46871940918200e+00 7.35423782073509e-01 -2.73164750067759e-01 1.51041282062140e+00 
2.01081081081081e+00 -5.02063205612658e-01 -1.46295159448489e+00 7.51853462980012e-01 -3.14350902226693e-01 1.51069624885605e+00 
2.02756756756757e+00 -4.85347334236928e-01 -1.45687153338912e+00 7.68220523327028e-01 -3.55211369627070e-01 1.51051967935447e+00 
2.04432432432432e+00 -4.68629089318286e-01 -1.45048987489296e+00 7.84515511127106e-01 -3.95705317781503e-01 1.50987581433504e+00 
2.06108108108108e+00 -4.51908617390630e-01 -1.44381707102288e+00 8.00728484866748e-01 -4.35792843235595e-01 1.50875751809019e+00 
2.07783783783784e+00 -4.35185964549524e-01 -1.43686333833881e+00 8.16849171887981e-01 -4.75435073796316e-01 1.50715767572602e+00 
2.09459459459459e+00 -4.18461111712646e-01 -1.42963862415544e+00 8.32867153102873e-01 -5.14594265761529e-01 1.50506902842993e+00 
2.11135135135135e+00 -4.01734004099597e-01 -1.42215257718637e+00 8.48772066558878e-01 -5.53233897844365e-01 1.50248399283228e+00 
2.12810810810811e+00 -3.85004575166110e-01 -1.41441452225908e+00 8.64553820095214e-01 -5.91318761479346e-01 1.49939447429089e+00 
2.14486486486487e+00 -3.68272765308982e-01 -1.40643343871788e+00 8.80202801801678e-01 -6.28815047188287e-01 1.49579168544033e+00 
2.16162162162162e+00 -3.51538535722396e-01 -1.39821794212195e+00 8.95710076501845e-01 -6.65690426673729e-01 1.49166598182194e+00 
2.17837837837838e+00 -3.34801877837647e-01 -1.38977626885116e+00 9.11067557178576e-01 -7.01914130297511e-01 1.48700672569837e+00 
2.19513513513514e+00 -3.18062818818867e-01 -1.38111626324852e+00 9.26268142098791e-01 -7.37457019593314e-01 1.48180218730034e+00 
2.21189189189189e+00 -3.01321423618385e-01 -1.37224536695099e+00 9.41305811144190e-01 -7.72291654456843e-01 1.47603948998606e+00 
2.22864864864865e+00 -2.84577794116967e-01 -1.36317061008890e+00 9.56175678137864e-01 -8.06392354656690e-01 1.46970460249167e+00 
2.24540540540541e+00 -2.67832065886019e-01 -1.35389860406483e+00 9.70873999329260e-01 -8.39735255315168e-01 1.46278237805850e+00 
2.26216216216216e+00 -2.51084403110326e-01 -1.34443553565587e+00 9.85398141240319e-01 -8.72298356021889e-01 1.45525663716143e+00 
2.27891891891892e+00 -2.34334992200426e-01 -1.33478716221717e+00 9.99746513460557e-01 -9.04061563264761e-01 1.44711028815500e+00 
2.29567567567568e+00 -2.17584034603054e-01 -1.32495880779958e+00 1.01391847352791e+00 -9.35006725893082e-01 1.43832547858076e+00 
2.31243243243243e+00 -2.00831739286293e-01 -1.31495536003071e+00 1.02791421171398e+00 -9.65117663364735e-01 1.42888376917184e+00 
2.32918918918919e+00 -1.84078315333788e-01 -1.30478126764566e+00 1.04173462344012e+00 -9.94380186573117e-01 1.41876632265609e+00 
2.34594594594595e+00 -1.67323965030750e-01 -1.29444053859384e+00 1.05538117635874e+00 -1.02278211109660e+00 1.40795410012231e+00 
2.36270270270270e+00 -1.50568877765058e-01 -1.28393673869025e+00 1.06885577804971e+00 -1.05031326276198e+00 1.39642805876902e+00 
2.37945945945946e+00 -1.33813225001552e-01 -1.27327299082569e+00 1.08216064900600e+00 -1.07696547545978e+00 1.38416934609979e+00 
2.39621621621622e+00 -1.17057156518688e-01 -1.26245197480116e+00 1.09529820428301e+00 -1.10273258119088e+00 1.37115948689702e+00 
2.41297297297297e+00 -1.00300798026493e-01 -1.25147592790822e+00 1.10827094598334e+00 -1.12761039235596e+00 1.35738056047569e+00 
2.42972972972973e+00 -8.35442502153261e-02 -1.24034664644066e+00 1.12108136771816e+00 -1.15159667631982e+00 1.34281536671709e+00 
2.44648648648649e+00 -6.67875892184800e-02 -1.22906548839452e+00 1.13373187135947e+00 -1.17469112228771e+00 1.32744758017580e+00 
2.46324324324324e+00 -5.00308684099613e-02 -1.21763337769411e+00 1.14622469577910e+00 -1.19689530051791e+00 1.31126189214049e+00 
2.48000000000000e+00 -3.32741214034451e-02 -1.20605081037215e+00 1.15856185684072e+00 -1.21821261386304e+00 1.29424414092796e+00 
2.49675675675676e+00 -1.65173660706615e-02 -1.19431786323186e+00 1.17074509764375e+00 -1.23864824158015e+00 1.27638143092913e+00 
2.51351351351351e+00 2.39390641679263e-04 -1.18243420562784e+00 1.18277584787892e+00 -1.25820907527782e+00 1.25766224104000e+00 
2.53027027027027e+00 1.69961473472017e-02 -1.17039911511783e+00 1.19465519111384e+00 -1.27690364677953e+00 1.23807652313131e+00 
2.54702702702703e+00 3.37529025782894e-02 -1.15821149785501e+00 1.20638383885446e+00 -1.29474204758099e+00 1.21761579116762e+00 
2.56378378378378e+00 5.05096491485431e-02 -1.14586991470483e+00 1.21796211030124e+00 -1.31173583947159e+00 1.19627320150441e+00 
2.58054054054054e+00 6.72663688000605e-02 -1.13337261416969e+00 1.22938991681955e+00 -1.32789795578901e+00 1.17404362478975e+00 
2.59729729729730e+00 8.40230274059684e-02 -1.12071757327732e+00 1.24066675025779e+00 -1.34324259269404e+00 1.15092370978989e+00 
2.61405405405405e+00 1.00779570978260e-01 -1.10790254761441e+00 1.25179167436450e+00 -1.35778508981175e+00 1.12691193935688e+00 
2.63081081081081e+00 1.17535922700850e-01 -1.09492513164314e+00 1.26276331867089e+00 -1.37154179960757e+00 1.10200867866753e+00 
2.64756756756757e+00 1.34291981168328e-01 -1.08178283029615e+00 1.27357987431387e+00 -1.38452994498474e+00 1.07621621579192e+00 
2.66432432432432e+00 1.51047619962941e-01 -1.06847314257368e+00 1.28423909137436e+00 -1.39676746483255e+00 1.04953879459790e+00 
2.68108108108108e+00 1.67802688646789e-01 -1.05499365743225e+00 1.29473827739531e+00 -1.40827284765892e+00 1.02198263996650e+00 
2.69783783783784e+00 1.84557015184347e-01 -1.04134216162970e+00 1.30507429682502e+00 -1.41906495403386e+00 9.93555975281279e-01 
2.71459459459459e+00 2.01310409743865e-01 -1.02751675835896e+00 1.31524357120191e+00 -1.42916282936942e+00 9.64269032159790e-01 
2.73135135135135e+00 2.18062669756696e-01 -1.01351599446641e+00 1.32524207996096e+00 -1.43858550956607e+00 9.34134052416337e-01 
2.74810810810811e+00 2.34813586043385e-01 -9.99338992844142e-01 1.33506536179792e+00 -1.44735182322881e+00 9.03165282277912e-01 
2.76486486486486e+00 2.51562949746506e-01 -9.84985585284649e-01 1.34470851657841e+00 -1.45548019542557e+00 8.71378958916463e-01 
2.78162162162162e+00 2.68310559745137e-01 -9.70456439813320e-01 1.35416620782434e+00 -1.46298845920228e+00 8.38793289407566e-01 
2.79837837837838e+00 2.85056230166670e-01 -9.55753175438290e-01 1.36343266585315e+00 -1.46989368211526e+00 8.05428422273956e-01 
2.81513513513514e+00 3.01799797560244e-01 -9.40878456579231e-01 1.37250169168380e+00 -1.47621201569083e+00 7.71306411819742e-01 
2.83189189189189e+00 3.18541127254111e-01 -9.25836059364522e-01 1.38136666186206e+00 -1.48195857576731e+00 7.36451175504345e-01 
2.84864864864865e+00 3.35280118387754e-01 -9.10630902692021e-01 1.39002053439276e+00 -1.48714736094319e+00 7.00888444642479e-01 
2.86540540540541e+00 3.52016707089232e-01 -8.95269038522714e-01 1.39845585600232e+00 -1.49179121475705e+00 6.64645708746285e-01 
2.88216216216216e+00 3.68750867259065e-01 -8.79757598283412e-01 1.40666477098860e+00 -1.49590183479541e+00 6.27752153847248e-01 
2.89891891891892e+00 3.85482608423786e-01 -8.64104695309640e-01 1.41463903194797e+00 -1.49948982884848e+00 5.90238595149016e-01 
2.91567567567568e+00 4.02211970134389e-01 -8.48319286635950e-01 1.42237001270045e+00 -1.50256481483760e+00 5.52137404368001e-01 
2.93243243243243e+00 4.18939012406800e-01 -8.32411000714985e-01 1.42984872376169e+00 -1.50513555794576e+00 5.13482432118133e-01 
2.94918918918919e+00 4.35663801732793e-01 -8.16389940375045e-01 1.43706583073362e+00 -1.50721013563578e+00 4.74308925690639e-01 
2.96594594594595e+00 4.52386392230661e-01 -8.00266472134629e-01 1.44401167600149e+00 -1.50879611941601e+00 4.34653442570997e-01 
2.98270270270270e+00 4.69106801556598e-01 -7.84051013654198e-01 1.45067630412998e+00 -1.50990076153453e+00 3.94553760025006e-01 
2.99945945945946e+00 4.85824981262551e-01 -7.67753830583420e-01 1.45704949134067e+00 -1.51053117529014e+00 3.54048781075685e-01 
3.01621621621622e+00 5.02540781368119e-01 -7.51384852507319e-01 1.46312077942190e+00 -1.51069449918700e+00 3.13178437183804e-01 
3.03297297297297e+00 5.19253909018664e-01 -7.34953515400993e-01 1.46887951436160e+00 -1.51039803743909e+00 2.71983587938323e-01 
3.04972972972973e+00 5.35963881236559e-01 -7.18468635334846e-01 1.47431488989749e+00 -1.50964937198234e+00 2.30505918058977e-01 
3.06648648648649e+00 5.52669971946732e-01 -7.01938315491669e-01 1.47941599603479e+00 -1.50845644381802e+00 1.88787832012501e-01 
3.08324324324324e+00 5.69371153681456e-01 -6.85369886158612e-01 1.48417187238105e+00 -1.50682760389281e+00 1.46872346545664e-01 
3.10000000000000e+00 5.86066034653597e-01 -6.68769875436949e-01 1.48857156587903e+00 -1.50477163562532e+00 1.04802981442154e-01 
Dissipation Data
0.00000000000000e+00 -2.68675260833692e+01 -2.68675260833692e+01 -5.61045345202063e-01 -5.61045345202071e-01 1.89391362752523e-15 
1.67567567567568e-02 -2.62936793320141e+01 -2.74380502680875e+01 -4.93458954332327e-01 -6.33958764678316e-01 -3.33376408402337e-11 
3.35135135135135e-02 -2.57171568359034e+01 -2.80045962403026e+01 -4.31072473109770e-01 -7.12321091173533e-01 -2.12774858780115e-09 
5.02702702702703e-02 -2.51385965770024e+01 -2.85664996857839e+01 -3.73752671563271e-01 -7.96249780121367e-01 -2.41300210551182e-08 
6.70270270270270e-02 -2.45586278097105e+01 -2.91230879242670e+01 -3.21359295649901e-01 -8.85858622631249e-01 -1.34744689586875e-07 
8.37837837837838e-02 -2.39778712845593e+01 -2.96736803621110e+01 -2.73744127300982e-01 -9.81258442512417e-01 -5.09940090922375e-07 
1.00540540540541e-01 -2.33969395595867e+01 -3.02175890963285e+01 -2.30750039872215e-01 -1.08255773140966e+00 -1.50790247305759e-06 
1.17297297297297e-01 -2.28164373677659e+01 -3.07541196691333e+01 -1.92210079081947e-01 -1.18986322356041e+00 -3.75864835943405e-06 
1.34054054054054e-01 -2.22369619998396e+01 -3.12825719707466e+01 -1.57946608356797e-01 -1.30328041289509e+00 -8.26347326822082e-06 
1.50810810810811e-01 -2.16591036521695e+01 -3.18022412871685e+01 -1.27770567042806e-01 -1.42291401597765e+00 -1.64986182033479e-05 
1.67567567567568e-01 -2.10834456793616e+01 -3.23124194888162e+01 -1.01480899569624e-01 -1.54886838472567e+00 -3.05169039600614e-05 
1.84324324324324e-01 -2.05105646824211e+01 -3.28123963552487e+01 -7.88642224352208e-02 -1.68124787303727e+00 -5.30406458531227e-05 
2.01081081081081e-01 -1.99410303563423e+01 -3.33014610305608e+01 -5.96948025030566e-02 -1.82015716145672e+00 -8.75389420492848e-05 
2.17837837837838e-01 -1.93754050180013e+01 -3.37789036033450e+01 -4.37349229237931e-02 -1.96570154387589e+00 -1.38282447032810e-04 
2.34594594594595e-01 -1.88142427378870e+01 -3.42440168043661e+01 -3.07357101218070e-02 -2.11798718003751e+00 -2.10369010717579e-04 
2.51351351351351e-01 -1.82580880094949e+01 -3.46960978142191e+01 -2.04384848147867e-02 -2.27712131730004e+00 -3.09714087106197e-04 
2.68108108108108e-01 -1.77074739096978e+01 -3.51344501722473e+01 -1.25766803879297e-02 -2.44321248476029e+00 -4.43000589493416e-04 
2.84864864864865e-01 -1.71629197328850e+01 -3.55583857768883e+01 -6.87834234132308e-03 -2.61637066241960e+00 -6.17583876866437e-04 
3.01621621621622e-01 -1.66249281206020e+01 -3.59672269664109e+01 -3.06918349159906e-03 -2.79670742761903e+00 -8.41348775184947e-04 
3.18378378378378e-01 -1.60939817545865e+01 -3.63603086677508e+01 -8.76123390850273e-04 -2.98433608045701e+00 -1.12251693661867e-03 
3.35135135135135e-01 -1.55705397303016e+01 -3.67369805998829e+01 -3.11912003105311e-05 -3.17937174933063e+00 -1.46940438455292e-03 
3.51891891891892e-01 -1.50550337744497e+01 -3.70966095169474e+01 -2.75624892514059e-04 -3.38193147708814e+00 -1.89013074574654e-03 
3.68648648648649e-01 -1.45478645066739e+01 -3.74385814752210e+01 -1.36396298897895e-03 -3.59213428753298e+00 -2.39228340045010e-03 
3.85405405405405e-01 -1.40493979661110e+01 -3.77623041070535e+01 -3.06790467910348e-03 -3.81010123114798e+00 -2.98254155765219e-03 
4.02162162162162e-01 -1.35599626227037e+01 -3.80672088841187e+01 -5.17971505064679e-03 -4.03595540788899e+00 -3.66626707128910e-03 
4.18918918918919e-01 -1.30798470692462e+01 -3.83527533517867e+01 -7.51497626241685e-03 -4.26982196369431e+00 -4.44707064658469e-03 
4.35675675675676e-01 -1.26092985447852e+01 -3.86184233161591e+01 -9.91453103317020e-03 -4.51182805594248e+00 -5.32636395294695e-03 
4.52432432432432e-01 -1.21485223786592e+01 -3.88637349653056e+01 -1.22455263831641e-02 -4.76210278142509e+00 -6.30291008191372e-03 
4.69189189189189e-01 -1.16976823752258e+01 -3.90882369065242e+01 -1.44015350422148e-02 -5.02077705846130e+00 -7.37238679358687e-03 
4.85945945945946e-01 -1.12569020913468e+01 -3.92915121019981e+01 -1.63018001790636e-02 -5.28798345253883e+00 -8.52697911772820e-03 
5.02702702702703e-01 -1.08262669003485e+01 -3.94731796860165e+01 -1.78897077348453e-02 -5.56385593231825e+00 -9.75502014199810e-03 
5.19459459459459e-01 -1.04058266935365e+01 -3.96328966479443e+01 -1.91306335618111e-02 -5.84852954000027e+00 -1.10407012427975e-02 
5.36216216216216e-01 -9.99559904639853e+00 -3.97703593663332e+01 -2.00093367958878e-02 -6.14213995698132e+00 -1.23638755692502e-02 
5.52972972972973e-01 -9.59557267118758e+00 -3.98853049809244e+01 -2.05270766012705e-02 -6.44482294252453e+00 -1.36999812081230e-02 
5.69729729729730e-01 -9.20571098793966e+00 -3.99775125907763e+01 -2.06986193224215e-02 -6.75671362002271e+00 -1.50201129895506e-02 
5.86486486486486e-01 -8.82595566786750e+00 -4.00468042683213e+01 -2.05492814159173e-02 -7.07794558260981e+00 -1.62912740992071e-02 
6.03243243243243e-01 -8.45623003174211e+00 -4.00930458807946e+01 -2.01121250597306e-02 -7.40864978776467e+00 -1.74768401822848e-02 
6.20000000000000e-01 -8.09644221691430e+00 -4.01161477121563e+01 -1.94253924429732e-02 -7.74895320967993e+00 -1.85372689623588e-02 
6.36756756756757e-01 -7.74648805654118e+00 -4.01160648803311e+01 -1.85302349169479e-02 -8.09897721917434e+00 -1.94310869154350e-02 
6.53513513513513e-01 -7.40625364098745e+00 -4.00927975463167e+01 -1.74687668093659e-02 -8.45883566460235e+00 -2.01161804767587e-02 
6.70270270270270e-01 -7.07561755297322e+00 -4.00463909134327e+01 -1.62824520511751e-02 -8.82863263438733e+00 -2.05514117783576e-02 
6.87027027027027e-01 -6.75445278444933e+00 -3.99769350167183e+01 -1.50108152271287e-02 -9.20845989329774e+00 -2.06985672055421e-02 
7.03783783783784e-01 -6.44262835463807e+00 -3.98845643042156e+01 -1.36904569848183e-02 -9.59839400102943e+00 -2.05246304864734e-02 
7.20540540540541e-01 -6.14001065582479e+00 -3.97694570136022e+01 -1.23543462846299e-02 -9.99849314329756e+00 -2.00043503405449e-02 
7.37297297297297e-01 -5.84646455713563e+00 -3.96318343493602e+01 -1.10313579311065e-02 -1.04087937320760e+01 -1.91230463014676e-02 
7.54054054054054e-01 -5.56185429753030e+00 -3.94719594673720e+01 -9.74602235986350e-03 -1.08293068615532e+01 -1.78795664917848e-02 
7.70810810810811e-01 -5.28604419835323e+00 -3.92901362755125e+01 -8.51845500182524e-03 -1.12600147374121e+01 -1.62892802345354e-02 
7.87567567567568e-01 -5.01889922366908e+00 -3.90867080604452e+01 -7.36443407298762e-03 -1.17008672256759e+01 -1.43869599449833e-02 
8.04324324324324e-01 -4.76028541378385e+00 -3.88620559523987e+01 -6.29559784713737e-03 -1.21517786891889e+01 -1.22293851483732e-02 
8.21081081081081e-01 -4.51007021420215e+00 -3.86165972411855e+01 -5.31973500243160e-03 -1.26126252900602e+01 -9.89749146577509e-03 
8.37837837837838e-01 -4.26812271907242e+00 -3.83507835580762e+01 -4.44114424965638e-03 -1.30832429308328e+01 -7.49789324495291e-03 
8.54594594594595e-01 -4.03431384509872e+00 -3.80650989393578e+01 -3.66104200497815e-03 -1.35634259830599e+01 -5.16363287705238e-03 
8.71351351351351e-01 -3.80851644906416e+00 -3.77600577884092e+01 -2.97799929079353e-03 -1.40529269092044e+01 -3.05405288476036e-03 
8.88108108108108e-01 -3.59060539956287e+00 -3.74362027539304e+01 -2.38839131489632e-03 -1.45514568253309e+01 -1.35374558946453e-03 
9.04864864864865e-01 -3.38045761130012e+00 -3.70941025425029e+01 -1.88684529858147e-03 -1.50586869840385e+01 -2.70603446455521e-04 
9.21621621621622e-01 -3.17795204837966e+00 -3.67343496839458e+01 -1.46667412963094e-03 -1.55742510878789e+01 -3.30625900791288e-05 
9.38378378378378e-01 -2.98296970133603e+00 -3.63575582679255e+01 -1.12028533695722e-03 -1.60977482822419e+01 -8.86693605316012e-04 
9.55135135135135e-01 -2.79539354125584e+00 -3.59643616700059e+01 -8.39556751076141e-04 -1.66287466314900e+01 -3.09033894794752e-03 
9.71891891891892e-01 -2.61510845313027e+00 -3.55554102847892e+01 -6.16172047695168e-04 -1.71667868583423e+01 -6.91202037122278e-03 
9.88648648648649e-01 -2.44200114956414e+00 -3.51313692830191e+01 -4.41911179647135e-04 -1.77113861259198e+01 -1.26248404388585e-02 
1.00540540540541e+00 -2.27596006509542e+00 -3.46929164085456e+01 -3.08892479530755e-04 -1.82620416624596e+01 -2.05030817059919e-02 
1.02216216216216e+00 -2.11687523063179e+00 -3.42407398299312e+01 -2.09764943144654e-04 -1.88182340655161e+01 -3.08186703893777e-02 
1.03891891891892e+00 -1.96463812686020e+00 -3.37755360602441e+01 -1.37850857865343e-04 -1.93794301689005e+01 -4.38381249398538e-02 
1.05567567567568e+00 -1.81914151491082e+00 -3.32980079573293e+01 -8.72404832261164e-05 -1.99450854048089e+01 -5.98200607073683e-02 
1.07243243243243e+00 -1.68027924204671e+00 -3.28088628155795e+01 -5.28418893699742e-05 -2.05146456397132e+01 -7.90132757092398e-02 
1.08918918918919e+00 -1.54794601969130e+00 -3.23088105590326e+01 -3.03902767718457e-05 -2.10875485014700e+01 -1.01655403536629e-01 
1.10594594594595e+00 -1.42203717069306e+00 -3.17985620445133e+01 -1.64221066708323e-05 -2.16632242445078e+01 -1.27972089902389e-01 
1.12270270270270e+00 -1.30244834236681e+00 -3.12788274825357e+01 -8.22014280423766e-06 -2.22410962193726e+01 -1.58176629756080e-01 
1.13945945945946e+00 -1.18907518154282e+00 -3.07503149828238e+01 -3.73602689192216e-06 -2.28205810231390e+01 -1.92469991480680e-01 
1.15621621621622e+00 -1.08181296762509e+00 -3.02137292305388e+01 -1.49727722972661e-06 -2.34010884098178e+01 -2.31041151861253e-01 
1.17297297297297e+00 -9.80556199527498e-01 -2.96697702986317e+01 -5.05616531402800e-07 -2.39820210368142e+01 -2.74067668369417e-01 
1.18972972972973e+00 -8.85198132359548e-01 -2.91191326010938e+01 -1.33314085227631e-07 -2.45627741166265e+01 -3.21716421953263e-01 
1.20648648648649e+00 -7.95630259926195e-01 -2.85625039911984e+01 -2.37882335010800e-08 -2.51427350339548e+01 -3.74144472311903e-01 
1.22324324324324e+00 -7.11741739547783e-01 -2.80005650080225e+01 -2.08260733825109e-09 -2.57212829785400e+01 -4.31499977266286e-01 
1.24000000000000e+00 -6.33418756485918e-01 -2.74339882734960e+01 -3.19303829804663e-11 -2.62977886343138e+01 -4.93923137373086e-01 
1.25675675675676e+00 -5.60543826475768e-01 -2.68634380408245e+01 1.33391177335000e-16 -2.68716139564209e+01 -5.61547135756877e-01 
1.27351351351351e+00 -4.92995036637643e-01 -2.62895698932248e+01 -3.47902516902323e-11 -2.74421120597319e+01 -6.34499050914448e-01 
1.29027027027027e+00 -4.30645227505288e-01 -2.57130305893291e+01 -2.17369343462495e-09 -2.80086272357381e+01 -7.12900726832824e-01 
1.30702702702703e+00 -3.73361122214395e-01 -2.51344580482184e+01 -2.44758817936176e-08 -2.85704951092000e+01 -7.96869590153204e-01 
1.32378378378378e+00 -3.21002413187637e-01 -2.45544814626350e+01 -1.36188020618406e-07 -2.91270429415418e+01 -8.86519408391566e-01 
1.34054054054054e+00 -2.73420822060339e-01 -2.39737215233983e+01 -5.14294285699941e-07 -2.96775900845891e+01 -9.81960986519246e-01 
1.35729729729730e+00 -2.30459155195988e-01 -2.33927907313037e+01 -1.51859006260274e-06 -3.02214485856792e+01 -1.08330280165991e+00 
1.37405405405405e+00 -1.91950384935472e-01 -2.28122937648155e+01 -3.78138280534583e-06 -3.07579239432767e+01 -1.19065157742452e+00 
1.39081081081081e+00 -1.57716795565612e-01 -2.22328278628424e+01 -8.30699160480677e-06 -3.12863160108289e+01 -1.30411280061116e+00 
1.40756756756757e+00 -1.27569242534117e-01 -2.16549831721316e+01 -1.65754219668425e-05 -3.18059200455582e+01 -1.42379118377293e+00 
1.42432432432432e+00 -1.01306583065969e-01 -2.10793429989747e+01 -3.06439619379402e-05 -3.23160278980897e+01 -1.54979107759387e+00 
1.44108108108108e+00 -7.87153451052403e-02 -2.05064838959206e+01 -5.32400098969416e-05 -3.28159293381305e+01 -1.68221683720164e+00 
1.45783783783784e+00 -5.95697081100388e-02 -1.99369755073626e+01 -8.78382262158832e-05 -3.33049135107750e+01 -1.82117314654787e+00 
1.47459459459459e+00 -4.36318720147713e-02 -1.93713800948656e+01 -1.38715121704892e-04 -3.37822705173332e+01 -1.96676530485255e+00 
1.49135135135135e+00 -3.06528877542910e-02 -1.88102516658116e+01 -2.10974465842562e-04 -3.42472931138197e+01 -2.11909947887562e+00 
1.50810810810811e+00 -2.03740122117043e-02 -1.82541346392934e+01 -3.10537423611727e-04 -3.46992785193664e+01 -2.27828292447392e+00 
1.52486486486486e+00 -1.25286307358840e-02 -1.77035620027477e+01 -4.44092104170017e-04 -3.51375303258309e+01 -2.44442418053665e+00 
1.54162162162162e+00 -6.84476069996021e-03 -1.71590529423607e+01 -6.18998214009387e-04 -3.55613604987564e+01 -2.61763323798178e+00 
1.55837837837838e+00 -3.04811047345056e-03 -1.66211099692908e+01 -8.43143727800907e-04 -3.59700914586410e+01 -2.79802168603563e+00 
1.57513513513514e+00 -8.65621924097826e-04 -1.60902156099490e+01 -1.12475189037715e-03 -3.63630582302117e+01 -2.98570283750537e+00 
1.59189189189189e+00 -2.93753376529673e-05 -1.55668287777866e+01 -1.47213840926783e-03 -3.67396106461354e+01 -3.18079183418068e+00 
1.60864864864865e+00 -2.80689324703476e-04 -1.50513809903792e+01 -1.89342035145397e-03 -3.70991155903719e+01 -3.38340573284809e+00 
1.62540540540541e+00 -1.37421171123174e-03 -1.45442726322250e+01 -2.39617998709388e-03 -3.74409592652567e+01 -3.59366357165141e+00 
1.64216216216216e+00 -3.08177718492941e-03 -1.40458694839952e+01 -2.98708860101957e-03 -3.77645494654249e+01 -3.81168641566125e+00 
1.65891891891892e+00 -5.19580851766656e-03 -1.35564997380567e+01 -3.67149710025545e-03 -3.80693178409191e+01 -4.03759737949426e+00 
1.67567567567568e+00 -7.53206244802741e-03 -1.30764516959864e+01 -4.45300208010697e-03 -3.83547221312915e+01 -4.27152162361955e+00 
1.69243243243243e+00 -9.93156698954116e-03 -1.26059722983119e+01 -5.33299787882721e-03 -3.86202483522324e+01 -4.51358631957366e+00 
1.70918918918919e+00 -1.22616585798522e-02 -1.21452665752837e+01 -6.31022707323569e-03 -3.88654129162719e+01 -4.76392057763801e+00 
1.72594594594595e+00 -1.44160969873923e-02 -1.16944980382255e+01 -7.38034387354402e-03 -3.90897646693760e+01 -5.02265532859021e+00 
1.74270270270270e+00 -1.63143040921133e-02 -1.12537899630758e+01 -8.53550699892550e-03 -3.92928868258162e+01 -5.28992314889813e+00 
1.75945945945946e+00 -1.78998311909583e-02 -1.08232274594701e+01 -9.76402088366434e-03 -3.94743987844853e+01 -5.56585801617212e+00 
1.77621621621622e+00 -1.91382022699090e-02 -1.04028601762054e+01 -1.10500464864049e-02 -3.96339578108548e+01 -5.85059497885619e+00 
1.79297297297297e+00 -2.00143047760233e-02 -9.99270547011657e+00 -1.23734055322478e-02 -3.97712605699732e+01 -6.14426972105910e+00 
1.80972972972973e+00 -2.05295050069492e-02 -9.59275186008119e+00 -1.37095046338941e-02 -3.98860444972666e+01 -6.44701800023048e+00 
1.82648648648649e+00 -2.06986550339037e-02 -9.20296259832644e+00 -1.50294082688624e-02 -3.99780889953856e+01 -6.75897493223682e+00 
1.84324324324324e+00 -2.05471363459703e-02 -8.82327921316653e+00 -1.63000917923896e-02 -4.00472164469145e+01 -7.08027409557473e+00 
1.86000000000000e+00 -2.01080568961423e-02 -8.45362490600130e+00 -1.74849071785822e-02 -4.00932930343978e+01 -7.41104642435589e+00 
1.87675675675676e+00 -1.94196873319386e-02 -8.09390771644779e+00 -1.85442945095671e-02 -4.01162293608157e+01 -7.75141885883362e+00 
1.89351351351351e+00 -1.85231923886433e-02 -7.74402339937442e+00 -1.94367707339845e-02 -4.01159808653486e+01 -8.10151272326784e+00 
1.91027027027027e+00 -1.74606870746824e-02 -7.40385798397882e+00 -2.01202231325620e-02 -4.00925480309887e+01 -8.46144180461796e+00 
1.92702702702703e+00 -1.62736256622655e-02 -7.07329000661790e+00 -2.05535274200927e-02 -4.00459763822898e+01 -8.83131011275706e+00 
1.94378378378378e+00 -1.50015149943247e-02 -6.75219242546833e+00 -2.06984986723742e-02 -3.99763562732687e+01 -9.21120931442557e+00 
1.96054054054054e+00 -1.36809319752962e-02 -6.44043423652211e+00 -2.05221666549966e-02 -3.98838224672130e+01 -9.60121584962441e+00 
1.97729729729730e+00 -1.23448176881426e-02 -6.13788181754008e+00 -1.99993454068355e-02 -3.97685535118685e+01 -1.00013877608227e+01 
1.99405405405405e+00 -1.10220165594736e-02 -5.84440003021269e+00 -1.91154404911643e-02 -3.96307709152058e+01 -1.04117612918229e+01 
2.01081081081081e+00 -9.73702754380561e-03 -5.55985311175882e+00 -1.78694074706122e-02 -3.94707381286695e+01 -1.08323473430722e+01 
2.02756756756757e+00 -8.50993465621959e-03 -5.28410538629220e+00 -1.62767442749455e-02 -3.92887593464914e+01 -1.12631279012472e+01 
2.04432432432432e+00 -7.35648571527814e-03 -5.01702182416483e+00 -1.43723717205850e-02 -3.90851781312847e+01 -1.17040525895377e+01 
2.06108108108108e+00 -6.28829037111283e-03 -4.75846847466608e+00 -1.22132349095155e-02 -3.88603758777101e+01 -1.21550355068206e+01 
2.07783783783784e+00 -5.31311102824299e-03 -4.50831279430531e+00 -9.88044833094051e-03 -3.86147701274822e+01 -1.26159525340698e+01 
2.09459459459459e+00 -4.43522288928487e-03 -4.26642388970717e+00 -7.48081344893812e-03 -3.83488127503421e+01 -1.30866392806636e+01 
2.11135135135135e+00 -3.65582190036778e-03 -4.03267269107743e+00 -5.14756205968752e-03 -3.80629880068292e+01 -1.35668898190275e+01 
2.12810810810811e+00 -2.97346179876904e-03 -3.80693206936441e+00 -3.04022187361275e-03 -3.77578105096947e+01 -1.40564563131631e+01 
2.14486486486487e+00 -2.38450372817705e-03 -3.58907690769658e+00 -1.34355959245344e-03 -3.74338231015967e+01 -1.45550495880690e+01 
2.16162162162162e+00 -1.88356400730188e-03 -3.37898413544033e+00 -2.65625073239595e-04 -3.70915946672581e+01 -1.50623406190058e+01 
2.17837837837838e+00 -1.46394764159864e-03 -3.17653273128473e+00 -3.49895992245897e-05 -3.67317178985517e+01 -1.55779628503664e+01 
2.19513513513514e+00 -1.11805708833894e-03 -2.98160370010011e+00 -8.97332663863960e-04 -3.63548070309701e+01 -1.61015151927523e+01 
2.21189189189189e+00 -8.37767652461230e-04 -2.79408002690445e+00 -3.11157694146766e-03 -3.59614955696661e+01 -1.66325655017828e+01 
2.22864864864865e+00 -6.14762723544771e-04 -2.61384661007280e+00 -6.94579488976169e-03 -3.55524340227044e+01 -1.71706543185525e+01 
2.24540540540541e+00 -4.40823871871694e-04 -2.44079017490791e+00 -1.26731109885069e-02 -3.51282876583953e+01 -1.77152986512273e+01 
2.26216216216216e+00 -3.08072598333676e-04 -2.27479916782023e+00 -2.05678029837008e-02 -3.46897343025986e+01 -1.82659955979955e+01 
2.27891891891892e+00 -2.09162260814076e-04 -2.11576363061914e+00 -3.09017686529081e-02 -3.42374621907699e+01 -1.88222256485020e+01 
2.29567567567568e+00 -1.37420352206859e-04 -1.96357505376670e+00 -4.39414781555841e-02 -3.37721678882878e+01 -1.93834555473627e+01 
2.31243243243243e+00 -8.69428480696239e-05 -1.81812620687166e+00 -5.99454828117270e-02 -3.32945542913391e+01 -1.99491406525590e+01 
2.32918918918919e+00 -5.26437390516317e-05 -1.67931094419180e+00 -7.91625050117751e-02 -3.28053287193817e+01 -2.05187267675907e+01 
2.34594594594595e+00 -3.02640792678225e-05 -1.54702398245267e+00 -1.01830095047004e-01 -3.23052011089981e+01 -2.10916514650912e+01 
2.36270270270270e+00 -1.63458864953484e-05 -1.42116064788108e+00 -1.28173811188348e-01 -3.17948823178511e+01 -2.16673449489353e+01 
2.37945945945946e+00 -8.17699958682767e-06 -1.30161658898821e+00 -1.58406859834473e-01 -3.12750825464542e+01 -2.22452305212275e+01 
2.39621621621622e+00 -3.71351798447231e-06 -1.18828745133336e+00 -1.92730122198411e-01 -3.07465098846046e+01 -2.28247247307185e+01 
2.41297297297297e+00 -1.48671404351806e-06 -1.08106851026762e+00 -2.31332491225783e-01 -3.02098689885642e+01 -2.34052372817781e+01 
2.42972972972973e+00 -5.01323421958869e-07 -9.79854257525306e-01 -2.74391445324640e-01 -2.96658598944031e+01 -2.39861707799412e+01 
2.44648648648649e+00 -1.31896135481471e-07 -8.84537937536594e-01 -3.22073792153279e-01 -2.91151769722714e+01 -2.45669203831582e+01 
2.46324324324324e+00 -2.34504853604586e-08 -7.95011029526846e-01 -3.74536524512739e-01 -2.85585080256904e+01 -2.51468734188479e+01 
2.48000000000000e+00 -2.03827409646968e-09 -7.11162671913534e-01 -4.31927740024616e-01 -2.79965335391415e+01 -2.57254090170081e+01 
2.49675675675676e+00 -3.05801836853319e-11 -6.32879026293709e-01 -4.94387585807320e-01 -2.74299260761974e+01 -2.63018977998900e+01 
2.51351351351351e+00 -8.59295985893942e-15 -5.60042579532650e-01 -5.62049198185468e-01 -2.68593498290242e+01 -2.68757016597423e+01 
2.53027027027027e+00 -3.63001127485471e-11 -4.92531384241695e-01 -6.35039615237897e-01 -2.62854603181800e+01 -2.74461736481883e+01 
2.54702702702703e+00 -2.22047450799361e-09 -4.30218240403116e-01 -7.13480646567786e-01 -2.57089042390480e+01 -2.80126579940853e+01 
2.56378378378378e+00 -2.48258575592683e-08 -3.72969824212794e-01 -7.97489690062586e-01 -2.51303194478309e+01 -2.85744902612000e+01 
2.58054054054054e+00 -1.37644180956609e-07 -3.20645774510909e-01 -8.87180489680483e-01 -2.45503350756244e+01 -2.91309976526686e+01 
2.59729729729730e+00 -5.18679271178893e-07 -2.73097752588500e-01 -9.82663831587077e-01 -2.39695717535530e+01 -2.96814994658140e+01 
2.61405405405405e+00 -1.52934028507836e-06 -2.30168497769801e-01 -1.08404817841448e+00 -2.33886419251878e+01 -3.02253076983365e+01 
2.63081081081081e+00 -3.80423069283134e-06 -1.91690908974468e-01 -1.19144024317328e+00 -2.28081502145043e+01 -3.07617278049981e+01 
2.64756756756757e+00 -8.35069845842486e-06 -1.57487191311448e-01 -1.30494550555303e+00 -2.22286938085949e+01 -3.12900596025254e+01 
2.66432432432432e+00 -1.66525188085250e-05 -1.27368116300787e-01 -1.42466867411685e+00 -2.16508628046055e+01 -3.18095983194237e+01 
2.68108108108108e+00 -3.07714518413572e-05 -1.01132453945615e-01 -1.55071409833398e+00 -2.10752404605183e+01 -3.23196357865941e+01 
2.69783783783784e+00 -5.34399829128452e-05 -7.85666436347670e-02 -1.68318613457806e+00 -2.05024032804181e+01 -3.28194617639658e+01 
2.71459459459459e+00 -8.81383374473564e-05 -5.94447774395219e-02 -1.82218947022284e+00 -1.99329208580734e+01 -3.33083653977136e+01 
2.73135135135135e+00 -1.39148883898993e-04 -4.35289721201641e-02 -1.96782940982911e+00 -1.93673553996938e+01 -3.37856368019518e+01 
2.74810810810811e+00 -2.11581310819349e-04 -3.05702031908995e-02 -2.12021212718543e+00 -1.88062608494862e+01 -3.42505687580367e+01 
2.76486486486486e+00 -3.11362491637120e-04 -2.03096637983322e-02 -2.27944488665687e+00 -1.82501815520473e+01 -3.47024585237352e+01 
2.78162162162162e+00 -4.45185726486380e-04 -1.24806913828696e-02 -2.44563623693364e+00 -1.76996504052562e+01 -3.51406097435209e+01 
2.79837837837838e+00 -6.20415062102490e-04 -6.81127534704498e-03 -2.61889617985778e+00 -1.71551864869490e+01 -3.55643344501490e+01 
2.81513513513514e+00 -8.44941611967575e-04 -3.02711979453252e-03 -2.79933631654727e+00 -1.66172921777282e+01 -3.59729551464564e+01 
2.83189189189189e+00 -1.12699020119795e-03 -8.55189108703977e-04 -2.98706997252337e+00 -1.60864498484920e+01 -3.63658069550744e+01 
2.84864864864865e+00 -1.47487620667504e-03 -2.76149098637694e-05 -3.18221230297283e+00 -1.55631182304859e+01 -3.67422398224755e+01 
2.86540540540541e+00 -1.89671411833323e-03 -2.85796656403703e-04 -3.38488037862372e+00 -1.50477286319671e+01 -3.71016207625559e+01 
2.88216216216216e+00 -2.40008107704723e-03 -1.38449167649826e-03 -3.59519325196263e+00 -1.45406812021107e+01 -3.74433361238260e+01 
2.89891891891892e+00 -2.99164042258647e-03 -3.09567033060355e-03 -3.81327200264914e+00 -1.40423414629698e+01 -3.77667938633207e+01 
2.91567567567568e+00 -3.67673209284131e-03 -5.21191321540893e-03 -4.03923975996048e+00 -1.35530373292166e+01 -3.80714258095665e+01 
2.93243243243243e+00 -4.45893855029831e-03 -7.54915174854856e-03 -4.27322169889487e+00 -1.30730568111357e+01 -3.83566898964086e+01 
2.94918918918919e+00 -5.33963677908575e-03 -9.94859929133102e-03 -4.51534500514316e+00 -1.26026465507076e+01 -3.86220723492347e+01 
2.96594594594595e+00 -6.31754881895746e-03 -1.22777817044602e-02 -4.76573880247050e+00 -1.21420112791146e+01 -3.88670898051393e+01 
2.98270270270270e+00 -7.38830530931729e-03 -1.44306457556663e-02 -5.02453403410433e+00 -1.16913142147127e+01 -3.90912913488553e+01 
2.99945945945946e+00 -8.54403864044936e-03 -1.63267919573030e-02 -5.29186328748003e+00 -1.12506783526233e+01 -3.92942604468347e+01 
3.01621621621622e+00 -9.77302457833387e-03 -1.79099368513042e-02 -5.56786054914122e+00 -1.08201885389300e+01 -3.94756167626601e+01 
3.03297297297297e+00 -1.10593936537564e-02 -1.91457524234788e-02 -5.85266087375287e+00 -1.03998941800834e+01 -3.96350178379881e+01 
3.04972972972973e+00 -1.23829361638611e-02 -2.00192542841699e-02 -6.14639994810757e+00 -9.98981241444268e+00 -3.97721606244341e+01 
3.06648648648649e+00 -1.37190272508176e-02 -2.05319157110814e-02 -6.44921352780510e+00 -9.58993156769277e+00 -3.98867828531697e+01 
3.08324324324324e+00 -1.50387010523219e-02 -2.06986743508734e-02 -6.76123672114000e+00 -9.20021472443315e+00 -3.99786642304895e+01 
3.10000000000000e+00 -1.63089051167835e-02 -2.05449765817484e-02 -7.08260309191526e+00 -8.82060327025349e+00 -4.00476274491719e+01 
