Data Format: k_val_normalized w_real_normalized w_imag 
num_pts 690 
0.00000000000000e+00 -2.08419931624123e-16 1.20854703815122e-14 
4.55205172186304e-03 4.55205172186312e-03 5.14860506664596e-15 
9.10410344372608e-03 9.10410344372596e-03 -6.10584491436422e-15 
1.36561551655891e-02 1.36561551655891e-02 -2.32335544464037e-14 
1.82082068874522e-02 1.82082068874521e-02 1.10920134881068e-14 
2.27602586093152e-02 2.27602586093151e-02 1.86234441389184e-14 
2.73123103311783e-02 2.73123103311783e-02 1.07813882600734e-14 
3.18643620530413e-02 3.18643620530413e-02 2.14944855139268e-15 
3.64164137749043e-02 3.64164137749042e-02 3.41689921610041e-14 
4.09684654967674e-02 4.09684654967672e-02 3.10719910186794e-14 
4.55205172186304e-02 4.55205172186304e-02 1.22239558614881e-14 
5.00725689404935e-02 5.00725689404933e-02 1.39160730593216e-14 
5.46246206623565e-02 5.46246206623562e-02 6.71842291034736e-15 
5.91766723842196e-02 5.91766723842190e-02 -3.43532265289275e-15 
6.37287241060826e-02 6.37287241060811e-02 -5.77952531662384e-15 
6.82807758279456e-02 6.82807758279428e-02 1.32845064126473e-14 
7.28328275498087e-02 7.28328275498047e-02 -2.19718522578893e-15 
7.73848792716717e-02 7.73848792716642e-02 -9.27607617374888e-15 
8.19369309935348e-02 8.19369309935221e-02 -4.68529676137673e-16 
8.64889827153978e-02 8.64889827153770e-02 -5.78187202157274e-15 
9.10410344372608e-02 9.10410344372275e-02 1.34294090296255e-14 
9.55930861591239e-02 9.55930861590725e-02 -2.80798434053619e-15 
1.00145137880987e-01 1.00145137880909e-01 -8.40542274140830e-15 
1.04697189602850e-01 1.04697189602733e-01 -4.86336350749051e-15 
1.09249241324713e-01 1.09249241324541e-01 -2.09672701442274e-14 
1.13801293046576e-01 1.13801293046328e-01 -2.71940630154049e-14 
1.18353344768439e-01 1.18353344768085e-01 -3.98447284442722e-14 
1.22905396490302e-01 1.22905396489804e-01 -6.59963990286707e-14 
1.27457448212165e-01 1.27457448211473e-01 -1.01941380005699e-13 
1.32009499934028e-01 1.32009499933078e-01 -1.47566291157956e-13 
1.36561551655891e-01 1.36561551654601e-01 -1.96784050719849e-13 
1.41113603377754e-01 1.41113603376019e-01 -3.09083695516313e-13 
1.45665655099617e-01 1.45665655097305e-01 -4.53606111835378e-13 
1.50217706821480e-01 1.50217706818426e-01 -6.26777872102936e-13 
1.54769758543343e-01 1.54769758539342e-01 -8.93463429467440e-13 
1.59321810265207e-01 1.59321810260005e-01 -1.21237201937427e-12 
1.63873861987070e-01 1.63873861980358e-01 -1.70832510039049e-12 
1.68425913708933e-01 1.68425913700332e-01 -2.32378885928291e-12 
1.72977965430796e-01 1.72977965419845e-01 -3.16275685475457e-12 
1.77530017152659e-01 1.77530017138802e-01 -4.27884803138873e-12 
1.82082068874522e-01 1.82082068857093e-01 -5.75390496998243e-12 
1.86634120596385e-01 1.86634120574583e-01 -7.69272348356994e-12 
1.91186172318248e-01 1.91186172291122e-01 -1.02003316674784e-11 
1.95738224040111e-01 1.95738224006533e-01 -1.34092650989467e-11 
2.00290275761974e-01 2.00290275720608e-01 -1.75887325883226e-11 
2.04842327483837e-01 2.04842327433112e-01 -2.29067118157290e-11 
2.09394379205700e-01 2.09394379143773e-01 -2.97012179815661e-11 
2.13946430927563e-01 2.13946430852279e-01 -3.82749396436181e-11 
2.18498482649426e-01 2.18498482558276e-01 -4.90895275354713e-11 
2.23050534371289e-01 2.23050534261355e-01 -6.26503195580857e-11 
2.27602586093152e-01 2.27602585961058e-01 -7.96245312264851e-11 
2.32154637815015e-01 2.32154637656863e-01 -1.00673253384097e-10 
2.36706689536878e-01 2.36706689348178e-01 -1.26748618188634e-10 
2.41258741258741e-01 2.41258741034337e-01 -1.58920084507201e-10 
2.45810792980604e-01 2.45810792714591e-01 -1.98405259839097e-10 
2.50362844702467e-01 2.50362844388098e-01 -2.46710509246364e-10 
2.54914896424330e-01 2.54914896053916e-01 -3.05601780701932e-10 
2.59466948146193e-01 2.59466947710990e-01 -3.77057264825956e-10 
2.64018999868056e-01 2.64018999358142e-01 -4.63521152229376e-10 
2.68571051589920e-01 2.68571050994063e-01 -5.67778246090716e-10 
2.73123103311783e-01 2.73123102617295e-01 -6.93023960750376e-10 
2.77675155033646e-01 2.77675154226222e-01 -8.42996890100379e-10 
2.82227206755509e-01 2.82227205819051e-01 -1.02203395547164e-09 
2.86779258477372e-01 2.86779257393803e-01 -1.23502237852908e-09 
2.91331310199235e-01 2.91331308948289e-01 -1.48766417975472e-09 
2.95883361921098e-01 2.95883360480098e-01 -1.78642250859414e-09 
3.00435413642961e-01 3.00435411986578e-01 -2.13859929345026e-09 
3.04987465364824e-01 3.04987463464811e-01 -2.55266459002113e-09 
3.09539517086687e-01 3.09539514911599e-01 -3.03798708491797e-09 
3.14091568808550e-01 3.14091566323433e-01 -3.60532385272577e-09 
3.18643620530413e-01 3.18643617696476e-01 -4.26667443202362e-09 
3.23195672252276e-01 3.23195669026536e-01 -5.03550678472538e-09 
3.27747723974139e-01 3.27747720309037e-01 -5.92701678969759e-09 
3.32299775696002e-01 3.32299771538991e-01 -6.95798948449541e-09 
3.36851827417865e-01 3.36851822710966e-01 -8.14728273037395e-09 
3.41403879139728e-01 3.41403873819060e-01 -9.51564657623570e-09 
3.45955930861591e-01 3.45955924856860e-01 -1.10862952225815e-08 
3.50507982583454e-01 3.50507975817410e-01 -1.28845802792695e-08 
3.55060034305317e-01 3.55060026693173e-01 -1.49386363453280e-08 
3.59612086027180e-01 3.59612077475990e-01 -1.72792970026715e-08 
3.64164137749043e-01 3.64164128157040e-01 -1.99402598143174e-08 
3.68716189470906e-01 3.68716178726789e-01 -2.29584055891205e-08 
3.73268241192769e-01 3.73268229174957e-01 -2.63738469182548e-08 
3.77820292914632e-01 3.77820279490452e-01 -3.02302084489798e-08 
3.82372344636496e-01 3.82372329661332e-01 -3.45747277454710e-08 
3.86924396358359e-01 3.86924379674741e-01 -3.94583604489813e-08 
3.91476448080222e-01 3.91476429516856e-01 -4.49360696386623e-08 
3.96028499802085e-01 3.96028479172827e-01 -5.10667255766000e-08 
4.00580551523948e-01 4.00580528626709e-01 -5.79135459833838e-08 
4.05132603245811e-01 4.05132577861400e-01 -6.55438761234062e-08 
4.09684654967674e-01 4.09684626858564e-01 -7.40293896275320e-08 
4.14236706689537e-01 4.14236675598561e-01 -8.34461894839952e-08 
4.18788758411400e-01 4.18788724060368e-01 -9.38745291726442e-08 
4.23340810133263e-01 4.23340772221492e-01 -1.05399191615452e-07 
4.27892861855126e-01 4.27892820057884e-01 -1.18108937150766e-07 
4.32444913576989e-01 4.32444867543854e-01 -1.32096772479270e-07 
4.36996965298852e-01 4.36996914651956e-01 -1.47459510873232e-07 
4.41549017020715e-01 4.41548961352904e-01 -1.64297503160998e-07 
4.46101068742578e-01 4.46101007615450e-01 -1.82714592062106e-07 
4.50653120464441e-01 4.50653053406270e-01 -2.02817341466486e-07 
4.55205172186304e-01 4.55205098689850e-01 -2.24714820522073e-07 
4.59757223908167e-01 4.59757143428349e-01 -2.48517958509712e-07 
4.64309275630030e-01 4.64309187581463e-01 -2.74338936061421e-07 
4.68861327351893e-01 4.68861231106281e-01 -3.02290335425620e-07 
4.73413379073756e-01 4.73413273957137e-01 -3.32484608006442e-07 
4.77965430795619e-01 4.77965316085434e-01 -3.65032595124327e-07 
4.82517482517482e-01 4.82517357439483e-01 -4.00043088016610e-07 
4.87069534239346e-01 4.87069397964316e-01 -4.37621169859095e-07 
4.91621585961209e-01 4.91621437601490e-01 -4.77867200186696e-07 
4.96173637683072e-01 4.96173476288878e-01 -5.20875410705315e-07 
5.00725689404935e-01 5.00725513960459e-01 -5.66732284946439e-07 
5.05277741126798e-01 5.05277550546070e-01 -6.15515008010531e-07 
5.09829792848661e-01 5.09829585971172e-01 -6.67289673438915e-07 
5.14381844570524e-01 5.14381620156578e-01 -7.22109502362798e-07 
5.18933896292387e-01 5.18933653018179e-01 -7.80012755735396e-07 
5.23485948014250e-01 5.23485684466642e-01 -8.41020810588090e-07 
5.28037999736113e-01 5.28037714407097e-01 -9.05135928508356e-07 
5.32590051457976e-01 5.32589742738801e-01 -9.72338965804605e-07 
5.37142103179839e-01 5.37141769354785e-01 -1.04258722461258e-06 
5.41694154901702e-01 5.41693794141470e-01 -1.11581184803505e-06 
5.46246206623565e-01 5.46245816978275e-01 -1.19191558133170e-06 
5.50798258345428e-01 5.50797837737179e-01 -1.27077045574865e-06 
5.55350310067291e-01 5.55349856282286e-01 -1.35221502408902e-06 
5.59902361789154e-01 5.59901872469334e-01 -1.43605254026168e-06 
5.64454413511017e-01 5.64453886145196e-01 -1.52204807054263e-06 
5.69006465232880e-01 5.69005897147344e-01 -1.60992671369884e-06 
5.73558516954743e-01 5.73557905303281e-01 -1.69937136662921e-06 
5.78110568676606e-01 5.78109910429941e-01 -1.79002101888700e-06 
5.82662620398469e-01 5.82661912333063e-01 -1.88146894387820e-06 
5.87214672120332e-01 5.87213910806519e-01 -1.97326149220765e-06 
5.91766723842196e-01 5.91765905631611e-01 -2.06489700460176e-06 
5.96318775564059e-01 5.96317896576332e-01 -2.15582532485396e-06 
6.00870827285922e-01 6.00869883394587e-01 -2.24544761042999e-06 
6.05422879007785e-01 6.05421865825371e-01 -2.33311674633910e-06 
6.09974930729648e-01 6.09973843591909e-01 -2.41813848528709e-06 
6.14526982451511e-01 6.14525816400756e-01 -2.49977302439972e-06 
6.19079034173374e-01 6.19077783940845e-01 -2.57723767028465e-06 
6.23631085895237e-01 6.23629745882501e-01 -2.64971014282592e-06 
6.28183137617100e-01 6.28181701876406e-01 -2.71633300843324e-06 
6.32735189338963e-01 6.32733651552510e-01 -2.77621908514649e-06 
6.37287241060826e-01 6.37285594518910e-01 -2.82845795114329e-06 
6.41839292782689e-01 6.41837530360671e-01 -2.87212401378509e-06 
6.46391344504552e-01 6.46389458638605e-01 -2.90628555458775e-06 
6.50943396226415e-01 6.50941378887998e-01 -2.93001574544977e-06 
6.55495447948278e-01 6.55493290617297e-01 -2.94240486160105e-06 
6.60047499670141e-01 6.60045193306740e-01 -2.94257448759302e-06 
6.64599551392004e-01 6.64597086406943e-01 -2.92969352554583e-06 
6.69151603113867e-01 6.69148969337447e-01 -2.90299615857478e-06 
6.73703654835730e-01 6.73700841485208e-01 -2.86180200334177e-06 
6.78255706557593e-01 6.78252702203050e-01 -2.80553846851882e-06 
6.82807758279456e-01 6.82804550808076e-01 -2.73376536442100e-06 
6.87359810001319e-01 6.87356386580029e-01 -2.64620218410330e-06 
6.91911861723182e-01 6.91908208759621e-01 -2.54275778692588e-06 
6.96463913445046e-01 6.96460016546824e-01 -2.42356305087485e-06 
7.01015965166909e-01 7.01011809099121e-01 -2.28900592333481e-06 
7.05568016888772e-01 7.05563585529727e-01 -2.13976990345750e-06 
7.10120068610635e-01 7.10115344905783e-01 -1.97687518830334e-06 
7.14672120332498e-01 7.14667086246518e-01 -1.80172297257214e-06 
7.19224172054361e-01 7.19218808521396e-01 -1.61614306549573e-06 
7.23776223776224e-01 7.23770510648241e-01 -1.42244461383630e-06 
7.28328275498087e-01 7.28322191491341e-01 -1.22347004284695e-06 
7.32880327219950e-01 7.32873849859556e-01 -1.02265261454830e-06 
7.37432378941813e-01 7.37425484504407e-01 -8.24076957127917e-07 
7.41984430663676e-01 7.41977094118178e-01 -6.32543126716075e-07 
7.46536482385539e-01 7.46528677332012e-01 -4.53633951775462e-07 
7.51088534107402e-01 7.51080232714025e-01 -2.93785549589067e-07 
7.55640585829265e-01 7.55631758767435e-01 -1.60361054499628e-07 
7.60192637551128e-01 7.60183253928716e-01 -6.17275489055716e-08 
7.64744689272991e-01 7.64734716565774e-01 -7.33555492238919e-09 
7.69296740994854e-01 7.69286144976170e-01 -7.80186022270618e-09 
7.73848792716717e-01 7.73837537385373e-01 -7.49945688193898e-08 
7.78400844438580e-01 7.78388891945067e-01 -2.22120336978600e-07 
7.82952896160443e-01 7.82940206731517e-01 -4.63814174031799e-07 
7.87504947882306e-01 7.87491479743988e-01 -8.16230619390897e-07 
7.92056999604169e-01 7.92042708903227e-01 -1.29713664808445e-06 
7.96609051326032e-01 7.96593892050037e-01 -1.92600519724050e-06 
8.01161103047896e-01 8.01145026943912e-01 -2.72410967691970e-06 
8.05713154769759e-01 8.05696111261762e-01 -3.71461838811934e-06 
8.10265206491621e-01 8.10247142596736e-01 -4.92268858101053e-06 
8.14817258213484e-01 8.14798118457117e-01 -6.37555930358925e-06 
8.19369309935348e-01 8.19349036265345e-01 -8.10264297663357e-06 
8.23921361657211e-01 8.23899893357117e-01 -1.01356142960340e-05 
8.28473413379074e-01 8.28450686980599e-01 -1.25084960355466e-05 
8.33025465100937e-01 8.33001414295747e-01 -1.52577410857671e-05 
8.37577516822800e-01 8.37552072373723e-01 -1.84223100806868e-05 
8.42129568544663e-01 8.42102658196435e-01 -2.20437426335179e-05 
8.46681620266526e-01 8.46653168656156e-01 -2.61662226545615e-05 
8.51233671988389e-01 8.51203600555257e-01 -3.08366358142629e-05 
8.55785723710252e-01 8.55753950606037e-01 -3.61046181486254e-05 
8.60337775432115e-01 8.60304215430630e-01 -4.20225954969344e-05 
8.64889827153978e-01 8.64854391560999e-01 -4.86458110433279e-05 
8.69441878875841e-01 8.69404475438997e-01 -5.60323418460161e-05 
8.73993930597704e-01 8.73954463416484e-01 -6.42431006418052e-05 
8.78545982319567e-01 8.78504351755485e-01 -7.33418244284463e-05 
8.83098034041430e-01 8.83054136628373e-01 -8.33950456696243e-05 
8.87650085763293e-01 8.87603814118049e-01 -9.44720471161696e-05 
8.92202137485156e-01 8.92153380218119e-01 -1.06644797011519e-04 
8.96754189207019e-01 8.96702830832995e-01 -1.19987864781581e-04 
9.01306240928882e-01 9.01252161777966e-01 -1.34578314774970e-04 
9.05858292650745e-01 9.05801368779115e-01 -1.50495576728260e-04 
9.10410344372608e-01 9.10350447473130e-01 -1.67821292069484e-04 
9.14962396094471e-01 9.14899393406901e-01 -1.86639134364069e-04 
9.19514447816335e-01 9.19448202036931e-01 -2.07034601853519e-04 
9.24066499538198e-01 9.23996868728436e-01 -2.29094781621780e-04 
9.28618551260061e-01 9.28545388754136e-01 -2.52908083721435e-04 
9.33170602981924e-01 9.33093757292680e-01 -2.78563943505839e-04 
9.37722654703787e-01 9.37641969426602e-01 -3.06152491827836e-04 
9.42274706425650e-01 9.42190020139809e-01 -3.35764190613440e-04 
9.46826758147513e-01 9.46737904314461e-01 -3.67489434226970e-04 
9.51378809869376e-01 9.51285616727237e-01 -4.01418114469472e-04 
9.55930861591239e-01 9.55833152044848e-01 -4.37639149065587e-04 
9.60482913313102e-01 9.60380504818765e-01 -4.76239972005118e-04 
9.65034965034965e-01 9.64927669479040e-01 -5.17305986413775e-04 
9.69587016756828e-01 9.69474640327143e-01 -5.60919978496655e-04 
9.74139068478691e-01 9.74021411527709e-01 -6.07161492460005e-04 
9.78691120200554e-01 9.78567977099097e-01 -6.56106167090279e-04 
9.83243171922417e-01 9.83114330902656e-01 -7.07825033009733e-04 
9.87795223644280e-01 9.87660466630582e-01 -7.62383772119388e-04 
9.92347275366143e-01 9.92206377792236e-01 -8.19841939366628e-04 
9.96899327088006e-01 9.96752057698831e-01 -8.80252147871325e-04 
1.00145137880987e+00 1.00129749944634e+00 -9.43659218855517e-04 
1.00600343053173e+00 1.00584269589647e+00 -1.01009929786303e-03 
1.01055548225360e+00 1.01038763965566e+00 -1.07959893930875e-03 
1.01510753397546e+00 1.01493232305184e+00 -1.15217416236803e-03 
1.01965958569732e+00 1.01947673810887e+00 -1.22782947943200e-03 
1.02421163741918e+00 1.02402087651856e+00 -1.30655690230191e-03 
1.02876368914105e+00 1.02856472961002e+00 -1.38833492854691e-03 
1.03331574086291e+00 1.03310828831629e+00 -1.47312751256323e-03 
1.03786779258477e+00 1.03765154313802e+00 -1.56088302630409e-03 
1.04241984430664e+00 1.04219448410406e+00 -1.65153321485782e-03 
1.04697189602850e+00 1.04673710072888e+00 -1.74499215214780e-03 
1.05152394775036e+00 1.05127938196655e+00 -1.84115520477775e-03 
1.05607599947223e+00 1.05582131616118e+00 -1.93989800926125e-03 
1.06062805119409e+00 1.06036289099372e+00 -2.04107547149579e-03 
1.06518010291595e+00 1.06490409342486e+00 -2.14452079720692e-03 
1.06973215463781e+00 1.06944490963394e+00 -2.25004456154850e-03 
1.07428420635968e+00 1.07398532495376e+00 -2.35743382867344e-03 
1.07883625808154e+00 1.07852532380105e+00 -2.46645133198384e-03 
1.08338830980340e+00 1.08306488960260e+00 -2.57683472583681e-03 
1.08794036152527e+00 1.08760400471680e+00 -2.68829592208960e-03 
1.09249241324713e+00 1.09214265035054e+00 -2.80052052385531e-03 
1.09704446496899e+00 1.09668080647135e+00 -2.91316737099864e-03 
1.10159651669086e+00 1.10121845171470e+00 -3.02586821241817e-03 
1.10614856841272e+00 1.10575556328635e+00 -3.13822752068210e-03 
1.11070062013458e+00 1.11029211685976e+00 -3.24982246567325e-03 
1.11525267185645e+00 1.11482808646833e+00 -3.36020306592901e-03 
1.11980472357831e+00 1.11936344439274e+00 -3.46889253496947e-03 
1.12435677530017e+00 1.12389816104307e+00 -3.57538784272389e-03 
1.12890882702203e+00 1.12843220483601e+00 -3.67916051314291e-03 
1.13346087874390e+00 1.13296554206692e+00 -3.77965767865573e-03 
1.13801293046576e+00 1.13749813677710e+00 -3.87630341301017e-03 
1.14256498218762e+00 1.14202995061616e+00 -3.96850036763848e-03 
1.14711703390949e+00 1.14656094269978e+00 -4.05563173290490e-03 
1.15166908563135e+00 1.15109106946293e+00 -4.13706355092382e-03 
1.15622113735321e+00 1.15562028450892e+00 -4.21214740357901e-03 
1.16077318907508e+00 1.16014853845435e+00 -4.28022350278501e-03 
1.16532524079694e+00 1.16467577877050e+00 -4.34062420824414e-03 
1.16987729251880e+00 1.16920194962138e+00 -4.39267800031475e-03 
1.17442934424066e+00 1.17372699169889e+00 -4.43571393434996e-03 
1.17898139596253e+00 1.17825084205566e+00 -4.46906660331786e-03 
1.18353344768439e+00 1.18277343393598e+00 -4.49208163645156e-03 
1.18808549940625e+00 1.18729469660555e+00 -4.50412175953952e-03 
1.19263755112812e+00 1.19181455518066e+00 -4.50457344368206e-03 
1.19718960284998e+00 1.19633293045760e+00 -4.49285416740592e-03 
1.20174165457184e+00 1.20084973874301e+00 -4.46842031710074e-03 
1.20629370629371e+00 1.20536489168630e+00 -4.43077574780129e-03 
1.21084575801557e+00 1.20987829611478e+00 -4.37948102693067e-03 
1.21539780973743e+00 1.21438985387293e+00 -4.31416337898821e-03 
1.21994986145930e+00 1.21889946166659e+00 -4.23452734924345e-03 
1.22450191318116e+00 1.22340701091361e+00 -4.14036620066965e-03 
1.22905396490302e+00 1.22791238760194e+00 -4.03157405349883e-03 
1.23360601662488e+00 1.23241547215679e+00 -3.90815877749411e-03 
1.23815806834675e+00 1.23691613931816e+00 -3.77025563666176e-03 
1.24271012006861e+00 1.24141425803028e+00 -3.61814168823917e-03 
1.24726217179047e+00 1.24590969134453e+00 -3.45225092692392e-03 
1.25181422351234e+00 1.25040229633755e+00 -3.27319016273342e-03 
1.25636627523420e+00 1.25489192404609e+00 -3.08175561505810e-03 
1.26091832695606e+00 1.25937841942042e+00 -2.87895019550878e-03 
1.26547037867793e+00 1.26386162129802e+00 -2.66600144996575e-03 
1.27002243039979e+00 1.26834136239931e+00 -2.44438011732342e-03 
1.27457448212165e+00 1.27281746934718e+00 -2.21581925890864e-03 
1.27912653384351e+00 1.27728976271203e+00 -1.98233390122415e-03 
1.28367858556538e+00 1.28175805708408e+00 -1.74624112685286e-03 
1.28823063728724e+00 1.28622216117452e+00 -1.51018054059122e-03 
1.29278268900910e+00 1.29068187794712e+00 -1.27713502598187e-03 
1.29733474073097e+00 1.29513700478167e+00 -1.05045170205139e-03 
1.30188679245283e+00 1.29958733367065e+00 -8.33862976774307e-04 
1.30643884417469e+00 1.30403265145024e+00 -6.31507589714953e-04 
1.31099089589656e+00 1.30847274006660e+00 -4.47951523307426e-04 
1.31554294761842e+00 1.31290737687826e+00 -2.88208657524701e-04 
1.32009499934028e+00 1.31733633499509e+00 -1.57761033834625e-04 
1.32464705106215e+00 1.32175938365406e+00 -6.25785891124636e-05 
1.32919910278401e+00 1.32617628863184e+00 -9.13821350065426e-06 
1.33375115450587e+00 1.33058681269373e+00 -4.44198351013623e-06 
1.33830320622773e+00 1.33499071607839e+00 -5.60344182441968e-05 
1.34285525794960e+00 1.33938775701720e+00 -1.72018604684219e-04 
1.34740730967146e+00 1.34377769228684e+00 -3.61071041465647e-04 
1.35195936139332e+00 1.34816027779334e+00 -6.32455048274841e-04 
1.35651141311519e+00 1.35253526918541e+00 -9.96032597893363e-04 
1.36106346483705e+00 1.35690242249442e+00 -1.46227442886927e-03 
1.36561551655891e+00 1.36126149479820e+00 -2.04226830955844e-03 
1.37016756828078e+00 1.36561224490534e+00 -2.74772533286330e-03 
1.37471962000264e+00 1.36995443405629e+00 -3.59098413305384e-03 
1.37927167172450e+00 1.37428782663746e+00 -4.58501293244186e-03 
1.38382372344636e+00 1.37861219090401e+00 -5.74340934054194e-03 
1.38837577516823e+00 1.38292729970688e+00 -7.08039784712472e-03 
1.39292782689009e+00 1.38723293121953e+00 -8.61082497081608e-03 
1.39747987861195e+00 1.39152886965947e+00 -1.03501520438838e-02 
1.40203193033382e+00 1.39581490599986e+00 -1.23144456381681e-02 
1.40658398205568e+00 1.40009083866610e+00 -1.45203656570368e-02 
1.41113603377754e+00 1.40435647421289e+00 -1.69851511427528e-02 
1.41568808549941e+00 1.40861162797661e+00 -1.97266038708677e-02 
1.42024013722127e+00 1.41285612469870e+00 -2.27630698244771e-02 
1.42479218894313e+00 1.41708979911566e+00 -2.61134186628512e-02 
1.42934424066500e+00 1.42131249651140e+00 -2.97970213211225e-02 
1.43389629238686e+00 1.42552407322836e+00 -3.38337258918855e-02 
1.43844834410872e+00 1.42972439713402e+00 -3.82438319615988e-02 
1.44300039583058e+00 1.43391334803962e+00 -4.30480635839734e-02 
1.44755244755245e+00 1.43809081806903e+00 -4.82675410895249e-02 
1.45210449927431e+00 1.44225671197526e+00 -5.39237519361173e-02 
1.45665655099617e+00 1.44641094740360e+00 -6.00385208154052e-02 
1.46120860271804e+00 1.45055345510009e+00 -6.66339792321582e-02 
1.46576065443990e+00 1.45468417906501e+00 -7.37325347755223e-02 
1.47031270616176e+00 1.45880307665155e+00 -8.13568403004758e-02 
1.47486475788363e+00 1.46291011861001e+00 -8.95297632331283e-02 
1.47941680960549e+00 1.46700528907886e+00 -9.82743552070703e-02 
1.48396886132735e+00 1.47108858552399e+00 -1.07613822229438e-01 
1.48852091304921e+00 1.47516001862824e+00 -1.17571495563786e-01 
1.49307296477108e+00 1.47921961213341e+00 -1.28170803506381e-01 
1.49762501649294e+00 1.48326740263749e+00 -1.39435244213520e-01 
1.50217706821480e+00 1.48730343935009e+00 -1.51388359728220e-01 
1.50672911993667e+00 1.49132778380918e+00 -1.64053711332197e-01 
1.51128117165853e+00 1.49534050956268e+00 -1.77454856336672e-01 
1.51583322338039e+00 1.49934170181826e+00 -1.91615326404219e-01 
1.52038527510226e+00 1.50333145706523e+00 -2.06558607479040e-01 
1.52493732682412e+00 1.50730988267195e+00 -2.22308121384321e-01 
1.52948937854598e+00 1.51127709646272e+00 -2.38887209128729e-01 
1.53404143026785e+00 1.51523322627755e+00 -2.56319115947326e-01 
1.53859348198971e+00 1.51917840951867e+00 -2.74626978087607e-01 
1.54314553371157e+00 1.52311279268710e+00 -2.93833811335543e-01 
1.54769758543343e+00 1.52703653091271e+00 -3.13962501264864e-01 
1.55224963715530e+00 1.53094978748090e+00 -3.35035795177401e-01 
1.55680168887716e+00 1.53485273335913e+00 -3.57076295695103e-01 
1.56135374059902e+00 1.53874554672582e+00 -3.80106455952072e-01 
1.56590579232089e+00 1.54262841250448e+00 -4.04148576326566e-01 
1.57045784404275e+00 1.54650152190552e+00 -4.29224802646322e-01 
1.57500989576461e+00 1.55036507197767e+00 -4.55357125794678e-01 
1.57956194748648e+00 1.55421926517127e+00 -4.82567382640184e-01 
1.58411399920834e+00 1.55806430891504e+00 -5.10877258206423e-01 
1.58866605093020e+00 1.56190041520786e+00 -5.40308289000799e-01 
1.59321810265206e+00 1.56572780022701e+00 -5.70881867414196e-01 
1.59777015437393e+00 1.56954668395390e+00 -6.02619247105350e-01 
1.60232220609579e+00 1.57335728981824e+00 -6.35541549284597e-01 
1.60687425781765e+00 1.57715984436148e+00 -6.69669769808954e-01 
1.61142630953952e+00 1.58095457692007e+00 -7.05024787004945e-01 
1.61597836126138e+00 1.58474171932900e+00 -7.41627370135624e-01 
1.62053041298324e+00 1.58852150564585e+00 -7.79498188430919e-01 
1.62508246470511e+00 1.59229417189568e+00 -8.18657820602427e-01 
1.62963451642697e+00 1.59605995583657e+00 -8.59126764767526e-01 
1.63418656814883e+00 1.59981909674596e+00 -9.00925448709456e-01 
1.63873861987070e+00 1.60357183522752e+00 -9.44074240403777e-01 
1.64329067159256e+00 1.60731841303833e+00 -9.88593458744669e-01 
1.64784272331442e+00 1.61105907293609e+00 -1.03450338440737e+00 
1.65239477503628e+00 1.61479405854589e+00 -1.08182427078792e+00 
1.65694682675815e+00 1.61852361424619e+00 -1.13057635495982e+00 
1.66149887848001e+00 1.62224798507350e+00 -1.18077986859763e+00 
1.66605093020187e+00 1.62596741664522e+00 -1.23245504881250e+00 
1.67060298192374e+00 1.62968215510007e+00 -1.28562214885388e+00 
1.67515503364560e+00 1.63339244705551e+00 -1.34030144862936e+00 
1.67970708536746e+00 1.63709853958162e+00 -1.39651326500066e+00 
1.68425913708933e+00 1.64080068019063e+00 -1.45427796181346e+00 
1.68881118881119e+00 1.64449911684165e+00 -1.51361595962319e+00 
1.69336324053305e+00 1.64819409795978e+00 -1.57454774507746e+00 
1.69791529225491e+00 1.65188587246892e+00 -1.63709387992116e+00 
1.70246734397678e+00 1.65557468983770e+00 -1.70127500959076e+00 
1.70701939569864e+00 1.65926080013764e+00 -1.76711187136250e+00 
1.71157144742050e+00 1.66294445411299e+00 -1.83462530202597e+00 
1.71612349914237e+00 1.66662590326139e+00 -1.90383624505170e+00 
1.72067555086423e+00 1.67030539992458e+00 -1.97476575722279e+00 
1.72522760258609e+00 1.67398319738853e+00 -2.04743501470378e+00 
1.72977965430796e+00 1.67765954999198e+00 -2.12186531851785e+00 
1.73433170602982e+00 1.68133471324278e+00 -2.19807809940620e+00 
1.73888375775168e+00 1.68500894394102e+00 -2.27609492204414e+00 
1.74343580947355e+00 1.68868250030817e+00 -2.35593748858816e+00 
1.74798786119541e+00 1.69235564212128e+00 -2.43762764152787e+00 
1.75253991291727e+00 1.69602863085137e+00 -2.52118736582313e+00 
1.75709196463913e+00 1.69970172980482e+00 -2.60663879029923e+00 
1.76164401636100e+00 1.70337520426709e+00 -2.69400418828103e+00 
1.76619606808286e+00 1.70704932164727e+00 -2.78330597744451e+00 
1.77074811980472e+00 1.71072435162273e+00 -2.87456671886575e+00 
1.77530017152659e+00 1.71440056628236e+00 -2.96780911525144e+00 
1.77985222324845e+00 1.71807824026741e+00 -3.06305600833172e+00 
1.78440427497031e+00 1.72175765090855e+00 -3.16033037540540e+00 
1.78895632669218e+00 1.72543907835771e+00 -3.25965532502084e+00 
1.79350837841404e+00 1.72912280571338e+00 -3.36105409178835e+00 
1.79806043013590e+00 1.73280911913794e+00 -3.46455003031508e+00 
1.80261248185776e+00 1.73649830796531e+00 -3.57016660826077e+00 
1.80716453357963e+00 1.74019066479749e+00 -3.67792739851481e+00 
1.81171658530149e+00 1.74388648558817e+00 -3.78785607050365e+00 
1.81626863702335e+00 1.74758606971189e+00 -3.89997638063333e+00 
1.82082068874522e+00 1.75128972001679e+00 -4.01431216188837e+00 
1.82537274046708e+00 1.75499774285926e+00 -4.13088731260561e+00 
1.82992479218894e+00 1.75871044811863e+00 -4.24972578445160e+00 
1.83447684391081e+00 1.76242814919005e+00 -4.37085156963754e+00 
1.83902889563267e+00 1.76615116295367e+00 -4.49428868741486e+00 
1.84358094735453e+00 1.76987980971819e+00 -4.62006116989875e+00 
1.84813299907640e+00 1.77361441313712e+00 -4.74819304727921e+00 
1.85268505079826e+00 1.77735530009575e+00 -4.87870833248337e+00 
1.85723710252012e+00 1.78110280056710e+00 -5.01163100536462e+00 
1.86178915424198e+00 1.78485724743523e+00 -5.14698499650084e+00 
1.86634120596385e+00 1.78861897628444e+00 -5.28479417069435e+00 
1.87089325768571e+00 1.79238832515253e+00 -5.42508231027455e+00 
1.87544530940757e+00 1.79616563424734e+00 -5.56787309831030e+00 
1.87999736112944e+00 1.79995124562492e+00 -5.71319010185358e+00 
1.88454941285130e+00 1.80374550282883e+00 -5.86105675533688e+00 
1.88910146457316e+00 1.80754875048962e+00 -6.01149634426034e+00 
1.89365351629503e+00 1.81136133388419e+00 -6.16453198930482e+00 
1.89820556801689e+00 1.81518359845474e+00 -6.32018663101896e+00 
1.90275761973875e+00 1.81901588928765e+00 -6.47848301522933e+00 
1.90730967146061e+00 1.82285855055263e+00 -6.63944367932515e+00 
1.91186172318248e+00 1.82671192490298e+00 -6.80309093957371e+00 
1.91641377490434e+00 1.83057635283823e+00 -6.96944687962033e+00 
1.92096582662620e+00 1.83445217203062e+00 -7.13853334032571e+00 
1.92551787834807e+00 1.83833971661753e+00 -7.31037191108986e+00 
1.93006993006993e+00 1.84223931646190e+00 -7.48498392280699e+00 
1.93462198179179e+00 1.84615129638373e+00 -7.66239044258637e+00 
1.93917403351366e+00 1.85007597536528e+00 -7.84261227036557e+00 
1.94372608523552e+00 1.85401366573384e+00 -8.02566993753175e+00 
1.94827813695738e+00 1.85796467232540e+00 -8.21158370764935e+00 
1.95283018867924e+00 1.86192929163353e+00 -8.40037357938159e+00 
1.95738224040111e+00 1.86590781094763e+00 -8.59205929167081e+00 
1.96193429212297e+00 1.86990050748506e+00 -8.78666033122846e+00 
1.96648634384483e+00 1.87390764752184e+00 -8.98419594235978e+00 
1.97103839556670e+00 1.87792948552664e+00 -9.18468513913132e+00 
1.97559044728856e+00 1.88196626330296e+00 -9.38814671986532e+00 
1.98014249901042e+00 1.88601820914424e+00 -9.59459928392102e+00 
1.98469455073229e+00 1.89008553700672e+00 -9.80406125070259e+00 
1.98924660245415e+00 1.89416844570460e+00 -1.00165508808078e+01 
1.99379865417601e+00 1.89826711813200e+00 -1.02320862992137e+01 
1.99835070589788e+00 1.90238172051580e+00 -1.04506855203704e+01 
2.00290275761974e+00 1.90651240170339e+00 -1.06723664750570e+01 
2.00745480934160e+00 1.91065929248861e+00 -1.08971470388363e+01 
2.01200686106346e+00 1.91482250497923e+00 -1.11250450619272e+01 
2.01655891278533e+00 1.91900213200843e+00 -1.13560784003013e+01 
2.02111096450719e+00 1.92319824659260e+00 -1.15902649478000e+01 
2.02566301622905e+00 1.92741090143701e+00 -1.18276226690590e+01 
2.03021506795092e+00 1.93164012849072e+00 -1.20681696330192e+01 
2.03476711967278e+00 1.93588593855113e+00 -1.23119240468055e+01 
2.03931917139464e+00 1.94014832091851e+00 -1.25589042897511e+01 
2.04387122311651e+00 1.94442724309996e+00 -1.28091289473449e+01 
2.04842327483837e+00 1.94872265056205e+00 -1.30626168448920e+01 
2.05297532656023e+00 1.95303446653070e+00 -1.33193870806784e+01 
2.05752737828210e+00 1.95736259183659e+00 -1.35794590584436e+01 
2.06207943000396e+00 1.96170690480383e+00 -1.38428525189741e+01 
2.06663148172582e+00 1.96606726117949e+00 -1.41095875706485e+01 
2.07118353344768e+00 1.97044349410096e+00 -1.43796847187757e+01 
2.07573558516955e+00 1.97483541409825e+00 -1.46531648935837e+01 
2.08028763689141e+00 1.97924280912765e+00 -1.49300494767347e+01 
2.08483968861327e+00 1.98366544463350e+00 -1.52103603262598e+01 
2.08939174033514e+00 1.98810306363426e+00 -1.54941197998206e+01 
2.09394379205700e+00 1.99255538682938e+00 -1.57813507762258e+01 
2.09849584377886e+00 1.99702211272318e+00 -1.60720766751452e+01 
2.10304789550073e+00 2.00150291776200e+00 -1.63663214749808e+01 
2.10759994722259e+00 2.00599745648118e+00 -1.66641097288711e+01 
2.11215199894445e+00 2.01050536165813e+00 -1.69654665788167e+01 
2.11670405066631e+00 2.01502624446836e+00 -1.72704177679318e+01 
2.12125610238818e+00 2.01955969464089e+00 -1.75789896508362e+01 
2.12580815411004e+00 2.02410528061024e+00 -1.78912092022168e+01 
2.13036020583190e+00 2.02866254966206e+00 -1.82071040235909e+01 
2.13491225755377e+00 2.03323102806964e+00 -1.85267023483220e+01 
2.13946430927563e+00 2.03781022121889e+00 -1.88500330449352e+01 
2.14401636099749e+00 2.04239961371967e+00 -1.91771256187965e+01 
2.14856841271936e+00 2.04699866950127e+00 -1.95080102122122e+01 
2.15312046444122e+00 2.05160683189043e+00 -1.98427176030211e+01 
2.15767251616308e+00 2.05622352367029e+00 -2.01812792017468e+01 
2.16222456788494e+00 2.06084814711896e+00 -2.05237270473783e+01 
2.16677661960681e+00 2.06548008402648e+00 -2.08700938018546e+01 
2.17132867132867e+00 2.07011869568949e+00 -2.12204127433185e+01 
2.17588072305053e+00 2.07476332288259e+00 -2.15747177582151e+01 
2.18043277477240e+00 2.07941328580615e+00 -2.19330433322981e+01 
2.18498482649426e+00 2.08406788400990e+00 -2.22954245406091e+01 
2.18953687821612e+00 2.08872639629235e+00 -2.26618970364993e+01 
2.19408892993799e+00 2.09338808057580e+00 -2.30324970397411e+01 
2.19864098165985e+00 2.09805217375701e+00 -2.34072613237961e+01 
2.20319303338171e+00 2.10271789153382e+00 -2.37862272022847e+01 
2.20774508510358e+00 2.10738442820793e+00 -2.41694325147064e+01 
2.21229713682544e+00 2.11205095646414e+00 -2.45569156114545e+01 
2.21684918854730e+00 2.11671662712672e+00 -2.49487153381645e+01 
2.22140124026916e+00 2.12138056889322e+00 -2.53448710194290e+01 
2.22595329199103e+00 2.12604188804653e+00 -2.57454224419115e+01 
2.23050534371289e+00 2.13069966814570e+00 -2.61504098368842e+01 
2.23505739543475e+00 2.13535296969628e+00 -2.65598738622115e+01 
2.23960944715662e+00 2.14000082980093e+00 -2.69738555837982e+01 
2.24416149887848e+00 2.14464226179105e+00 -2.73923964565142e+01 
2.24871355060034e+00 2.14927625484028e+00 -2.78155383046087e+01 
2.25326560232221e+00 2.15390177356059e+00 -2.82433233016171e+01 
2.25781765404407e+00 2.15851775758193e+00 -2.86757939497671e+01 
2.26236970576593e+00 2.16312312111616e+00 -2.91129930588808e+01 
2.26692175748780e+00 2.16771675250619e+00 -2.95549637247720e+01 
2.27147380920966e+00 2.17229751376120e+00 -3.00017493071305e+01 
2.27602586093152e+00 2.17686424007870e+00 -3.04533934068860e+01 
2.28057791265338e+00 2.18141573935449e+00 -3.09099398430402e+01 
2.28512996437525e+00 2.18595079168109e+00 -3.13714326289526e+01 
2.28968201609711e+00 2.19046814883582e+00 -3.18379159480634e+01 
2.29423406781897e+00 2.19496653375914e+00 -3.23094341290412e+01 
2.29878611954084e+00 2.19944464002427e+00 -3.27860316203257e+01 
2.30333817126270e+00 2.20390113129882e+00 -3.32677529640564e+01 
2.30789022298456e+00 2.20833464079936e+00 -3.37546427693531e+01 
2.31244227470643e+00 2.21274377073974e+00 -3.42467456849355e+01 
2.31699432642829e+00 2.21712709177407e+00 -3.47441063710458e+01 
2.32154637815015e+00 2.22148314243507e+00 -3.52467694706576e+01 
2.32609842987201e+00 2.22581042856883e+00 -3.57547795799379e+01 
2.33065048159388e+00 2.23010742276665e+00 -3.62681812179378e+01 
2.33520253331574e+00 2.23437256379489e+00 -3.67870187954814e+01 
2.33975458503760e+00 2.23860425602379e+00 -3.73113365832268e+01 
2.34430663675947e+00 2.24280086885590e+00 -3.78411786788686e+01 
2.34885868848133e+00 2.24696073615520e+00 -3.83765889734498e+01 
2.35341074020319e+00 2.25108215567769e+00 -3.89176111167596e+01 
2.35796279192506e+00 2.25516338850437e+00 -3.94642884817820e+01 
2.36251484364692e+00 2.25920265847749e+00 -4.00166641281672e+01 
2.36706689536878e+00 2.26319815164106e+00 -4.05747807646994e+01 
2.37161894709065e+00 2.26714801568649e+00 -4.11386807107271e+01 
2.37617099881251e+00 2.27105035940434e+00 -4.17084058565298e+01 
2.38072305053437e+00 2.27490325214311e+00 -4.22839976225922e+01 
2.38527510225623e+00 2.27870472327623e+00 -4.28654969177606e+01 
2.38982715397810e+00 2.28245276167798e+00 -4.34529440962476e+01 
2.39437920569996e+00 2.28614531520972e+00 -4.40463789134678e+01 
2.39893125742182e+00 2.28978029021715e+00 -4.46458404806700e+01 
2.40348330914369e+00 2.29335555104001e+00 -4.52513672183481e+01 
2.40803536086555e+00 2.29686891953515e+00 -4.58629968084028e+01 
2.41258741258741e+00 2.30031817461413e+00 -4.64807661450346e+01 
2.41713946430928e+00 2.30370105179663e+00 -4.71047112843418e+01 
2.42169151603114e+00 2.30701524278079e+00 -4.77348673926091e+01 
2.42624356775300e+00 2.31025839503175e+00 -4.83712686932661e+01 
2.43079561947486e+00 2.31342811138968e+00 -4.90139484124932e+01 
2.43534767119673e+00 2.31652194969865e+00 -4.96629387234709e+01 
2.43989972291859e+00 2.31953742245750e+00 -5.03182706892433e+01 
2.44445177464045e+00 2.32247199649442e+00 -5.09799742041974e+01 
2.44900382636232e+00 2.32532309266628e+00 -5.16480779341404e+01 
2.45355587808418e+00 2.32808808558444e+00 -5.23226092549648e+01 
2.45810792980604e+00 2.33076430336842e+00 -5.30035941899034e+01 
2.46265998152791e+00 2.33334902742894e+00 -5.36910573453616e+01 
2.46721203324977e+00 2.33583949228184e+00 -5.43850218453292e+01 
2.47176408497163e+00 2.33823288539468e+00 -5.50855092643717e+01 
2.47631613669349e+00 2.34052634706739e+00 -5.57925395592066e+01 
2.48086818841536e+00 2.34271697034872e+00 -5.65061309988625e+01 
2.48542024013722e+00 2.34480180099032e+00 -5.72263000934434e+01 
2.48997229185908e+00 2.34677783743996e+00 -5.79530615214943e+01 
2.49452434358095e+00 2.34864203087572e+00 -5.86864280559961e+01 
2.49907639530281e+00 2.35039128528311e+00 -5.94264104889961e+01 
2.50362844702467e+00 2.35202245757662e+00 -6.01730175549068e+01 
2.50818049874654e+00 2.35353235776776e+00 -6.09262558524851e+01 
2.51273255046840e+00 2.35491774918146e+00 -6.16861297655317e+01 
2.51728460219026e+00 2.35617534872256e+00 -6.24526413823302e+01 
2.52183665391213e+00 2.35730182719448e+00 -6.32257904138756e+01 
2.52638870563399e+00 2.35829380967182e+00 -6.40055741109145e+01 
2.53094075735585e+00 2.35914787592904e+00 -6.47919871798585e+01 
2.53549280907771e+00 2.35986056092695e+00 -6.55850216976004e+01 
2.54004486079958e+00 2.36042835535906e+00 -6.63846670252997e+01 
2.54459691252144e+00 2.36084770625993e+00 -6.71909097211843e+01 
2.54914896424330e+00 2.36111501767709e+00 -6.80037334524311e+01 
2.55370101596517e+00 2.36122665140898e+00 -6.88231189061951e+01 
2.55825306768703e+00 2.36117892781038e+00 -6.96490436998483e+01 
2.56280511940889e+00 2.36096812666777e+00 -7.04814822905109e+01 
2.56735717113076e+00 2.36059048814609e+00 -7.13204058839493e+01 
2.57190922285262e+00 2.36004221380915e+00 -7.21657823429291e+01 
2.57646127457448e+00 2.35931946771545e+00 -7.30175760951083e+01 
2.58101332629635e+00 2.35841837759124e+00 -7.38757480405702e+01 
2.58556537801821e+00 2.35733503608271e+00 -7.47402554590912e+01 
2.59011742974007e+00 2.35606550208904e+00 -7.56110519172520e+01 
2.59466948146193e+00 2.35460580217810e+00 -7.64880871755013e+01 
2.59922153318380e+00 2.35295193208640e+00 -7.73713070952873e+01 
2.60377358490566e+00 2.35109985830507e+00 -7.82606535463792e+01 
2.60832563662752e+00 2.34904551975313e+00 -7.91560643145040e+01 
2.61287768834939e+00 2.34678482953989e+00 -8.00574730094313e+01 
2.61742974007125e+00 2.34431367681766e+00 -8.09648089736402e+01 
2.62198179179311e+00 2.34162792872608e+00 -8.18779971917214e+01 
2.62653384351498e+00 2.33872343242946e+00 -8.27969582006426e+01 
2.63108589523684e+00 2.33559601724799e+00 -8.37216080010516e+01 
2.63563794695870e+00 2.33224149688416e+00 -8.46518579697620e+01 
2.64018999868056e+00 2.32865567174495e+00 -8.55876147735849e+01 
2.64474205040243e+00 2.32483433136088e+00 -8.65287802846869e+01 
2.64929410212429e+00 2.32077325690222e+00 -8.74752514976272e+01 
2.65384615384615e+00 2.31646822379321e+00 -8.84269204482727e+01 
2.65839820556802e+00 2.31191500442440e+00 -8.93836741347553e+01 
2.66295025728988e+00 2.30710937096344e+00 -9.03453944406723e+01 
2.66750230901174e+00 2.30204709826422e+00 -9.13119580607083e+01 
2.67205436073361e+00 2.29672396687445e+00 -9.22832364288811e+01 
2.67660641245547e+00 2.29113576614117e+00 -9.32590956496084e+01 
2.68115846417733e+00 2.28527829741373e+00 -9.42393964317913e+01 
2.68571051589920e+00 2.27914737734372e+00 -9.52239940261242e+01 
2.69026256762106e+00 2.27273884128077e+00 -9.62127381658416e+01 
2.69481461934292e+00 2.26604854676316e+00 -9.72054730110971e+01 
2.69936667106478e+00 2.25907237710207e+00 -9.82020370972041e+01 
2.70391872278665e+00 2.25180624505781e+00 -9.92022632869382e+01 
2.70847077450851e+00 2.24424609660641e+00 -1.00205978727123e+02 
2.71302282623037e+00 2.23638791479442e+00 -1.01213004809709e+02 
2.71757487795224e+00 2.22822772367982e+00 -1.02223157137566e+02 
2.72212692967410e+00 2.21976159235672e+00 -1.03236245495203e+02 
2.72667898139596e+00 2.21098563906086e+00 -1.04252073824626e+02 
2.73123103311783e+00 2.20189603535312e+00 -1.05270440206557e+02 
2.73578308483969e+00 2.19248901037792e+00 -1.06291136847219e+02 
2.74033513656155e+00 2.18276085519292e+00 -1.07313950070890e+02 
2.74488718828341e+00 2.17270792716635e+00 -1.08338660318461e+02 
2.74943924000528e+00 2.16232665443799e+00 -1.09365042152160e+02 
2.75399129172714e+00 2.15161354043958e+00 -1.10392864266679e+02 
2.75854334344900e+00 2.14056516847020e+00 -1.11421889506883e+02 
2.76309539517087e+00 2.12917820632178e+00 -1.12451874892286e+02 
2.76764744689273e+00 2.11744941094972e+00 -1.13482571648496e+02 
2.77219949861459e+00 2.10537563318358e+00 -1.14513725245786e+02 
2.77675155033646e+00 2.09295382247183e+00 -1.15545075444975e+02 
2.78130360205832e+00 2.08018103165548e+00 -1.16576356350787e+02 
2.78585565378018e+00 2.06705442176400e+00 -1.17607296472825e+02 
2.79040770550204e+00 2.05357126682764e+00 -1.18637618794320e+02 
2.79495975722391e+00 2.03972895869953e+00 -1.19667040848788e+02 
2.79951180894577e+00 2.02552501188070e+00 -1.20695274804716e+02 
2.80406386066763e+00 2.01095706834124e+00 -1.21722027558403e+02 
2.80861591238950e+00 1.99602290233035e+00 -1.22747000835041e+02 
2.81316796411136e+00 1.98072042516785e+00 -1.23769891298149e+02 
2.81772001583322e+00 1.96504769000973e+00 -1.24790390667411e+02 
2.82227206755509e+00 1.94900289657975e+00 -1.25808185845016e+02 
2.82682411927695e+00 1.93258439585947e+00 -1.26822959050521e+02 
2.83137617099881e+00 1.91579069472831e+00 -1.27834387964283e+02 
2.83592822272068e+00 1.89862046054579e+00 -1.28842145879494e+02 
2.84048027444254e+00 1.88107252566716e+00 -1.29845901862795e+02 
2.84503232616440e+00 1.86314589188438e+00 -1.30845320923494e+02 
2.84958437788626e+00 1.84483973478367e+00 -1.31840064191327e+02 
2.85413642960813e+00 1.82615340801088e+00 -1.32829789102740e+02 
2.85868848132999e+00 1.80708644743648e+00 -1.33814149595619e+02 
2.86324053305185e+00 1.78763857521078e+00 -1.34792796312397e+02 
2.86779258477372e+00 1.76780970370108e+00 -1.35765376811425e+02 
2.87234463649558e+00 1.74759993930187e+00 -1.36731535786511e+02 
2.87689668821744e+00 1.72700958610932e+00 -1.37690915294481e+02 
2.88144873993931e+00 1.70603914945132e+00 -1.38643154990602e+02 
2.88600079166117e+00 1.68468933926452e+00 -1.39587892371713e+02 
2.89055284338303e+00 1.66296107330972e+00 -1.40524763026864e+02 
2.89510489510489e+00 1.64085548021727e+00 -1.41453400895242e+02 
2.89965694682676e+00 1.61837390235400e+00 -1.42373438531177e+02 
2.90420899854862e+00 1.59551789850369e+00 -1.43284507375967e+02 
2.90876105027048e+00 1.57228924635283e+00 -1.44186238036256e+02 
2.91331310199235e+00 1.54868994477420e+00 -1.45078260568684e+02 
2.91786515371421e+00 1.52472221590028e+00 -1.45960204770509e+02 
2.92241720543607e+00 1.50038850697946e+00 -1.46831700475873e+02 
2.92696925715794e+00 1.47569149200789e+00 -1.47692377857371e+02 
2.93152130887980e+00 1.45063407312996e+00 -1.48541867732591e+02 
2.93607336060166e+00 1.42521938180125e+00 -1.49379801875220e+02 
2.94062541232353e+00 1.39945077970751e+00 -1.50205813330348e+02 
2.94517746404539e+00 1.37333185943409e+00 -1.51019536733569e+02 
2.94972951576725e+00 1.34686644488002e+00 -1.51820608633438e+02 
2.95428156748911e+00 1.32005859141217e+00 -1.52608667816886e+02 
2.95883361921098e+00 1.29291258575445e+00 -1.53383355637111e+02 
2.96338567093284e+00 1.26543294560802e+00 -1.54144316343513e+02 
2.96793772265470e+00 1.23762441899864e+00 -1.54891197413183e+02 
2.97248977437657e+00 1.20949198334804e+00 -1.55623649883483e+02 
2.97704182609843e+00 1.18104084426627e+00 -1.56341328685210e+02 
2.98159387782029e+00 1.15227643406269e+00 -1.57043892975850e+02 
2.98614592954216e+00 1.12320440997404e+00 -1.57731006472412e+02 
2.99069798126402e+00 1.09383065210797e+00 -1.58402337783334e+02 
2.99525003298588e+00 1.06416126110135e+00 -1.59057560738929e+02 
2.99980208470775e+00 1.03420255549325e+00 -1.59696354719851e+02 
3.00435413642961e+00 1.00396106881265e+00 -1.60318404983056e+02 
3.00890618815147e+00 9.73443546381863e-01 -1.60923402984716e+02 
3.01345823987333e+00 9.42656941837148e-01 -1.61511046699566e+02 
3.01801029159520e+00 9.11608413368368e-01 -1.62081040936146e+02 
3.02256234331706e+00 8.80305319680248e-01 -1.62633097647401e+02 
3.02711439503892e+00 8.48755215678449e-01 -1.63166936236134e+02 
3.03166644676079e+00 8.16965847883967e-01 -1.63682283854750e+02 
3.03621849848265e+00 7.84945149580261e-01 -1.64178875698815e+02 
3.04077055020451e+00 7.52701235697739e-01 -1.64656455293885e+02 
3.04532260192638e+00 7.20242397441086e-01 -1.65114774775111e+02 
3.04987465364824e+00 6.87577096665302e-01 -1.65553595159148e+02 
3.05442670537010e+00 6.54713960006787e-01 -1.65972686607826e+02 
3.05897875709196e+00 6.21661772776546e-01 -1.66371828683180e+02 
3.06353080881383e+00 5.88429472623012e-01 -1.66750810593317e+02 
3.06808286053569e+00 5.55026142972349e-01 -1.67109431428716e+02 
3.07263491225755e+00 5.21461006254821e-01 -1.67447500388503e+02 
3.07718696397942e+00 4.87743416926103e-01 -1.67764836996295e+02 
3.08173901570128e+00 4.53882854293022e-01 -1.68061271305218e+02 
3.08629106742314e+00 4.19888915153461e-01 -1.68336644091705e+02 
3.09084311914501e+00 3.85771306260761e-01 -1.68590807037737e+02 
3.09539517086687e+00 3.51539836623287e-01 -1.68823622901150e+02 
3.09994722258873e+00 3.17204409650059e-01 -1.69034965673733e+02 
3.10449927431059e+00 2.82775015154012e-01 -1.69224720726775e+02 
3.10905132603246e+00 2.48261721224423e-01 -1.69392784943816e+02 
3.11360337775432e+00 2.13674665980574e-01 -1.69539066840343e+02 
3.11815542947618e+00 1.79024049218924e-01 -1.69663486670198e+02 
3.12270748119805e+00 1.44320123966283e-01 -1.69765976518498e+02 
3.12725953291991e+00 1.09573187951749e-01 -1.69846480380890e+02 
3.13181158464177e+00 7.47935750102409e-02 -1.69904954229000e+02 
3.13636363636364e+00 3.99916464308457e-02 -1.69941366061926e+02 
