Data Format: k_val_normalized w_real_normalized w_imag 
num_pts 435 
0.00000000000000e+00 -8.86541180781366e-17 -1.02219980510417e-14 
7.15931533903884e-03 7.15931533903858e-03 4.11296975452235e-15 
1.43186306780777e-02 1.43186306780776e-02 -1.09767601799860e-15 
2.14779460171165e-02 2.14779460171163e-02 -5.49381116796090e-15 
2.86372613561554e-02 2.86372613561555e-02 -8.38544147677476e-15 
3.57965766951942e-02 3.57965766951942e-02 -1.11093029851083e-14 
4.29558920342330e-02 4.29558920342328e-02 -2.19613440337486e-15 
5.01152073732719e-02 5.01152073732708e-02 -3.75063175430845e-15 
5.72745227123107e-02 5.72745227123078e-02 8.69849547025385e-15 
6.44338380513496e-02 6.44338380513409e-02 -1.16509436155320e-14 
7.15931533903884e-02 7.15931533903657e-02 -3.15819606996834e-15 
7.87524687294272e-02 7.87524687293739e-02 3.25704871479781e-15 
8.59117840684661e-02 8.59117840683501e-02 -2.32527393164665e-14 
9.30710994075049e-02 9.30710994072662e-02 -4.96712976120371e-14 
1.00230414746544e-01 1.00230414746078e-01 -7.82809734290606e-14 
1.07389730085583e-01 1.07389730084714e-01 -1.30892041341849e-13 
1.14549045424621e-01 1.14549045423066e-01 -2.30737505092654e-13 
1.21708360763660e-01 1.21708360760971e-01 -3.82820655055532e-13 
1.28867676102699e-01 1.28867676098193e-01 -6.51504955022955e-13 
1.36026991441738e-01 1.36026991434391e-01 -1.04677940995367e-12 
1.43186306780777e-01 1.43186306769093e-01 -1.67563836540513e-12 
1.50345622119816e-01 1.50345622101648e-01 -2.60042481525154e-12 
1.57504937458854e-01 1.57504937431171e-01 -3.86423329517237e-12 
1.64664252797893e-01 1.64664252756483e-01 -5.68287982847634e-12 
1.71823568136932e-01 1.71823568076023e-01 -8.09799588409465e-12 
1.78982883475971e-01 1.78982883387758e-01 -1.13176185005594e-11 
1.86142198815010e-01 1.86142198689062e-01 -1.54921216335517e-11 
1.93301514154049e-01 1.93301513976576e-01 -2.07089406692678e-11 
2.00460829493088e-01 2.00460829246038e-01 -2.71662977830268e-11 
2.07620144832126e-01 2.07620144492095e-01 -3.48906143923882e-11 
2.14779460171165e-01 2.14779459708059e-01 -4.38853969846936e-11 
2.21938775510204e-01 2.21938774885645e-01 -5.40218456211160e-11 
2.29098090849243e-01 2.29098090014649e-01 -6.51110700833617e-11 
2.36257406188282e-01 2.36257405082582e-01 -7.66929467094048e-11 
2.43416721527321e-01 2.43416720074241e-01 -8.80806032569977e-11 
2.50576036866359e-01 2.50576034971222e-01 -9.84389884340132e-11 
2.57735352205398e-01 2.57735349751354e-01 -1.06671458527167e-10 
2.64894667544437e-01 2.64894664388051e-01 -1.11487918607875e-10 
2.72053982883476e-01 2.72053978849568e-01 -1.11548122485721e-10 
2.79213298222515e-01 2.79213293098168e-01 -1.05575887472938e-10 
2.86372613561554e-01 2.86372607089150e-01 -9.27778274330270e-11 
2.93531928900592e-01 2.93531920769772e-01 -7.31471712830709e-11 
3.00691244239631e-01 3.00691234078017e-01 -4.82903116084106e-11 
3.07850559578670e-01 3.07850546941199e-01 -2.22684790787093e-11 
3.15009874917709e-01 3.15009859274404e-01 -3.08084458574800e-12 
3.22169190256748e-01 3.22169170978725e-01 -4.28072172484823e-12 
3.29328505595787e-01 3.29328481939290e-01 -4.74378091678510e-11 
3.36487820934826e-01 3.36487792023049e-01 -1.65302784650866e-10 
3.43647136273864e-01 3.43647101076304e-01 -4.05677147495304e-10 
3.50806451612903e-01 3.50806408921950e-01 -8.36676355893635e-10 
3.57965766951942e-01 3.57965715356405e-01 -1.55314006196961e-09 
3.65125082290981e-01 3.65125020146201e-01 -2.68468885766113e-09 
3.72284397630020e-01 3.72284323024194e-01 -4.40585997308595e-09 
3.79443712969059e-01 3.79443623685371e-01 -6.94839810722628e-09 
3.86603028308097e-01 3.86602921782220e-01 -1.06164046268573e-08 
3.93762343647136e-01 3.93762216919607e-01 -1.58047645923728e-08 
4.00921658986175e-01 4.00921508649144e-01 -2.30212614338394e-08 
4.08080974325214e-01 4.08080796462981e-01 -3.29133303391344e-08 
4.15240289664253e-01 4.15240079787009e-01 -4.62997399500041e-08 
4.22399605003292e-01 4.22399357973381e-01 -6.42084975423202e-08 
4.29558920342330e-01 4.29558630292358e-01 -8.79214993423704e-08 
4.36718235681369e-01 4.36717895923372e-01 -1.19027189546320e-07 
4.43877551020408e-01 4.43877153945298e-01 -1.59482126272236e-07 
4.51036866359447e-01 4.51036403325851e-01 -2.11683167636832e-07 
4.58196181698486e-01 4.58195642910058e-01 -2.78550912522314e-07 
4.65355497037525e-01 4.65354871407757e-01 -3.63626838408493e-07 
4.72514812376564e-01 4.72514087380035e-01 -4.71185181374378e-07 
4.79674127715602e-01 4.79673289224574e-01 -6.06361667327413e-07 
4.86833443054641e-01 4.86832475159813e-01 -7.75301035130845e-07 
4.93992758393680e-01 4.93991643207884e-01 -9.85325858658861e-07 
5.01152073732719e-01 5.01150791176233e-01 -1.24512867438515e-06 
5.08311389071758e-01 5.08309916637888e-01 -1.56499027365229e-06 
5.15470704410797e-01 5.15469016910280e-01 -1.95702726721374e-06 
5.22630019749835e-01 5.22628089032565e-01 -2.43547127053739e-06 
5.29789335088874e-01 5.29787129741396e-01 -3.01698390811718e-06 
5.36948650427913e-01 5.36946135445050e-01 -3.72101053492057e-06 
5.44107965766952e-01 5.44105102195880e-01 -4.57017684097399e-06 
5.51267281105991e-01 5.51264025661017e-01 -5.59073228012282e-06 
5.58426596445030e-01 5.58422901091272e-01 -6.81304467111558e-06 
5.65585911784068e-01 5.65581723288191e-01 -8.27215090259870e-06 
5.72745227123107e-01 5.72740486569209e-01 -1.00083680428803e-05 
5.79904542462146e-01 5.79899184730877e-01 -1.20679707766712e-05 
5.87063857801185e-01 5.87057811010111e-01 -1.45039401843772e-05 
5.94223173140224e-01 5.94216358043450e-01 -1.73767896997051e-05 
6.01382488479263e-01 6.01374817824313e-01 -2.07554748422599e-05 
6.08541803818301e-01 6.08533181658223e-01 -2.47183922131076e-05 
6.15701119157340e-01 6.15691440116024e-01 -2.93544752592368e-05 
6.22860434496379e-01 6.22849582985099e-01 -3.47643932583935e-05 
6.30019749835418e-01 6.30007599218619e-01 -4.10618610983433e-05 
6.37179065174457e-01 6.37165476882850e-01 -4.83750668963838e-05 
6.44338380513496e-01 6.44323203102611e-01 -5.68482256588873e-05 
6.51497695852535e-01 6.51480764004915e-01 -6.66432665722147e-05 
6.58657011191573e-01 6.58638144660913e-01 -7.79416624193644e-05 
6.65816326530612e-01 6.65795329026253e-01 -9.09464092138466e-05 
6.72975641869651e-01 6.72952299879968e-01 -1.05884164731514e-04 
6.80134957208690e-01 6.80109038762069e-01 -1.23007554513415e-04 
6.87294272547729e-01 6.87265525909997e-01 -1.42597654218219e-04 
6.94453587886768e-01 6.94421740194168e-01 -1.64966656801394e-04 
7.01612903225806e-01 7.01577659052806e-01 -1.90460733784637e-04 
7.08772218564845e-01 7.08733258426329e-01 -2.19463098873145e-04 
7.15931533903884e-01 7.15888512691588e-01 -2.52397283004941e-04 
7.23090849242923e-01 7.23043394596256e-01 -2.89730629111463e-04 
7.30250164581962e-01 7.30197875193694e-01 -3.31978014800551e-04 
7.37409479921001e-01 7.37351923778700e-01 -3.79705811316515e-04 
7.44568795260039e-01 7.44505507824513e-01 -4.33536086005225e-04 
7.51728110599078e-01 7.51658592921530e-01 -4.94151055709924e-04 
7.58887425938117e-01 7.58811142718193e-01 -5.62297797841276e-04 
7.66046741277156e-01 7.65963118864531e-01 -6.38793224956486e-04 
7.73206056616195e-01 7.73114480958938e-01 -7.24529328414557e-04 
7.80365371955234e-01 7.80265186498679e-01 -8.20478695547683e-04 
7.87524687294272e-01 7.87415190834779e-01 -9.27700304244548e-04 
7.94684002633311e-01 7.94564447131889e-01 -1.04734559717396e-03 
8.01843317972350e-01 8.01712906333786e-01 -1.18066483773462e-03 
8.09002633311389e-01 8.08860517135181e-01 -1.32901374771875e-03 
8.16161948650428e-01 8.16007225960551e-01 -1.49386042579755e-03 
8.23321263989467e-01 8.23152976950707e-01 -1.67679254466183e-03 
8.30480579328506e-01 8.30297711957842e-01 -1.87952482246534e-03 
8.37639894667544e-01 8.37441370549821e-01 -2.10390676347634e-03 
8.44799210006583e-01 8.44583890024483e-01 -2.35193066025941e-03 
8.51958525345622e-01 8.51725205434722e-01 -2.62573984867192e-03 
8.59117840684661e-01 8.58865249625136e-01 -2.92763720421860e-03 
8.66277156023700e-01 8.66003953281011e-01 -3.26009386713136e-03 
8.73436471362739e-01 8.73141244990393e-01 -3.62575818100847e-03 
8.80595786701777e-01 8.80277051320025e-01 -4.02746482759135e-03 
8.87755102040816e-01 8.87411296905843e-01 -4.46824413906230e-03 
8.94914417379855e-01 8.94543904558731e-01 -4.95133156532440e-03 
9.02073732718894e-01 9.01674795386221e-01 -5.48017727394779e-03 
9.09233048057933e-01 9.08803888930699e-01 -6.05845585580916e-03 
9.16392363396972e-01 9.15931103324717e-01 -6.69007610906282e-03 
9.23551678736011e-01 9.23056355463884e-01 -7.37919087183937e-03 
9.30710994075049e-01 9.30179561197765e-01 -8.13020687080361e-03 
9.37870309414088e-01 9.37300635539130e-01 -8.94779455280806e-03 
9.45029624753127e-01 9.44419492891817e-01 -9.83689786328980e-03 
9.52188940092166e-01 9.51536047297375e-01 -1.08027439352509e-02 
9.59348255431205e-01 9.58650212700521e-01 -1.18508526494811e-02 
9.66507570770244e-01 9.65761903233396e-01 -1.29870460273603e-02 
9.73666886109282e-01 9.72871033518408e-01 -1.42174574152400e-02 
9.80826201448321e-01 9.79977518989442e-01 -1.55485404199866e-02 
9.87985516787360e-01 9.87081276230914e-01 -1.69870775539964e-02 
9.95144832126399e-01 9.94182223334204e-01 -1.85401885486540e-02 
1.00230414746544e+00 1.00128028027077e+00 -2.02153382954551e-02 
1.00946346280448e+00 1.00837536928105e+00 -2.20203443746977e-02 
1.01662277814352e+00 1.01546741527829e+00 -2.39633841327046e-02 
1.02378209348255e+00 1.02255634626615e+00 -2.60530012706100e-02 
1.03094140882159e+00 1.02964209376879e+00 -2.82981119086334e-02 
1.03810072416063e+00 1.03672459327227e+00 -3.07080100932080e-02 
1.04526003949967e+00 1.04380378467555e+00 -3.32923727163367e-02 
1.05241935483871e+00 1.05087961274966e+00 -3.60612638196519e-02 
1.05957867017775e+00 1.05795202760326e+00 -3.90251382597549e-02 
1.06673798551679e+00 1.06502098515280e+00 -4.21948447142049e-02 
1.07389730085583e+00 1.07208644759539e+00 -4.55816280122405e-02 
1.08105661619486e+00 1.07914838388248e+00 -4.91971307791546e-02 
1.08821593153390e+00 1.08620677019218e+00 -5.30533943864393e-02 
1.09537524687294e+00 1.09326159039841e+00 -5.71628592059767e-02 
1.10253456221198e+00 1.10031283653462e+00 -6.15383641710457e-02 
1.10969387755102e+00 1.10736050924994e+00 -6.61931456515119e-02 
1.11685319289006e+00 1.11440461825598e+00 -7.11408356566290e-02 
1.12401250822910e+00 1.12144518276192e+00 -7.63954593828010e-02 
1.13117182356814e+00 1.12848223189610e+00 -8.19714321297769e-02 
1.13833113890718e+00 1.13551580511205e+00 -8.78835556124376e-02 
1.14549045424621e+00 1.14254595257727e+00 -9.41470137012426e-02 
1.15264976958525e+00 1.14957273554281e+00 -1.00777367628170e-01 
1.15980908492429e+00 1.15659622669226e+00 -1.07790550698443e-01 
1.16696840026333e+00 1.16361651046839e+00 -1.15202862554271e-01 
1.17412771560237e+00 1.17063368337630e+00 -1.23030963037469e-01 
1.18128703094141e+00 1.17764785426175e+00 -1.31291865703510e-01 
1.18844634628045e+00 1.18465914456363e+00 -1.40002931039711e-01 
1.19560566161949e+00 1.19166768853980e+00 -1.49181859444628e-01 
1.20276497695853e+00 1.19867363346536e+00 -1.58846684025219e-01 
1.20992429229756e+00 1.20567713980318e+00 -1.69015763271037e-01 
1.21708360763660e+00 1.21267838134597e+00 -1.79707773664522e-01 
1.22424292297564e+00 1.21967754533000e+00 -1.90941702286167e-01 
1.23140223831468e+00 1.22667483252040e+00 -2.02736839474226e-01 
1.23856155365372e+00 1.23367045726808e+00 -2.15112771596541e-01 
1.24572086899276e+00 1.24066464753894e+00 -2.28089373990375e-01 
1.25288018433180e+00 1.24765764491547e+00 -2.41686804126870e-01 
1.26003949967084e+00 1.25464970457180e+00 -2.55925495050801e-01 
1.26719881500987e+00 1.26164109522267e+00 -2.70826149146568e-01 
1.27435813034891e+00 1.26863209904741e+00 -2.86409732278664e-01 
1.28151744568795e+00 1.27562301158996e+00 -3.02697468349004e-01 
1.28867676102699e+00 1.28261414163596e+00 -3.19710834312765e-01 
1.29583607636603e+00 1.28960581106823e+00 -3.37471555690751e-01 
1.30299539170507e+00 1.29659835470194e+00 -3.56001602610274e-01 
1.31015470704411e+00 1.30359212010065e+00 -3.75323186405732e-01 
1.31731402238315e+00 1.31058746737490e+00 -3.95458756803975e-01 
1.32447333772219e+00 1.31758476896446e+00 -4.16430999717036e-01 
1.33163265306122e+00 1.32458440940596e+00 -4.38262835660438e-01 
1.33879196840026e+00 1.33158678508715e+00 -4.60977418811246e-01 
1.34595128373930e+00 1.33859230398932e+00 -4.84598136716965e-01 
1.35311059907834e+00 1.34560138541923e+00 -5.09148610663019e-01 
1.36026991441738e+00 1.35261445973205e+00 -5.34652696701630e-01 
1.36742922975642e+00 1.35963196804655e+00 -5.61134487343396e-01 
1.37458854509546e+00 1.36665436195384e+00 -5.88618313909412e-01 
1.38174786043450e+00 1.37368210322099e+00 -6.17128749537590e-01 
1.38890717577354e+00 1.38071566349062e+00 -6.46690612836334e-01 
1.39606649111257e+00 1.38775552397758e+00 -6.77328972174400e-01 
1.40322580645161e+00 1.39480217516382e+00 -7.09069150594497e-01 
1.41038512179065e+00 1.40185611649230e+00 -7.41936731336474e-01 
1.41754443712969e+00 1.40891785606094e+00 -7.75957563952712e-01 
1.42470375246873e+00 1.41598791031719e+00 -8.11157770998981e-01 
1.43186306780777e+00 1.42306680375426e+00 -8.47563755279995e-01 
1.43902238314681e+00 1.43015506860920e+00 -8.85202207630961e-01 
1.44618169848585e+00 1.43725324456377e+00 -9.24100115211870e-01 
1.45334101382488e+00 1.44436187844822e+00 -9.64284770293598e-01 
1.46050032916392e+00 1.45148152394851e+00 -1.00578377951280e+00 
1.46765964450296e+00 1.45861274131723e+00 -1.04862507357172e+00 
1.47481895984200e+00 1.46575609708827e+00 -1.09283691736034e+00 
1.48197827518104e+00 1.47291216379553e+00 -1.13844792047622e+00 
1.48913759052008e+00 1.48008151969553e+00 -1.18548704811923e+00 
1.49629690585912e+00 1.48726474849394e+00 -1.23398363233670e+00 
1.50345622119816e+00 1.49446243907588e+00 -1.28396738359600e+00 
1.51061553653720e+00 1.50167518523978e+00 -1.33546840266163e+00 
1.51777485187623e+00 1.50890358543448e+00 -1.38851719275280e+00 
1.52493416721527e+00 1.51614824249929e+00 -1.44314467196015e+00 
1.53209348255431e+00 1.52340976340652e+00 -1.49938218589977e+00 
1.53925279789335e+00 1.53068875900599e+00 -1.55726152058120e+00 
1.54641211323239e+00 1.53798584377100e+00 -1.61681491547116e+00 
1.55357142857143e+00 1.54530163554519e+00 -1.67807507673031e+00 
1.56073074391047e+00 1.55263675528945e+00 -1.74107519060489e+00 
1.56789005924951e+00 1.55999182682831e+00 -1.80584893695264e+00 
1.57504937458854e+00 1.56736747659498e+00 -1.87243050288657e+00 
1.58220868992758e+00 1.57476433337401e+00 -1.94085459651694e+00 
1.58936800526662e+00 1.58218302804104e+00 -2.01115646077541e+00 
1.59652732060566e+00 1.58962419329816e+00 -2.08337188730447e+00 
1.60368663594470e+00 1.59708846340441e+00 -2.15753723039731e+00 
1.61084595128374e+00 1.60457647389986e+00 -2.23368942097231e+00 
1.61800526662278e+00 1.61208886132249e+00 -2.31186598056871e+00 
1.62516458196182e+00 1.61962626291649e+00 -2.39210503534915e+00 
1.63232389730086e+00 1.62718931633085e+00 -2.47444533009825e+00 
1.63948321263989e+00 1.63477865930688e+00 -2.55892624220274e+00 
1.64664252797893e+00 1.64239492935340e+00 -2.64558779560485e+00 
1.65380184331797e+00 1.65003876340812e+00 -2.73447067471688e+00 
1.66096115865701e+00 1.65771079748383e+00 -2.82561623828850e+00 
1.66812047399605e+00 1.66541166629795e+00 -2.91906653321805e+00 
1.67527978933509e+00 1.67314200288372e+00 -3.01486430830068e+00 
1.68243910467413e+00 1.68090243818168e+00 -3.11305302790572e+00 
1.68959842001317e+00 1.68869360060961e+00 -3.21367688557969e+00 
1.69675773535221e+00 1.69651611560927e+00 -3.31678081756772e+00 
1.70391705069124e+00 1.70437060516839e+00 -3.42241051625229e+00 
1.71107636603028e+00 1.71225768731579e+00 -3.53061244350558e+00 
1.71823568136932e+00 1.72017797558819e+00 -3.64143384395371e+00 
1.72539499670836e+00 1.72813207846651e+00 -3.75492275815426e+00 
1.73255431204740e+00 1.73612059878004e+00 -3.87112803568618e+00 
1.73971362738644e+00 1.74414413307638e+00 -3.99009934815592e+00 
1.74687294272548e+00 1.75220327095523e+00 -4.11188720212176e+00 
1.75403225806452e+00 1.76029859436412e+00 -4.23654295194236e+00 
1.76119157340355e+00 1.76843067685394e+00 -4.36411881255375e+00 
1.76835088874259e+00 1.77660008279236e+00 -4.49466787218365e+00 
1.77551020408163e+00 1.78480736653315e+00 -4.62824410500950e+00 
1.78266951942067e+00 1.79305307153917e+00 -4.76490238377058e+00 
1.78982883475971e+00 1.80133772945720e+00 -4.90469849234540e+00 
1.79698815009875e+00 1.80966185914255e+00 -5.04768913830298e+00 
1.80414746543779e+00 1.81802596563130e+00 -5.19393196544391e+00 
1.81130678077683e+00 1.82643053905846e+00 -5.34348556634173e+00 
1.81846609611587e+00 1.83487605351981e+00 -5.49640949489876e+00 
1.82562541145490e+00 1.84336296587575e+00 -5.65276427893163e+00 
1.83278472679394e+00 1.85189171449521e+00 -5.81261143279931e+00 
1.83994404213298e+00 1.86046271793777e+00 -5.97601347008929e+00 
1.84710335747202e+00 1.86907637357235e+00 -6.14303391637467e+00 
1.85426267281106e+00 1.87773305613084e+00 -6.31373732205690e+00 
1.86142198815010e+00 1.88643311619492e+00 -6.48818927530624e+00 
1.86858130348914e+00 1.89517687861480e+00 -6.66645641511065e+00 
1.87574061882818e+00 1.90396464085835e+00 -6.84860644444380e+00 
1.88289993416722e+00 1.91279667128933e+00 -7.03470814355864e+00 
1.89005924950625e+00 1.92167320737369e+00 -7.22483138341313e+00 
1.89721856484529e+00 1.93059445381264e+00 -7.41904713922808e+00 
1.90437788018433e+00 1.93956058060180e+00 -7.61742750417724e+00 
1.91153719552337e+00 1.94857172101534e+00 -7.82004570320361e+00 
1.91869651086241e+00 1.95762796951461e+00 -8.02697610695137e+00 
1.92585582620145e+00 1.96672937958058e+00 -8.23829424579892e+00 
1.93301514154049e+00 1.97587596146961e+00 -8.45407682397234e+00 
1.94017445687953e+00 1.98506767989223e+00 -8.67440173371102e+00 
1.94733377221856e+00 1.99430445161475e+00 -8.89934806945329e+00 
1.95449308755760e+00 2.00358614298344e+00 -9.12899614199952e+00 
1.96165240289664e+00 2.01291256737139e+00 -9.36342749260574e+00 
1.96881171823568e+00 2.02228348254813e+00 -9.60272490694781e+00 
1.97597103357472e+00 2.03169858797212e+00 -9.84697242889391e+00 
1.98313034891376e+00 2.04115752200633e+00 -1.00962553740070e+01 
1.99028966425280e+00 2.05065985905748e+00 -1.03506603426955e+01 
1.99744897959184e+00 2.06020510663898e+00 -1.06102752329156e+01 
2.00460829493088e+00 2.06979270235840e+00 -1.08751892523224e+01 
2.01176761026991e+00 2.07942201082962e+00 -1.11454929297541e+01 
2.01892692560895e+00 2.08909232051052e+00 -1.14212781259228e+01 
2.02608624094799e+00 2.09880284046652e+00 -1.17026380431792e+01 
2.03324555628703e+00 2.10855269706067e+00 -1.19896672341995e+01 
2.04040487162607e+00 2.11834093057098e+00 -1.22824616094410e+01 
2.04756418696511e+00 2.12816649173537e+00 -1.25811184431949e+01 
2.05472350230415e+00 2.13802823822517e+00 -1.28857363780612e+01 
2.06188281764319e+00 2.14792493104741e+00 -1.31964154276520e+01 
2.06904213298222e+00 2.15785523087705e+00 -1.35132569773278e+01 
2.07620144832126e+00 2.16781769431918e+00 -1.38363637827558e+01 
2.08336076366030e+00 2.17781077010244e+00 -1.41658399660721e+01 
2.09052007899934e+00 2.18783279520394e+00 -1.45017910094190e+01 
2.09767939433838e+00 2.19788199090657e+00 -1.48443237456237e+01 
2.10483870967742e+00 2.20795645878955e+00 -1.51935463457707e+01 
2.11199802501646e+00 2.21805417665288e+00 -1.55495683034175e+01 
2.11915734035550e+00 2.22817299437678e+00 -1.59125004151939e+01 
2.12631665569454e+00 2.23831062971720e+00 -1.62824547575167e+01 
2.13347597103357e+00 2.24846466403845e+00 -1.66595446591495e+01 
2.14063528637261e+00 2.25863253798453e+00 -1.70438846693292e+01 
2.14779460171165e+00 2.26881154709053e+00 -1.74355905211733e+01 
2.15495391705069e+00 2.27899883733607e+00 -1.78347790900850e+01 
2.16211323238973e+00 2.28919140064289e+00 -1.82415683468592e+01 
2.16927254772877e+00 2.29938607031882e+00 -1.86560773051978e+01 
2.17643186306781e+00 2.30957951645111e+00 -1.90784259633365e+01 
2.18359117840685e+00 2.31976824125216e+00 -1.95087352394813e+01 
2.19075049374589e+00 2.32994857436128e+00 -1.99471269007552e+01 
2.19790980908492e+00 2.34011666810653e+00 -2.03937234853517e+01 
2.20506912442396e+00 2.35026849273144e+00 -2.08486482175936e+01 
2.21222843976300e+00 2.36039983159146e+00 -2.13120249155940e+01 
2.21938775510204e+00 2.37050627632635e+00 -2.17839778912209e+01 
2.22654707044108e+00 2.38058322201459e+00 -2.22646318420628e+01 
2.23370638578012e+00 2.39062586231741e+00 -2.27541117351040e+01 
2.24086570111916e+00 2.40062918461992e+00 -2.32525426818133e+01 
2.24802501645820e+00 2.41058796517851e+00 -2.37600498043605e+01 
2.25518433179723e+00 2.42049676428367e+00 -2.42767580926756e+01 
2.26234364713627e+00 2.43034992144900e+00 -2.48027922520794e+01 
2.26950296247531e+00 2.44014155063750e+00 -2.53382765412114e+01 
2.27666227781435e+00 2.44986553553754e+00 -2.58833346000009e+01 
2.28382159315339e+00 2.45951552490172e+00 -2.64380892674278e+01 
2.29098090849243e+00 2.46908492796283e+00 -2.70026623888387e+01 
2.29814022383147e+00 2.47856690994219e+00 -2.75771746125912e+01 
2.30529953917051e+00 2.48795438766676e+00 -2.81617451758178e+01 
2.31245885450955e+00 2.49724002531220e+00 -2.87564916791159e+01 
2.31961816984858e+00 2.50641623029045e+00 -2.93615298499846e+01 
2.32677748518762e+00 2.51547514930136e+00 -2.99769732948596e+01 
2.33393680052666e+00 2.52440866456876e+00 -3.06029332396056e+01 
2.34109611586570e+00 2.53320839028291e+00 -3.12395182583601e+01 
2.34825543120474e+00 2.54186566927182e+00 -3.18868339906458e+01 
2.35541474654378e+00 2.55037156992525e+00 -3.25449828466945e+01 
2.36257406188282e+00 2.55871688339639e+00 -3.32140637009618e+01 
2.36973337722186e+00 2.56689212110670e+00 -3.38941715738393e+01 
2.37689269256090e+00 2.57488751258088e+00 -3.45853973016117e+01 
2.38405200789993e+00 2.58269300363957e+00 -3.52878271947441e+01 
2.39121132323897e+00 2.59029825497832e+00 -3.60015426846204e+01 
2.39837063857801e+00 2.59769264116211e+00 -3.67266199589064e+01 
2.40552995391705e+00 2.60486525006555e+00 -3.74631295857497e+01 
2.41268926925609e+00 2.61180488278946e+00 -3.82111361270819e+01 
2.41984858459513e+00 2.61850005408506e+00 -3.89706977413387e+01 
2.42700789993417e+00 2.62493899331756e+00 -3.97418657759666e+01 
2.43416721527321e+00 2.63110964600126e+00 -4.05246843501432e+01 
2.44132653061224e+00 2.63699967593855e+00 -4.13191899281980e+01 
2.44848584595128e+00 2.64259646799513e+00 -4.21254108842765e+01 
2.45564516129032e+00 2.64788713154423e+00 -4.29433670588604e+01 
2.46280447662936e+00 2.65285850461178e+00 -4.37730693078190e+01 
2.46996379196840e+00 2.65749715875477e+00 -4.46145190447291e+01 
2.47712310730744e+00 2.66178940470427e+00 -4.54677077772814e+01 
2.48428242264648e+00 2.66572129880397e+00 -4.63326166386474e+01 
2.49144173798552e+00 2.66927865027421e+00 -4.72092159147583e+01 
2.49860105332456e+00 2.67244702933087e+00 -4.80974645685213e+01 
2.50576036866359e+00 2.67521177618647e+00 -4.89973097620643e+01 
2.51291968400263e+00 2.67755801096039e+00 -4.99086863781743e+01 
2.52007899934167e+00 2.67947064452281e+00 -5.08315165421664e+01 
2.52723831468071e+00 2.68093439029532e+00 -5.17657091454907e+01 
2.53439763001975e+00 2.68193377702948e+00 -5.27111593724536e+01 
2.54155694535879e+00 2.68245316258170e+00 -5.36677482314903e+01 
2.54871626069783e+00 2.68247674870109e+00 -5.46353420925074e+01 
2.55587557603687e+00 2.68198859684352e+00 -5.56137922318526e+01 
2.56303489137591e+00 2.68097264502293e+00 -5.66029343865515e+01 
2.57019420671494e+00 2.67941272570733e+00 -5.76025883194896e+01 
2.57735352205398e+00 2.67729258476385e+00 -5.86125573972755e+01 
2.58451283739302e+00 2.67459590145357e+00 -5.96326281825686e+01 
2.59167215273206e+00 2.67130630947343e+00 -6.06625700426913e+01 
2.59883146807110e+00 2.66740741903827e+00 -6.17021347763864e+01 
2.60599078341014e+00 2.66288283999225e+00 -6.27510562605989e+01 
2.61315009874918e+00 2.65771620593480e+00 -6.38090501192004e+01 
2.62030941408822e+00 2.65189119934147e+00 -6.48758134155676e+01 
2.62746872942725e+00 2.64539157765613e+00 -6.59510243709556e+01 
2.63462804476629e+00 2.63820120032603e+00 -6.70343421105840e+01 
2.64178736010533e+00 2.63030405674666e+00 -6.81254064393630e+01 
2.64894667544437e+00 2.62168429507874e+00 -6.92238376491565e+01 
2.65610599078341e+00 2.61232625189466e+00 -7.03292363594542e+01 
2.66326530612245e+00 2.60221448260728e+00 -7.14411833932916e+01 
2.67042462146149e+00 2.59133379262878e+00 -7.25592396902055e+01 
2.67758393680053e+00 2.57966926920271e+00 -7.36829462579593e+01 
2.68474325213957e+00 2.56720631384796e+00 -7.48118241647046e+01 
2.69190256747860e+00 2.55393067534810e+00 -7.59453745731735e+01 
2.69906188281764e+00 2.53982848321573e+00 -7.70830788184034e+01 
2.70622119815668e+00 2.52488628155663e+00 -7.82243985304115e+01 
2.71338051349572e+00 2.50909106325457e+00 -7.93687758031190e+01 
2.72053982883476e+00 2.49243030439352e+00 -8.05156334107195e+01 
2.72769914417380e+00 2.47489199883012e+00 -8.16643750725645e+01 
2.73485845951284e+00 2.45646469282609e+00 -8.28143857674973e+01 
2.74201777485188e+00 2.43713751964640e+00 -8.39650320984372e+01 
2.74917709019092e+00 2.41690023402673e+00 -8.51156627078624e+01 
2.75633640552995e+00 2.39574324641030e+00 -8.62656087446830e+01 
2.76349572086899e+00 2.37365765685281e+00 -8.74141843828458e+01 
2.77065503620803e+00 2.35063528849123e+00 -8.85606873918280e+01 
2.77781435154707e+00 2.32666872047130e+00 -8.97043997590143e+01 
2.78497366688611e+00 2.30175132022731e+00 -9.08445883637754e+01 
2.79213298222515e+00 2.27587727500662e+00 -9.19805057028768e+01 
2.79929229756419e+00 2.24904162253145e+00 -9.31113906666735e+01 
2.80645161290323e+00 2.22124028069024e+00 -9.42364693653438e+01 
2.81361092824226e+00 2.19247007615153e+00 -9.53549560042451e+01 
2.82077024358130e+00 2.16272877179428e+00 -9.64660538072713e+01 
2.82792955892034e+00 2.13201509284998e+00 -9.75689559869159e+01 
2.83508887425938e+00 2.10032875165349e+00 -9.86628467595449e+01 
2.84224818959842e+00 2.06767047090249e+00 -9.97469024042115e+01 
2.84940750493746e+00 2.03404200532728e+00 -1.00820292363156e+02 
2.85656682027650e+00 1.99944616167682e+00 -1.01882180381961e+02 
2.86372613561554e+00 1.96388681692961e+00 -1.02931725687146e+02 
2.87088545095458e+00 1.92736893464285e+00 -1.03968084198853e+02 
2.87804476629361e+00 1.88989857935713e+00 -1.04990409776061e+02 
2.88520408163265e+00 1.85148292897904e+00 -1.05997855491670e+02 
2.89236339697169e+00 1.81213028506933e+00 -1.06989574934612e+02 
2.89952271231073e+00 1.77185008096954e+00 -1.07964723536016e+02 
2.90668202764977e+00 1.73065288770605e+00 -1.08922459916353e+02 
2.91384134298881e+00 1.68855041761683e+00 -1.09861947250325e+02 
2.92100065832785e+00 1.64555552565224e+00 -1.10782354646207e+02 
2.92815997366689e+00 1.60168220830838e+00 -1.11682858536206e+02 
2.93531928900592e+00 1.55694560015811e+00 -1.12562644074360e+02 
2.94247860434496e+00 1.51136196795222e+00 -1.13420906538397e+02 
2.94963791968400e+00 1.46494870227042e+00 -1.14256852731935e+02 
2.95679723502304e+00 1.41772430670941e+00 -1.15069702383347e+02 
2.96395655036208e+00 1.36970838460268e+00 -1.15858689537584e+02 
2.97111586570112e+00 1.32092162327475e+00 -1.16623063937232e+02 
2.97827518104016e+00 1.27138577583961e+00 -1.17362092389066e+02 
2.98543449637920e+00 1.22112364056173e+00 -1.18075060112371e+02 
2.99259381171824e+00 1.17015903780487e+00 -1.18761272065330e+02 
2.99975312705727e+00 1.11851678460231e+00 -1.19420054245796e+02 
3.00691244239631e+00 1.06622266688934e+00 -1.20050754962808e+02 
3.01407175773535e+00 1.01330340944658e+00 -1.20652746075314e+02 
3.02123107307439e+00 9.59786643609916e-01 -1.21225424194551e+02 
3.02839038841343e+00 9.05700872810337e-01 -1.21768211846717e+02 
3.03554970375247e+00 8.51075436013808e-01 -1.22280558592576e+02 
3.04270901909151e+00 7.95940469138310e-01 -1.22761942100815e+02 
3.04986833443055e+00 7.40326864531622e-01 -1.23211869172044e+02 
3.05702764976958e+00 6.84266228600044e-01 -1.23629876710479e+02 
3.06418696510862e+00 6.27790837684053e-01 -1.24015532640513e+02 
3.07134628044766e+00 5.70933592282888e-01 -1.24368436765468e+02 
3.07850559578670e+00 5.13727969735322e-01 -1.24688221566068e+02 
3.08566491112574e+00 4.56207975469067e-01 -1.24974552936259e+02 
3.09282422646478e+00 3.98408092936025e-01 -1.25227130854241e+02 
3.09998354180382e+00 3.40363232354764e-01 -1.25445689986731e+02 
3.10714285714286e+00 2.82108678385787e-01 -1.25630000224687e+02 
