Data Format: k_val_normalized w_real_normalized w_imag 
num_pts 690 
0.00000000000000e+00 -3.70744382841712e-17 1.08714108059191e-15 
4.55205172186304e-03 4.55205172182071e-03 -3.35045975534410e-14 
9.10410344372608e-03 9.10410344237185e-03 -2.48656469828539e-12 
1.36561551655891e-02 1.36561551553297e-02 -2.82796955832663e-11 
1.82082068874522e-02 1.82082068443576e-02 -1.58487904674651e-10 
2.27602586093152e-02 2.27602584783420e-02 -6.02589683324597e-10 
2.73123103311783e-02 2.73123100069130e-02 -1.79217458491798e-09 
3.18643620530413e-02 3.18643613563383e-02 -4.49790864060202e-09 
3.64164137749043e-02 3.64164124258734e-02 -9.96763285025783e-09 
4.09684654967674e-02 4.09684630846425e-02 -2.00825415839100e-08 
4.55205172186304e-02 4.55205131691173e-02 -3.75278510329989e-08 
5.00725689404935e-02 5.00725624812486e-02 -6.59747702012177e-08 
5.46246206623565e-02 5.46246107873003e-02 -1.10269064570657e-07 
5.91766723842196e-02 5.91766578174150e-02 -1.76622138999904e-07 
6.37287241060826e-02 6.37287032659407e-02 -2.72800174864357e-07 
6.82807758279456e-02 6.82807467925163e-02 -4.08306032166385e-07 
7.28328275498087e-02 7.28327880239248e-02 -5.94549565808996e-07 
7.73848792716717e-02 7.73848265566795e-02 -8.45001038868705e-07 
8.19369309935348e-02 8.19368619603266e-02 -1.17532294462082e-06 
8.64889827153978e-02 8.64888937813999e-02 -1.60347544085757e-06 
9.10410344372608e-02 9.10409215479786e-02 -2.14979063525992e-06 
9.55930861591239e-02 9.55929447747688e-02 -2.83701161517021e-06 
1.00145137880987e-01 1.00144962968615e-01 -3.69029198142408e-06 
1.04697189602850e-01 1.04696975634350e-01 -4.73715246055822e-06 
1.09249241324713e-01 1.09248982280861e-01 -6.00739120916542e-06 
1.13801293046576e-01 1.13800982427254e-01 -7.53294530267441e-06 
1.18353344768439e-01 1.18352975608982e-01 -9.34770145868770e-06 
1.22905396490302e-01 1.22904961383794e-01 -1.14872542015176e-05 
1.27457448212165e-01 1.27456939337357e-01 -1.39886111535990e-05 
1.32009499934028e-01 1.32008909088401e-01 -1.68898451045931e-05 
1.36561551655891e-01 1.36560870293231e-01 -2.02296938529268e-05 
1.41113603377754e-01 1.41112822649435e-01 -2.40471090952716e-05 
1.45665655099617e-01 1.45664765898653e-01 -2.83807569558732e-05 
1.50217706821480e-01 1.50216699828229e-01 -3.32684731521315e-05 
1.54769758543343e-01 1.54768624271609e-01 -3.87466768845498e-05 
1.59321810265207e-01 1.59320539107337e-01 -4.48497480591960e-05 
1.63873861987070e-01 1.63872444256500e-01 -5.16093736955132e-05 
1.68425913708933e-01 1.68424339678527e-01 -5.90538697622852e-05 
1.72977965430796e-01 1.72976225365185e-01 -6.72074855974780e-05 
1.77530017152659e-01 1.77528101332706e-01 -7.60896985686415e-05 
1.82082068874522e-01 1.82079967611954e-01 -8.57145077877326e-05 
1.86634120596385e-01 1.86631824236557e-01 -9.60897356036614e-05 
1.91186172318248e-01 1.91183671228964e-01 -1.07216346724199e-04 
1.95738224040111e-01 1.95735508584408e-01 -1.19087794673959e-04 
2.00290275761974e-01 2.00287336252769e-01 -1.31689406379204e-04 
2.04842327483837e-01 2.04839154118352e-01 -1.44997815156801e-04 
2.09394379205700e-01 2.09390961977644e-01 -1.58980453081664e-04 
2.13946430927563e-01 2.13942759515110e-01 -1.73595113727104e-04 
2.18498482649426e-01 2.18494546277125e-01 -1.88789595834865e-04 
2.23050534371289e-01 2.23046321644193e-01 -2.04501438818564e-04 
2.27602586093152e-01 2.27598084801568e-01 -2.20657760411304e-04 
2.32154637815015e-01 2.32149834708499e-01 -2.37175206318164e-04 
2.36706689536878e-01 2.36701570066277e-01 -2.53960021667622e-04 
2.41258741258741e-01 2.41253289285337e-01 -2.70908252549644e-04 
2.45810792980604e-01 2.45804990451657e-01 -2.87906086228215e-04 
2.50362844702467e-01 2.50356671292765e-01 -3.04830336756321e-04 
2.54914896424330e-01 2.54908329143634e-01 -3.21549082194626e-04 
2.59466948146193e-01 2.59459960912804e-01 -3.37922458627075e-04 
2.64018999868056e-01 2.64011563049092e-01 -3.53803614317696e-04 
2.68571051589920e-01 2.68563131509223e-01 -3.69039826688553e-04 
2.73123103311783e-01 2.73114661726810e-01 -3.83473782770177e-04 
2.77675155033646e-01 2.77666148583012e-01 -3.96945022674082e-04 
2.82227206755509e-01 2.82217586379332e-01 -4.09291543509171e-04 
2.86779258477372e-01 2.86768968812913e-01 -4.20351559970711e-04 
2.91331310199235e-01 2.91320288954776e-01 -4.29965415774673e-04 
2.95883361921098e-01 2.95871539231365e-01 -4.37977637944544e-04 
3.00435413642961e-01 3.00422711409845e-01 -4.44239125089548e-04 
3.04987465364824e-01 3.04973796587507e-01 -4.48609457610549e-04 
3.09539517086687e-01 3.09524785185671e-01 -4.50959317147358e-04 
3.14091568808550e-01 3.14075666948442e-01 -4.51172999738067e-04 
3.18643620530413e-01 3.18626430946658e-01 -4.49151005912640e-04 
3.23195672252276e-01 3.23177065587333e-01 -4.44812688884149e-04 
3.27747723974139e-01 3.27727558628868e-01 -4.38098940318452e-04 
3.32299775696002e-01 3.32277897202286e-01 -4.28974891646866e-04 
3.36851827417865e-01 3.36828067838670e-01 -4.17432607156101e-04 
3.41403879139728e-01 3.41378056502979e-01 -4.03493743983906e-04 
3.45955930861591e-01 3.45927848634336e-01 -3.87212152535874e-04 
3.50507982583454e-01 3.50477429192857e-01 -3.68676390086499e-04 
3.55060034305317e-01 3.55026782713010e-01 -3.48012119436629e-04 
3.59612086027180e-01 3.59575893363452e-01 -3.25384363425496e-04 
3.64164137749043e-01 3.64124745013241e-01 -3.00999586177200e-04 
3.68716189470906e-01 3.68673321304200e-01 -2.75107571347727e-04 
3.73268241192769e-01 3.73221605729245e-01 -2.48003067932728e-04 
3.77820292914632e-01 3.77769581716315e-01 -2.20027174204021e-04 
3.82372344636496e-01 3.82317232717559e-01 -1.91568431233718e-04 
3.86924396358359e-01 3.86864542303313e-01 -1.63063598019980e-04 
3.91476448080222e-01 3.91411494260372e-01 -1.34998081553952e-04 
3.96028499802085e-01 3.95958072693981e-01 -1.07905996681618e-04 
4.00580551523948e-01 4.00504262132883e-01 -8.23698315157615e-05 
4.05132603245811e-01 4.05050047636764e-01 -5.90196976859615e-05 
4.09684654967674e-01 4.09595414905297e-01 -3.85321451622352e-05 
4.14236706689537e-01 4.14140350388002e-01 -2.16285252862798e-05 
4.18788758411400e-01 4.18684841394058e-01 -9.07288760729844e-06 
4.23340810133263e-01 4.23228876201136e-01 -1.66939943363946e-06 
4.27892861855126e-01 4.27772444162349e-01 -2.59280033435302e-07 
4.32444913576989e-01 4.32315535810299e-01 -5.71724525157601e-06 
4.36996965298852e-01 4.36858142957240e-01 -1.89474610564899e-05 
4.41549017020715e-01 4.41400258790327e-01 -4.08790089584363e-05 
4.46101068742578e-01 4.45941877960887e-01 -7.24608701121852e-05 
4.50653120464441e-01 4.50482996666694e-01 -1.14656438036084e-04 
4.55205172186304e-01 4.55023612726171e-01 -1.68437574930113e-04 
4.59757223908167e-01 4.59563725643498e-01 -2.34778229831251e-04 
4.64309275630030e-01 4.64103336663576e-01 -3.14647641439810e-04 
4.68861327351893e-01 4.68642448815877e-01 -4.09003152061277e-04 
4.73413379073756e-01 4.73181066946166e-01 -5.18782663632289e-04 
4.77965430795619e-01 4.77719197735186e-01 -6.44896770254486e-04 
4.82517482517482e-01 4.82256849703404e-01 -7.88220605980627e-04 
4.87069534239346e-01 4.86794033200974e-01 -9.49585450079543e-04 
4.91621585961209e-01 4.91330760382139e-01 -1.12977013589420e-03 
4.96173637683072e-01 4.95867045163346e-01 -1.32949231284619e-03 
5.00725689404935e-01 5.00402903164447e-01 -1.54939961452672e-03 
5.05277741126798e-01 5.04938351632383e-01 -1.79006078885609e-03 
5.09829792848661e-01 5.09473409346902e-01 -2.05195684989835e-03 
5.14381844570524e-01 5.14008096507891e-01 -2.33547231289870e-03 
5.18933896292387e-01 5.18542434604025e-01 -2.64088657744534e-03 
5.23485948014250e-01 5.23076446262545e-01 -2.96836552594619e-03 
5.28037999736113e-01 5.27610155080055e-01 -3.31795340633913e-03 
5.32590051457976e-01 5.32143585434368e-01 -3.68956507067370e-03 
5.37142103179839e-01 5.36676762277525e-01 -4.08297864200435e-03 
5.41694154901702e-01 5.41209710910252e-01 -4.49782868471085e-03 
5.46246206623565e-01 5.45742456738246e-01 -4.93359995275116e-03 
5.50798258345428e-01 5.50275025010785e-01 -5.38962179326831e-03 
5.55350310067291e-01 5.54807440542352e-01 -5.86506328156714e-03 
5.59902361789154e-01 5.59339727418047e-01 -6.35892916516891e-03 
5.64454413511017e-01 5.63871908683757e-01 -6.87005669335653e-03 
5.69006465232880e-01 5.68404006022187e-01 -7.39711340858862e-03 
5.73558516954743e-01 5.72936039416013e-01 -7.93859597478916e-03 
5.78110568676606e-01 5.77468026799612e-01 -8.49283011608332e-03 
5.82662620398469e-01 5.81999983700963e-01 -9.05797173691102e-03 
5.87214672120332e-01 5.86531922875492e-01 -9.63200929231328e-03 
5.91766723842196e-01 5.91063853933849e-01 -1.02127674730837e-02 
5.96318775564059e-01 5.95595782965753e-01 -1.07979122665008e-02 
6.00870827285922e-01 6.00127712162213e-01 -1.13849574484679e-02 
6.05422879007785e-01 6.04659639438667e-01 -1.19712725560466e-02 
6.09974930729648e-01 6.09191558061726e-01 -1.25540923843426e-02 
6.14526982451511e-01 6.13723456282385e-01 -1.31305280413899e-02 
6.19079034173374e-01 6.18255316978773e-01 -1.36975795880735e-02 
6.23631085895237e-01 6.22787117311633e-01 -1.42521502780111e-02 
6.28183137617100e-01 6.27318828395915e-01 -1.47910624031985e-02 
6.32735189338963e-01 6.31850414991971e-01 -1.53110747367303e-02 
6.37287241060826e-01 6.36381835219988e-01 -1.58089015521849e-02 
6.41839292782689e-01 6.40913040301362e-01 -1.62812331834343e-02 
6.46391344504552e-01 6.45443974330804e-01 -1.67247580734401e-02 
6.50943396226415e-01 6.49974574083002e-01 -1.71361862434768e-02 
6.55495447948278e-01 6.54504768857638e-01 -1.75122740967051e-02 
6.60047499670141e-01 6.59034480366567e-01 -1.78498504511786e-02 
6.64599551392004e-01 6.63563622666815e-01 -1.81458436785998e-02 
6.69151603113867e-01 6.68092102142973e-01 -1.83973098050709e-02 
6.73703654835730e-01 6.72619817542323e-01 -1.86014614107152e-02 
6.78255706557593e-01 6.77146660065840e-01 -1.87556971452531e-02 
6.82807758279456e-01 6.81672513517850e-01 -1.88576316573831e-02 
6.87359810001319e-01 6.86197254516815e-01 -1.89051257173232e-02 
6.91911861723182e-01 6.90720752769229e-01 -1.88963162950567e-02 
6.96463913445046e-01 6.95242871408210e-01 -1.88296463402865e-02 
7.01015965166909e-01 6.99763467397736e-01 -1.87038939970382e-02 
7.05568016888772e-01 7.04282392002955e-01 -1.85182009743952e-02 
7.10120068610635e-01 7.08799491326311e-01 -1.82720997853092e-02 
7.14672120332498e-01 7.13314606908599e-01 -1.79655395617070e-02 
7.19224172054361e-01 7.17827576393272e-01 -1.75989101492182e-02 
7.23776223776224e-01 7.22338234251688e-01 -1.71730641896110e-02 
7.28328275498087e-01 7.26846412566151e-01 -1.66893369020828e-02 
7.32880327219950e-01 7.31351941866912e-01 -1.61495632851505e-02 
7.37432378941813e-01 7.35854652018579e-01 -1.55560924754330e-02 
7.41984430663676e-01 7.40354373150625e-01 -1.49117990153520e-02 
7.46536482385539e-01 7.44850936626122e-01 -1.42200908064816e-02 
7.51088534107402e-01 7.49344176042143e-01 -1.34849135482522e-02 
7.55640585829265e-01 7.53833928254838e-01 -1.27107514926583e-02 
7.60192637551128e-01 7.58320034421648e-01 -1.19026243768881e-02 
7.64744689272991e-01 7.62802341052858e-01 -1.10660804299513e-02 
7.69296740994854e-01 7.67280701064384e-01 -1.02071853865978e-02 
7.73848792716717e-01 7.71754974823564e-01 -9.33250747885804e-03 
7.78400844438580e-01 7.76225031179684e-01 -8.44909841361443e-03 
7.82952896160443e-01 7.80690748471021e-01 -7.56447038279445e-03 
7.87504947882306e-01 7.85152015500419e-01 -6.68656918934626e-03 
7.92056999604169e-01 7.89608732471670e-01 -5.82374360795133e-03 
7.96609051326032e-01 7.94060811879315e-01 -4.98471113153260e-03 
8.01161103047896e-01 7.98508179345070e-01 -4.17852028513937e-03 
8.05713154769759e-01 8.02950774394500e-01 -3.41450971588894e-03 
8.10265206491621e-01 8.07388551168255e-01 -2.70226428775154e-03 
8.14817258213484e-01 8.11821479062814e-01 -2.05156843222338e-03 
8.19369309935348e-01 8.16249543296380e-01 -1.47235701542735e-03 
8.23921361657211e-01 8.20672745396248e-01 -9.74663994361539e-04 
8.28473413379074e-01 8.25091103604699e-01 -5.68569138121962e-04 
8.33025465100937e-01 8.29504653201134e-01 -2.64143091098741e-04 
8.37577516822800e-01 8.33913446738806e-01 -7.13910494523330e-05 
8.42129568544663e-01 8.38317554195113e-01 -1.95316222970785e-07 
8.46681620266526e-01 8.42717063034953e-01 -6.02569870911455e-05 
8.51233671988389e-01 8.47112078187085e-01 -2.61037006161504e-04 
8.55785723710252e-01 8.51502721933846e-01 -6.11696812811048e-04 
8.60337775432115e-01 8.55889133714824e-01 -1.12103878300183e-03 
8.64889827153978e-01 8.60271469845331e-01 -1.79744664945093e-03 
8.69441878875841e-01 8.64649903150577e-01 -2.64882606302947e-03 
8.73993930597704e-01 8.69024622516428e-01 -3.68254544014931e-03 
8.78545982319567e-01 8.73395832357591e-01 -4.90537722047063e-03 
8.83098034041430e-01 8.77763752003790e-01 -6.32343964200035e-03 
8.87650085763293e-01 8.82128615004229e-01 -7.94213912680223e-03 
8.92202137485156e-01 8.86490668350288e-01 -9.76611335715216e-03 
8.96754189207019e-01 8.90850171615860e-01 -1.17991751135377e-02 
9.01306240928882e-01 8.95207396014255e-01 -1.40442569412037e-02 
9.05858292650745e-01 8.99562623369977e-01 -1.65033567140187e-02 
9.10410344372608e-01 9.03916145002993e-01 -1.91774841673392e-02 
9.14962396094471e-01 9.08268260522470e-01 -2.20666084856717e-02 
9.19514447816335e-01 9.12619276526182e-01 -2.51696070473338e-02 
9.24066499538198e-01 9.16969505201084e-01 -2.84842154552885e-02 
9.28618551260061e-01 9.21319262819832e-01 -3.20069790158467e-02 
9.33170602981924e-01 9.25668868127328e-01 -3.57332058678168e-02 
9.37722654703787e-01 9.30018640610724e-01 -3.96569220157782e-02 
9.42274706425650e-01 9.34368898645808e-01 -4.37708285818623e-02 
9.46826758147513e-01 9.38719957512245e-01 -4.80662616567260e-02 
9.51378809869376e-01 9.43072127269867e-01 -5.25331552151421e-02 
9.55930861591239e-01 9.47425710488166e-01 -5.71600076469853e-02 
9.60482913313102e-01 9.51780999821351e-01 -6.19338525583545e-02 
9.65034965034965e-01 9.56138275421755e-01 -6.68402346070716e-02 
9.69587016756828e-01 9.60497802185383e-01 -7.18631912575535e-02 
9.74139068478691e-01 9.64859826824608e-01 -7.69852414680740e-02 
9.78691120200554e-01 9.69224574764968e-01 -8.21873824607670e-02 
9.83243171922417e-01 9.73592246865460e-01 -8.74490958619733e-02 
9.87795223644280e-01 9.77963015964900e-01 -9.27483646439631e-02 
9.92347275366143e-01 9.82337023260928e-01 -9.80617024343686e-02 
9.96899327088006e-01 9.86714374533015e-01 -1.03364196888228e-01 
1.00145137880987e+00 9.91095136226653e-01 -1.08629568929752e-01 
1.00600343053173e+00 9.95479331422678e-01 -1.13830249757089e-01 
1.01055548225360e+00 9.99866935723477e-01 -1.18937477556094e-01 
1.01510753397546e+00 1.00425787309659e+00 -1.23921415872351e-01 
1.01965958569732e+00 1.00865201172603e+00 -1.28751295539106e-01 
1.02421163741918e+00 1.01304915993220e+00 -1.33395581925420e-01 
1.02876368914105e+00 1.01744906223223e+00 -1.37822169054539e-01 
1.03331574086291e+00 1.02185139562423e+00 -1.41998601817691e-01 
1.03786779258477e+00 1.02625576619002e+00 -1.45892327071128e-01 
1.04241984430664e+00 1.03066170612124e+00 -1.49470973836189e-01 
1.04697189602850e+00 1.03506867128343e+00 -1.52702662120399e-01 
1.05152394775036e+00 1.03947603943894e+00 -1.55556339040364e-01 
1.05607599947223e+00 1.04388310925414e+00 -1.58002139961890e-01 
1.06062805119409e+00 1.04828910021613e+00 -1.60011771296548e-01 
1.06518010291595e+00 1.05269315357951e+00 -1.61558910437688e-01 
1.06973215463781e+00 1.05709433445354e+00 -1.62619617116822e-01 
1.07428420635968e+00 1.06149163512331e+00 -1.63172749281228e-01 
1.07883625808154e+00 1.06588397967550e+00 -1.63200375481880e-01 
1.08338830980340e+00 1.07027022996947e+00 -1.62688174810218e-01 
1.08794036152527e+00 1.07464919295849e+00 -1.61625814699287e-01 
1.09249241324713e+00 1.07901962932505e+00 -1.60007296490584e-01 
1.09704446496899e+00 1.08338026334928e+00 -1.57831258636886e-01 
1.10159651669086e+00 1.08772979388334e+00 -1.55101227808723e-01 
1.10614856841272e+00 1.09206690625899e+00 -1.51825809036739e-01 
1.11070062013458e+00 1.09639028491382e+00 -1.48018807353500e-01 
1.11525267185645e+00 1.10069862648550e+00 -1.43699275157923e-01 
1.11980472357831e+00 1.10499065309673e+00 -1.38891481657742e-01 
1.12435677530017e+00 1.10926512553745e+00 -1.33624803142902e-01 
1.12890882702203e+00 1.11352085604728e+00 -1.27933535380954e-01 
1.13346087874390e+00 1.11775672041052e+00 -1.21856631970091e-01 
1.13801293046576e+00 1.12197166909842e+00 -1.15437374882360e-01 
1.14256498218762e+00 1.12616473722696e+00 -1.08722985549046e-01 
1.14711703390949e+00 1.13033505314186e+00 -1.01764186559677e-01 
1.15166908563135e+00 1.13448184549261e+00 -9.46147252849356e-02 
1.15622113735321e+00 1.13860444871145e+00 -8.73308714366144e-02 
1.16077318907508e+00 1.14270230686776e+00 -7.99709007405093e-02 
1.16532524079694e+00 1.14677497592102e+00 -7.25945765426226e-02 
1.16987729251880e+00 1.15082212444296e+00 -6.52626403590140e-02 
1.17442934424066e+00 1.15484353292016e+00 -5.80363211962991e-02 
1.17898139596253e+00 1.15883909178088e+00 -5.09768720145244e-02 
1.18353344768439e+00 1.16280879831356e+00 -4.41451400765385e-02 
1.18808549940625e+00 1.16675275265888e+00 -3.76011762361266e-02 
1.19263755112812e+00 1.17067115306359e+00 -3.14038865419654e-02 
1.19718960284998e+00 1.17456429058309e+00 -2.56107279586326e-02 
1.20174165457184e+00 1.17843254341241e+00 -2.02774485834016e-02 
1.20629370629371e+00 1.18227637101269e+00 -1.54578715007106e-02 
1.21084575801557e+00 1.18609630818465e+00 -1.12037204005213e-02 
1.21539780973743e+00 1.18989295922268e+00 -7.56448427469734e-03 
1.21994986145930e+00 1.19366699226409e+00 -4.58731791382637e-03 
1.22450191318116e+00 1.19741913392919e+00 -2.31697451659316e-03 
1.22905396490302e+00 1.20115016432989e+00 -7.95766488384104e-04 
1.23360601662488e+00 1.20486091250768e+00 -6.35504057136010e-05 
1.23815806834675e+00 1.20855225234668e+00 -1.57732140903835e-04 
1.24271012006861e+00 1.21222509899486e+00 -1.11328823917418e-03 
1.24726217179047e+00 1.21588040581534e+00 -2.96279980089399e-03 
1.25181422351234e+00 1.21951916188096e+00 -5.73649531697073e-03 
1.25636627523420e+00 1.22314239001863e+00 -9.46229911497341e-03 
1.26091832695606e+00 1.22675114540492e+00 -1.41658822832552e-02 
1.26547037867793e+00 1.23034651471135e+00 -1.98707131290655e-02 
1.27002243039979e+00 1.23392961579583e+00 -2.65981043910459e-02 
1.27457448212165e+00 1.23750159793676e+00 -3.43672545425474e-02 
1.27912653384351e+00 1.24106364260670e+00 -4.31952805959033e-02 
1.28367858556538e+00 1.24461696478475e+00 -5.30972398251853e-02 
1.28823063728724e+00 1.24816281480882e+00 -6.40861377677125e-02 
1.29278268900910e+00 1.25170248077299e+00 -7.61729197246546e-02 
1.29733474073097e+00 1.25523729147830e+00 -8.93664427556568e-02 
1.30188679245283e+00 1.25876861994990e+00 -1.03673424825724e-01 
1.30643884417469e+00 1.26229788753797e+00 -1.19098367309078e-01 
1.31099089589656e+00 1.26582656862392e+00 -1.35643446453912e-01 
1.31554294761842e+00 1.26935619595808e+00 -1.53308368640117e-01 
1.32009499934028e+00 1.27288836665826e+00 -1.72090183280480e-01 
1.32464705106215e+00 1.27642474890156e+00 -1.91983045984817e-01 
1.32919910278401e+00 1.27996708934221e+00 -2.12977923062384e-01 
1.33375115450587e+00 1.28351722128641e+00 -2.35062226513162e-01 
1.33830320622773e+00 1.28707707364874e+00 -2.58219366262632e-01 
1.34285525794960e+00 1.29064868070172e+00 -2.82428203411339e-01 
1.34740730967146e+00 1.29423419260782e+00 -3.07662384565491e-01 
1.35195936139332e+00 1.29783588668613e+00 -3.33889532707511e-01 
1.35651141311519e+00 1.30145617930844e+00 -3.61070264365034e-01 
1.36106346483705e+00 1.30509763823066e+00 -3.89156995782621e-01 
1.36561551655891e+00 1.30876299503236e+00 -4.18092492149816e-01 
1.37016756828078e+00 1.31245515713801e+00 -4.47808103402845e-01 
1.37471962000264e+00 1.31617721859945e+00 -4.78221617483216e-01 
1.37927167172450e+00 1.31993246838622e+00 -5.09234647144744e-01 
1.38382372344636e+00 1.32372439429765e+00 -5.40729449734519e-01 
1.38837577516823e+00 1.32755667969054e+00 -5.72565061882260e-01 
1.39292782689009e+00 1.33143318888692e+00 -6.04572615167375e-01 
1.39747987861195e+00 1.33535793522543e+00 -6.36549689669513e-01 
1.40203193033382e+00 1.33933502303777e+00 -6.68253569555658e-01 
1.40658398205568e+00 1.34336855112991e+00 -6.99393306175304e-01 
1.41113603377754e+00 1.34746246041265e+00 -7.29620600236811e-01 
1.41568808549941e+00 1.35162030212041e+00 -7.58519736398241e-01 
1.42024013722127e+00 1.35584489606409e+00 -7.85597220117948e-01 
1.42479218894313e+00 1.36013784226424e+00 -8.10272488950963e-01 
1.42934424066500e+00 1.36449884818059e+00 -8.31872226816246e-01 
1.43389629238686e+00 1.36892484575244e+00 -8.49632479079950e-01 
1.43844834410872e+00 1.37340891123813e+00 -8.62714805142182e-01 
1.44300039583058e+00 1.37793908386403e+00 -8.70244414352437e-01 
1.44755244755245e+00 1.38249731716857e+00 -8.71377932849849e-01 
1.45210449927431e+00 1.38705896705427e+00 -8.65403440051069e-01 
1.45665655099617e+00 1.39159333163390e+00 -8.51863344779994e-01 
1.46120860271804e+00 1.39606564925166e+00 -8.30673169391689e-01 
1.46576065443990e+00 1.40044050967191e+00 -8.02195697748932e-01 
1.47031270616176e+00 1.40468595706770e+00 -7.67234347786834e-01 
1.47486475788363e+00 1.40877708677057e+00 -7.26937698051582e-01 
1.47941680960549e+00 1.41269807598415e+00 -6.82644374914880e-01 
1.48396886132735e+00 1.41644229339602e+00 -6.35718674371070e-01 
1.48852091304921e+00 1.42001089897617e+00 -5.87420371098511e-01 
1.49307296477108e+00 1.42341071495883e+00 -5.38827879513247e-01 
1.49762501649294e+00 1.42665206918946e+00 -4.90811030408098e-01 
1.50217706821480e+00 1.42974701672774e+00 -4.44038282910816e-01 
1.50672911993667e+00 1.43270806593376e+00 -3.99002231233606e-01 
1.51128117165853e+00 1.43554736686068e+00 -3.56051418942607e-01 
1.51583322338039e+00 1.43827625456634e+00 -3.15421407007124e-01 
1.52038527510226e+00 1.44090503591228e+00 -2.77261817980335e-01 
1.52493732682412e+00 1.44344292954156e+00 -2.41658386705976e-01 
1.52948937854598e+00 1.44589809456191e+00 -2.08650226371854e-01 
1.53404143026785e+00 1.44827770550502e+00 -1.78242998533965e-01 
1.53859348198971e+00 1.45058804732158e+00 -1.50418784334000e-01 
1.54314553371157e+00 1.45283461509370e+00 -1.25143393660684e-01 
1.54769758543343e+00 1.45502221011102e+00 -1.02371728778152e-01 
1.55224963715530e+00 1.45715502820583e+00 -8.20516914702706e-02 
1.55680168887716e+00 1.45923673873142e+00 -6.41270096470135e-02 
1.56135374059902e+00 1.46127055395764e+00 -4.85392669431095e-02 
1.56590579232089e+00 1.46325928938359e+00 -3.52293466577382e-02 
1.57045784404275e+00 1.46520541580265e+00 -2.41384464721976e-02 
1.57500989576461e+00 1.46711110406946e+00 -1.52087792862847e-02 
1.57956194748648e+00 1.46897826351277e+00 -8.38404503255319e-03 
1.58411399920834e+00 1.47080857487274e+00 -3.60973585853586e-03 
1.58866605093020e+00 1.47260351854988e+00 -8.33320538767168e-04 
1.59321810265206e+00 1.47436439885494e+00 -4.34183645303676e-06 
1.59777015437393e+00 1.47609236485452e+00 -1.07445161738649e-03 
1.60232220609579e+00 1.47778842832086e+00 -3.99740195195426e-03 
1.60687425781765e+00 1.47945347921762e+00 -8.72900561378742e-03 
1.61142630953952e+00 1.48108829908714e+00 -1.52270758159467e-02 
1.61597836126138e+00 1.48269357264807e+00 -2.34513523939661e-02 
1.62053041298324e+00 1.48426989786387e+00 -3.33634196963501e-02 
1.62508246470511e+00 1.48581779470214e+00 -4.49266200024655e-02 
1.62963451642697e+00 1.48733771277056e+00 -5.81059652140005e-02 
1.63418656814883e+00 1.48883003798637e+00 -7.28680487805233e-02 
1.63873861987070e+00 1.49029509841238e+00 -8.91809592276619e-02 
1.64329067159256e+00 1.49173316937222e+00 -1.07014196223108e-01 
1.64784272331442e+00 1.49314447794060e+00 -1.26338589800310e-01 
1.65239477503628e+00 1.49452920688997e+00 -1.47126223118176e-01 
1.65694682675815e+00 1.49588749816320e+00 -1.69350358968834e-01 
1.66149887848001e+00 1.49721945593151e+00 -1.92985370120100e-01 
1.66605093020187e+00 1.49852514928851e+00 -2.18006673490648e-01 
1.67060298192374e+00 1.49980461462390e+00 -2.44390668093627e-01 
1.67515503364560e+00 1.50105785771412e+00 -2.72114676645626e-01 
1.67970708536746e+00 1.50228485556232e+00 -3.01156890705186e-01 
1.68425913708933e+00 1.50348555801499e+00 -3.31496319195062e-01 
1.68881118881119e+00 1.50465988917951e+00 -3.63112740148443e-01 
1.69336324053305e+00 1.50580774866286e+00 -3.95986655520304e-01 
1.69791529225491e+00 1.50692901264936e+00 -4.30099248907180e-01 
1.70246734397678e+00 1.50802353483271e+00 -4.65432346021061e-01 
1.70701939569864e+00 1.50909114721554e+00 -5.01968377772648e-01 
1.71157144742050e+00 1.51013166078765e+00 -5.39690345828046e-01 
1.71612349914237e+00 1.51114486609278e+00 -5.78581790511121e-01 
1.72067555086423e+00 1.51213053369204e+00 -6.18626760936715e-01 
1.72522760258609e+00 1.51308841453102e+00 -6.59809787269606e-01 
1.72977965430796e+00 1.51401824021653e+00 -7.02115855015646e-01 
1.73433170602982e+00 1.51491972320769e+00 -7.45530381265741e-01 
1.73888375775168e+00 1.51579255692533e+00 -7.90039192822158e-01 
1.74343580947355e+00 1.51663641578284e+00 -8.35628506152684e-01 
1.74798786119541e+00 1.51745095514071e+00 -8.82284909128356e-01 
1.75253991291727e+00 1.51823581118636e+00 -9.29995344515872e-01 
1.75709196463913e+00 1.51899060074013e+00 -9.78747095209348e-01 
1.76164401636100e+00 1.51971492098769e+00 -1.02852777120012e+00 
1.76619606808286e+00 1.52040834913832e+00 -1.07932529830024e+00 
1.77074811980472e+00 1.52107044200823e+00 -1.13112790865156e+00 
1.77530017152659e+00 1.52170073552695e+00 -1.18392413307105e+00 
1.77985222324845e+00 1.52229874416460e+00 -1.23770279530342e+00 
1.78440427497031e+00 1.52286396027702e+00 -1.29245300827284e+00 
1.78895632669218e+00 1.52339585336491e+00 -1.34816417245349e+00 
1.79350837841404e+00 1.52389386924281e+00 -1.40482597650372e+00 
1.79806043013590e+00 1.52435742911229e+00 -1.46242840034195e+00 
1.80261248185776e+00 1.52478592853376e+00 -1.52096172087811e+00 
1.80716453357963e+00 1.52517873628959e+00 -1.58041652065586e+00 
1.81171658530149e+00 1.52553519313090e+00 -1.64078369971013e+00 
1.81626863702335e+00 1.52585461039875e+00 -1.70205449099556e+00 
1.82082068874522e+00 1.52613626850994e+00 -1.76422047981370e+00 
1.82537274046708e+00 1.52637941529575e+00 -1.82727362773239e+00 
1.82992479218894e+00 1.52658326418089e+00 -1.89120630158939e+00 
1.83447684391081e+00 1.52674699218836e+00 -1.95601130826710e+00 
1.83902889563267e+00 1.52686973775413e+00 -2.02168193605712e+00 
1.84358094735453e+00 1.52695059833365e+00 -2.08821200357114e+00 
1.84813299907640e+00 1.52698862778037e+00 -2.15559591733699e+00 
1.85268505079826e+00 1.52698283347383e+00 -2.22382873941562e+00 
1.85723710252012e+00 1.52693217317289e+00 -2.29290626663540e+00 
1.86178915424198e+00 1.52683555156646e+00 -2.36282512332678e+00 
1.86634120596385e+00 1.52669181649189e+00 -2.43358286980601e+00 
1.87089325768571e+00 1.52649975478757e+00 -2.50517812929060e+00 
1.87544530940757e+00 1.52625808774379e+00 -2.57761073645081e+00 
1.87999736112944e+00 1.52596546611226e+00 -2.65088191144584e+00 
1.88454941285130e+00 1.52562046463237e+00 -2.72499446407061e+00 
1.88910146457316e+00 1.52522157602938e+00 -2.79995303359244e+00 
1.89365351629503e+00 1.52476720443820e+00 -2.87576437102847e+00 
1.89820556801689e+00 1.52425565820624e+00 -2.95243767204918e+00 
1.90275761973875e+00 1.52368514203055e+00 -3.02998497047046e+00 
1.90730967146061e+00 1.52305374839000e+00 -3.10842160448128e+00 
1.91186172318248e+00 1.52235944824383e+00 -3.18776677046833e+00 
1.91641377490434e+00 1.52160008098635e+00 -3.26804418265179e+00 
1.92096582662620e+00 1.52077334367825e+00 -3.34928286091398e+00 
1.92551787834807e+00 1.51987677962199e+00 -3.43151807435091e+00 
1.93006993006993e+00 1.51890776642258e+00 -3.51479247446058e+00 
1.93462198179179e+00 1.51786350378517e+00 -3.59915745972438e+00 
1.93917403351366e+00 1.51674100146588e+00 -3.68467482293964e+00 
1.94372608523552e+00 1.51553706803739e+00 -3.77141874425954e+00 
1.94827813695738e+00 1.51424830149044e+00 -3.85947820665604e+00 
1.95283018867924e+00 1.51287108322083e+00 -3.94895992635135e+00 
1.95738224040111e+00 1.51140157772068e+00 -4.03999190805324e+00 
1.96193429212297e+00 1.50983574140773e+00 -4.13272775190580e+00 
1.96648634384483e+00 1.50816934562948e+00 -4.22735185232044e+00 
1.97103839556670e+00 1.50639802115655e+00 -4.32408563111962e+00 
1.97559044728856e+00 1.50451733466048e+00 -4.42319492539336e+00 
1.98014249901042e+00 1.50252291199192e+00 -4.52499858047984e+00 
1.98469455073229e+00 1.50041062868660e+00 -4.62987814036887e+00 
1.98924660245415e+00 1.49817689485526e+00 -4.73828821701607e+00 
1.99379865417601e+00 1.49581906847046e+00 -4.85076656068000e+00 
1.99835070589788e+00 1.49333603531030e+00 -4.96794192142937e+00 
2.00290275761974e+00 1.49072898949150e+00 -5.09053637127170e+00 
2.00745480934160e+00 1.48800242469896e+00 -5.21935685223799e+00 
2.01200686106346e+00 1.48516528666456e+00 -5.35526870790070e+00 
2.01655891278533e+00 1.48223212603711e+00 -5.49914300375888e+00 
2.02111096450719e+00 1.47922392978473e+00 -5.65177180900674e+00 
2.02566301622905e+00 1.47616815306046e+00 -5.81375413034142e+00 
2.03021506795092e+00 1.47309745448190e+00 -5.98537071321468e+00 
2.03476711967278e+00 1.47004691917322e+00 -6.16648307879966e+00 
2.03931917139464e+00 1.46705015849874e+00 -6.35649806254629e+00 
2.04387122311651e+00 1.46413531257804e+00 -6.55442197427722e+00 
2.04842327483837e+00 1.46132216983514e+00 -6.75899264840496e+00 
2.05297532656023e+00 1.45862114272699e+00 -6.96884587329024e+00 
2.05752737828210e+00 1.45603402847273e+00 -7.18266614643710e+00 
2.06207943000396e+00 1.45355588889156e+00 -7.39928997690452e+00 
2.06663148172582e+00 1.45117726542935e+00 -7.61775555692664e+00 
2.07118353344768e+00 1.44888617170680e+00 -7.83731003315278e+00 
2.07573558516955e+00 1.44666961395596e+00 -8.05739104205149e+00 
2.08028763689141e+00 1.44451461533497e+00 -8.27759680406111e+00 
2.08483968861327e+00 1.44240883047434e+00 -8.49765412955480e+00 
2.08939174033514e+00 1.44034086475236e+00 -8.71738924334826e+00 
2.09394379205700e+00 1.43830040029230e+00 -8.93670334006215e+00 
2.09849584377886e+00 1.43627820544815e+00 -9.15555311601692e+00 
2.10304789550073e+00 1.43426608013437e+00 -9.37393575598636e+00 
2.10759994722259e+00 1.43225677031939e+00 -9.59187759809869e+00 
2.11215199894445e+00 1.43024387169021e+00 -9.80942569755012e+00 
2.11670405066631e+00 1.42822173379196e+00 -1.00266416104328e+01 
2.12125610238818e+00 1.42618537052611e+00 -1.02435968469607e+01 
2.12580815411004e+00 1.42413037965114e+00 -1.04603695647277e+01 
2.13036020583190e+00 1.42205287207363e+00 -1.06770421751006e+01 
2.13491225755377e+00 1.41994941071050e+00 -1.08936996173522e+01 
2.13946430927563e+00 1.41781695820141e+00 -1.11104281178240e+01 
2.14401636099749e+00 1.41565283253957e+00 -1.13273142986132e+01 
2.14856841271936e+00 1.41345466963986e+00 -1.15444445354370e+01 
2.15312046444122e+00 1.41122039189710e+00 -1.17619044903067e+01 
2.15767251616308e+00 1.40894818186097e+00 -1.19797787638194e+01 
2.16222456788494e+00 1.40663646024002e+00 -1.21981506260155e+01 
2.16677661960681e+00 1.40428386753420e+00 -1.24171017952333e+01 
2.17132867132867e+00 1.40188924867416e+00 -1.26367122422271e+01 
2.17588072305053e+00 1.39945164011637e+00 -1.28570600027354e+01 
2.18043277477240e+00 1.39697025890236e+00 -1.30782209862643e+01 
2.18498482649426e+00 1.39444449324141e+00 -1.33002687724643e+01 
2.18953687821612e+00 1.39187389421927e+00 -1.35232743894478e+01 
2.19408892993799e+00 1.38925816827248e+00 -1.37473060708958e+01 
2.19864098165985e+00 1.38659717010131e+00 -1.39724289910158e+01 
2.20319303338171e+00 1.38389089572559e+00 -1.41987049784041e+01 
2.20774508510358e+00 1.38113947541889e+00 -1.44261922117052e+01 
2.21229713682544e+00 1.37834316628905e+00 -1.46549449016657e+01 
2.21684918854730e+00 1.37550234430817e+00 -1.48850129657286e+01 
2.22140124026916e+00 1.37261749563428e+00 -1.51164417026924e+01 
2.22595329199103e+00 1.36968920710981e+00 -1.53492714761072e+01 
2.23050534371289e+00 1.36671815586904e+00 -1.55835374159304e+01 
2.23505739543475e+00 1.36370509803737e+00 -1.58192691484749e+01 
2.23960944715662e+00 1.36065085655758e+00 -1.60564905647676e+01 
2.24416149887848e+00 1.35755630823149e+00 -1.62952196370752e+01 
2.24871355060034e+00 1.35442237011619e+00 -1.65354682924985e+01 
2.25326560232221e+00 1.35124998546097e+00 -1.67772423512189e+01 
2.25781765404407e+00 1.34804010941016e+00 -1.70205415352036e+01 
2.26236970576593e+00 1.34479369472770e+00 -1.72653595510480e+01 
2.26692175748780e+00 1.34151167781730e+00 -1.75116842482191e+01 
2.27147380920966e+00 1.33819496531802e+00 -1.77594978514217e+01 
2.27602586093152e+00 1.33484442154732e+00 -1.80087772632593e+01 
2.28057791265338e+00 1.33146085704283e+00 -1.82594944309642e+01 
2.28512996437525e+00 1.32804501842155e+00 -1.85116167688535e+01 
2.28968201609711e+00 1.32459757973289e+00 -1.87651076264554e+01 
2.29423406781897e+00 1.32111913543319e+00 -1.90199267910211e+01 
2.29878611954084e+00 1.31761019505570e+00 -1.92760310124378e+01 
2.30333817126270e+00 1.31407117959663e+00 -1.95333745384165e+01 
2.30789022298456e+00 1.31050241958643e+00 -1.97919096481769e+01 
2.31244227470643e+00 1.30690415476838e+00 -2.00515871736830e+01 
2.31699432642829e+00 1.30327653526734e+00 -2.03123569986558e+01 
2.32154637815015e+00 1.29961962409947e+00 -2.05741685270543e+01 
2.32609842987201e+00 1.29593340085132e+00 -2.08369711143324e+01 
2.33065048159388e+00 1.29221776634293e+00 -2.11007144564706e+01 
2.33520253331574e+00 1.28847254808378e+00 -2.13653489334413e+01 
2.33975458503760e+00 1.28469750633278e+00 -2.16308259053328e+01 
2.34430663675947e+00 1.28089234058141e+00 -2.18970979607687e+01 
2.34885868848133e+00 1.27705669629208e+00 -2.21641191184735e+01 
2.35341074020319e+00 1.27319017174032e+00 -2.24318449838431e+01 
2.35796279192506e+00 1.26929232482786e+00 -2.27002328631656e+01 
2.36251484364692e+00 1.26536267975329e+00 -2.29692418387187e+01 
2.36706689536878e+00 1.26140073344664e+00 -2.32388328083514e+01 
2.37161894709065e+00 1.25740596169301e+00 -2.35089684933793e+01 
2.37617099881251e+00 1.25337782488804e+00 -2.37796134186907e+01 
2.38072305053437e+00 1.24931577338405e+00 -2.40507338689158e+01 
2.38527510225623e+00 1.24521925239946e+00 -2.43222978243815e+01 
2.38982715397810e+00 1.24108770647650e+00 -2.45942748803624e+01 
2.39437920569996e+00 1.23692058348230e+00 -2.48666361529021e+01 
2.39893125742182e+00 1.23271733815685e+00 -2.51393541741962e+01 
2.40348330914369e+00 1.22847743521776e+00 -2.54124027802465e+01 
2.40803536086555e+00 1.22420035203747e+00 -2.56857569932066e+01 
2.41258741258741e+00 1.21988558091194e+00 -2.59593929005586e+01 
2.41713946430928e+00 1.21553263094296e+00 -2.62332875329964e+01 
2.42169151603114e+00 1.21114102955814e+00 -2.65074187426405e+01 
2.42624356775300e+00 1.20671032369359e+00 -2.67817650829826e+01 
2.43079561947486e+00 1.20224008066513e+00 -2.70563056917509e+01 
2.43534767119673e+00 1.19772988875391e+00 -2.73310201776960e+01 
2.43989972291859e+00 1.19317935753206e+00 -2.76058885121370e+01 
2.44445177464045e+00 1.18858811795358e+00 -2.78808909259484e+01 
2.44900382636232e+00 1.18395582223516e+00 -2.81560078125448e+01 
2.45355587808418e+00 1.17928214355058e+00 -2.84312196372950e+01 
2.45810792980604e+00 1.17456677556177e+00 -2.87065068536929e+01 
2.46265998152791e+00 1.16980943180862e+00 -2.89818498265203e+01 
2.46721203324977e+00 1.16500984497859e+00 -2.92572287621489e+01 
2.47176408497163e+00 1.16016776607638e+00 -2.95326236460507e+01 
2.47631613669349e+00 1.15528296351273e+00 -2.98080141875206e+01 
2.48086818841536e+00 1.15035522213077e+00 -3.00833797715459e+01 
2.48542024013722e+00 1.14538434218674e+00 -3.03586994177015e+01 
2.48997229185908e+00 1.14037013830163e+00 -3.06339517458966e+01 
2.49452434358095e+00 1.13531243839831e+00 -3.09091149487494e+01 
2.49907639530281e+00 1.13021108263855e+00 -3.11841667703225e+01 
2.50362844702467e+00 1.12506592237245e+00 -3.14590844909128e+01 
2.50818049874654e+00 1.11987681911203e+00 -3.17338449175546e+01 
2.51273255046840e+00 1.11464364353963e+00 -3.20084243798651e+01 
2.51728460219026e+00 1.10936627456013e+00 -3.22827987308370e+01 
2.52183665391213e+00 1.10404459840534e+00 -3.25569433521614e+01 
2.52638870563399e+00 1.09867850779738e+00 -3.28308331636529e+01 
2.53094075735585e+00 1.09326790117664e+00 -3.31044426363328e+01 
2.53549280907771e+00 1.08781268199893e+00 -3.33777458087317e+01 
2.54004486079958e+00 1.08231275810518e+00 -3.36507163059616e+01 
2.54459691252144e+00 1.07676804116582e+00 -3.39233273611228e+01 
2.54914896424330e+00 1.07117844620112e+00 -3.41955518386158e+01 
2.55370101596517e+00 1.06554389117761e+00 -3.44673622589424e+01 
2.55825306768703e+00 1.05986429667990e+00 -3.47387308246032e+01 
2.56280511940889e+00 1.05413958565606e+00 -3.50096294467107e+01 
2.56735717113076e+00 1.04836968323458e+00 -3.52800297719744e+01 
2.57190922285262e+00 1.04255451660944e+00 -3.55499032097291e+01 
2.57646127457448e+00 1.03669401498998e+00 -3.58192209587133e+01 
2.58101332629635e+00 1.03078810961122e+00 -3.60879540333331e+01 
2.58556537801821e+00 1.02483673380025e+00 -3.63560732891777e+01 
2.59011742974007e+00 1.01883982309380e+00 -3.66235494475831e+01 
2.59466948146193e+00 1.01279731540196e+00 -3.68903531190723e+01 
2.59922153318380e+00 1.00670915121287e+00 -3.71564548255320e+01 
2.60377358490566e+00 1.00057527383313e+00 -3.74218250210124e+01 
2.60832563662752e+00 9.94395629658802e-01 -3.76864341110703e+01 
2.61287768834939e+00 9.88170168471726e-01 -3.79502524705926e+01 
2.61742974007125e+00 9.81898843756295e-01 -3.82132504600769e+01 
2.62198179179311e+00 9.75581613031812e-01 -3.84753984403529e+01 
2.62653384351498e+00 9.69218438195882e-01 -3.87366667857617e+01 
2.63108589523684e+00 9.62809285874520e-01 -3.89970258958217e+01 
2.63563794695870e+00 9.56354127774980e-01 -3.92564462054292e+01 
2.64018999868056e+00 9.49852941037599e-01 -3.95148981936570e+01 
2.64474205040243e+00 9.43305708583313e-01 -3.97723523912215e+01 
2.64929410212429e+00 9.36712419453777e-01 -4.00287793867052e+01 
2.65384615384615e+00 9.30073069141458e-01 -4.02841498316278e+01 
2.65839820556802e+00 9.23387659907314e-01 -4.05384344444603e+01 
2.66295025728988e+00 9.16656201084092e-01 -4.07916040136882e+01 
2.66750230901174e+00 9.09878709363565e-01 -4.10436294000288e+01 
2.67205436073361e+00 9.03055209066259e-01 -4.12944815379077e+01 
2.67660641245547e+00 8.96185732392790e-01 -4.15441314363038e+01 
2.68115846417733e+00 8.89270319655852e-01 -4.17925501790651e+01 
2.68571051589920e+00 8.82309019492439e-01 -4.20397089248001e+01 
2.69026256762106e+00 8.75301889056052e-01 -4.22855789064450e+01 
2.69481461934292e+00 8.68248994188797e-01 -4.25301314305975e+01 
2.69936667106478e+00 8.61150409573594e-01 -4.27733378767129e+01 
2.70391872278665e+00 8.54006218866853e-01 -4.30151696962432e+01 
2.70847077450851e+00 8.46816514812123e-01 -4.32555984117990e+01 
2.71302282623037e+00 8.39581399335383e-01 -4.34945956164062e+01 
2.71757487795224e+00 8.32300983622786e-01 -4.37321329729240e+01 
2.72212692967410e+00 8.24975388181761e-01 -4.39681822136818e+01 
2.72667898139596e+00 8.17604742886404e-01 -4.42027151403866e+01 
2.73123103311783e+00 8.10189187008271e-01 -4.44357036243475e+01 
2.73578308483969e+00 8.02728869233634e-01 -4.46671196070531e+01 
2.74033513656155e+00 7.95223947668348e-01 -4.48969351011358e+01 
2.74488718828341e+00 7.87674589831473e-01 -4.51251221917458e+01 
2.74943924000528e+00 7.80080972638784e-01 -4.53516530383523e+01 
2.75399129172714e+00 7.72443282377389e-01 -4.55764998769893e+01 
2.75854334344900e+00 7.64761714672445e-01 -4.57996350229464e+01 
2.76309539517087e+00 7.57036474447222e-01 -4.60210308739111e+01 
2.76764744689273e+00 7.49267775877376e-01 -4.62406599135537e+01 
2.77219949861459e+00 7.41455842340644e-01 -4.64584947155557e+01 
2.77675155033646e+00 7.33600906362674e-01 -4.66745079480564e+01 
2.78130360205832e+00 7.25703209560018e-01 -4.68886723785136e+01 
2.78585565378018e+00 7.17763002581056e-01 -4.71009608789524e+01 
2.79040770550204e+00 7.09780545045491e-01 -4.73113464315798e+01 
2.79495975722391e+00 7.01756105483234e-01 -4.75198021347463e+01 
2.79951180894577e+00 6.93689961273076e-01 -4.77263012092170e+01 
2.80406386066763e+00 6.85582398581762e-01 -4.79308170047366e+01 
2.80861591238950e+00 6.77433712303840e-01 -4.81333230068482e+01 
2.81316796411136e+00 6.69244206002605e-01 -4.83337928439412e+01 
2.81772001583322e+00 6.61014191852447e-01 -4.85322002944974e+01 
2.82227206755509e+00 6.52743990582721e-01 -4.87285192945005e+01 
2.82682411927695e+00 6.44433931423348e-01 -4.89227239449849e+01 
2.83137617099881e+00 6.36084352052095e-01 -4.91147885196857e+01 
2.83592822272068e+00 6.27695598543580e-01 -4.93046874727703e+01 
2.84048027444254e+00 6.19268025319942e-01 -4.94923954466146e+01 
2.84503232616440e+00 6.10801995102975e-01 -4.96778872796020e+01 
2.84958437788626e+00 6.02297878867654e-01 -4.98611380139194e+01 
2.85413642960813e+00 5.93756055796751e-01 -5.00421229033250e+01 
2.85868848132999e+00 5.85176913236307e-01 -5.02208174208664e+01 
2.86324053305185e+00 5.76560846651723e-01 -5.03971972665311e+01 
2.86779258477372e+00 5.67908259584077e-01 -5.05712383748061e+01 
2.87234463649558e+00 5.59219563606410e-01 -5.07429169221375e+01 
2.87689668821744e+00 5.50495178279552e-01 -5.09122093342691e+01 
2.88144873993931e+00 5.41735531107232e-01 -5.10790922934520e+01 
2.88600079166117e+00 5.32941057489979e-01 -5.12435427455141e+01 
2.89055284338303e+00 5.24112200677607e-01 -5.14055379067799e+01 
2.89510489510489e+00 5.15249411719745e-01 -5.15650552708365e+01 
2.89965694682676e+00 5.06353149414212e-01 -5.17220726151378e+01 
2.90420899854862e+00 4.97423880252821e-01 -5.18765680074483e+01 
2.90876105027048e+00 4.88462078364311e-01 -5.20285198121222e+01 
2.91331310199235e+00 4.79468225454057e-01 -5.21779066962167e+01 
2.91786515371421e+00 4.70442810740386e-01 -5.23247076354460e+01 
2.92241720543607e+00 4.61386330887091e-01 -5.24689019199735e+01 
2.92696925715794e+00 4.52299289932043e-01 -5.26104691600488e+01 
2.93152130887980e+00 4.43182199211595e-01 -5.27493892914937e+01 
2.93607336060166e+00 4.34035577280660e-01 -5.28856425810421e+01 
2.94062541232353e+00 4.24859949828323e-01 -5.30192096315408e+01 
2.94517746404539e+00 4.15655849588814e-01 -5.31500713870187e+01 
2.94972951576725e+00 4.06423816247788e-01 -5.32782091376276e+01 
2.95428156748911e+00 3.97164396343899e-01 -5.34036045244676e+01 
2.95883361921098e+00 3.87878143165560e-01 -5.35262395443003e+01 
2.96338567093284e+00 3.78565616642936e-01 -5.36460965541577e+01 
2.96793772265470e+00 3.69227383235248e-01 -5.37631582758563e+01 
2.97248977437657e+00 3.59864015813333e-01 -5.38774078004210e+01 
2.97704182609843e+00 3.50476093537681e-01 -5.39888285924260e+01 
2.98159387782029e+00 3.41064201731911e-01 -5.40974044942600e+01 
2.98614592954216e+00 3.31628931751993e-01 -5.42031197303207e+01 
2.99069798126402e+00 3.22170880851181e-01 -5.43059589111400e+01 
2.99525003298588e+00 3.12690652040986e-01 -5.44059070374544e+01 
2.99980208470775e+00 3.03188853948260e-01 -5.45029495042096e+01 
3.00435413642961e+00 2.93666100668680e-01 -5.45970721045147e+01 
3.00890618815147e+00 2.84123011616754e-01 -5.46882610335433e+01 
3.01345823987333e+00 2.74560211372677e-01 -5.47765028923798e+01 
3.01801029159520e+00 2.64978329526145e-01 -5.48617846918164e+01 
3.02256234331706e+00 2.55378000517483e-01 -5.49440938560964e+01 
3.02711439503892e+00 2.45759863476188e-01 -5.50234182266063e+01 
3.03166644676079e+00 2.36124562057268e-01 -5.50997460655087e+01 
3.03621849848265e+00 2.26472744275472e-01 -5.51730660593204e+01 
3.04077055020451e+00 2.16805062337750e-01 -5.52433673224261e+01 
3.04532260192638e+00 2.07122172474068e-01 -5.53106394005259e+01 
3.04987465364824e+00 1.97424734766907e-01 -5.53748722740112e+01 
3.05442670537010e+00 1.87713412979526e-01 -5.54360563612644e+01 
3.05897875709196e+00 1.77988874383293e-01 -5.54941825218741e+01 
3.06353080881383e+00 1.68251789584185e-01 -5.55492420597603e+01 
3.06808286053569e+00 1.58502832348701e-01 -5.56012267262041e+01 
3.07263491225755e+00 1.48742679429268e-01 -5.56501287227731e+01 
3.07718696397942e+00 1.38972010389365e-01 -5.56959407041319e+01 
3.08173901570128e+00 1.29191507428397e-01 -5.57386557807400e+01 
3.08629106742314e+00 1.19401855206507e-01 -5.57782675214151e+01 
3.09084311914501e+00 1.09603740669403e-01 -5.58147699557681e+01 
3.09539517086687e+00 9.97978528732554e-02 -5.58481575764923e+01 
3.09994722258873e+00 8.99848828097299e-02 -5.58784253415048e+01 
3.10449927431059e+00 8.01655232312482e-02 -5.59055686759296e+01 
3.10905132603246e+00 7.03404684764710e-02 -5.59295834739198e+01 
3.11360337775432e+00 6.05104142960126e-02 -5.59504661003065e+01 
3.11815542947618e+00 5.06760576784485e-02 -5.59682133920758e+01 
3.12270748119805e+00 4.08380966765504e-02 -5.59828226596615e+01 
3.12725953291991e+00 3.09972302338027e-02 -5.59942916880532e+01 
3.13181158464177e+00 2.11541580110801e-02 -5.60026187377150e+01 
3.13636363636364e+00 1.13095802135695e-02 -5.60078025453088e+01 
