Data Format: k_val_normalized w_real_normalized w_imag 
num_pts 435 
0.00000000000000e+00 -4.93170160161067e-17 -1.29818373012638e-15 
7.15931533903884e-03 7.15931533903884e-03 1.40471306375714e-15 
1.43186306780777e-02 1.43186306780776e-02 -1.89343321223288e-14 
2.14779460171165e-02 2.14779460171148e-02 -2.68248138968933e-13 
2.86372613561554e-02 2.86372613561414e-02 -1.50043776349008e-12 
3.57965766951942e-02 3.57965766951276e-02 -5.69399565196428e-12 
4.29558920342330e-02 4.29558920339939e-02 -1.67534009319536e-11 
5.01152073732719e-02 5.01152073725636e-02 -4.15383829069624e-11 
5.72745227123107e-02 5.72745227104939e-02 -9.08069663062810e-11 
6.44338380513496e-02 6.44338380471728e-02 -1.80101659601668e-10 
7.15931533903884e-02 7.15931533815777e-02 -3.30598926185133e-10 
7.87524687294272e-02 7.87524687120909e-02 -5.69756154590353e-10 
8.59117840684661e-02 8.59117840362561e-02 -9.31412301066762e-10 
9.30710994075049e-02 9.30710993504701e-02 -1.45582162011593e-09 
1.00230414746544e-01 1.00230414649600e-01 -2.18882825383797e-09 
1.07389730085583e-01 1.07389729926504e-01 -3.18080597743586e-09 
1.14549045424621e-01 1.14549045171462e-01 -4.48475073880647e-09 
1.21708360763660e-01 1.21708360371475e-01 -6.15380398485038e-09 
1.28867676102699e-01 1.28867675509443e-01 -8.23825435433160e-09 
1.36026991441738e-01 1.36026990563188e-01 -1.07817325621787e-08 
1.43186306780777e-01 1.43186305504318e-01 -1.38170884657980e-08 
1.50345622119816e-01 1.50345620296902e-01 -1.73617546384472e-08 
1.57504937458854e-01 1.57504934895954e-01 -2.14129854856022e-08 
1.64664252797893e-01 1.64664249245688e-01 -2.59429116127696e-08 
1.71823568136932e-01 1.71823563277548e-01 -3.08940436785643e-08 
1.78982883475971e-01 1.78982876907985e-01 -3.61752495824880e-08 
1.86142198815010e-01 1.86142190035954e-01 -4.16586732749010e-08 
1.93301514154049e-01 1.93301502540138e-01 -4.71780280651445e-08 
2.00460829493088e-01 2.00460814275870e-01 -5.25288478751450e-08 
2.07620144832126e-01 2.07620125071734e-01 -5.74709299574333e-08 
2.14779460171165e-01 2.14779434725851e-01 -6.17339750282811e-08 
2.21938775510204e-01 2.21938743001828e-01 -6.50266453800394e-08 
2.29098090849243e-01 2.29098049624359e-01 -6.70499201447741e-08 
2.36257406188282e-01 2.36257354274490e-01 -6.75153908948165e-08 
2.43416721527321e-01 2.43416656584531e-01 -6.61692417680074e-08 
2.50576036866359e-01 2.50575956132621e-01 -6.28224942664528e-08 
2.57735352205398e-01 2.57735252436952e-01 -5.73884653722605e-08 
2.64894667544437e-01 2.64894544949655e-01 -4.99279036596055e-08 
2.72053982883476e-01 2.72053833050376e-01 -4.07028235007997e-08 
2.79213298222515e-01 2.79213116039527e-01 -3.02392983561607e-08 
2.86372613561554e-01 2.86372393131260e-01 -1.94001782600762e-08 
2.93531928900592e-01 2.93531663446177e-01 -9.46806998755635e-09 
3.00691244239631e-01 3.00690926003790e-01 -2.23913635917283e-09 
3.07850559578670e-01 3.07850179714785e-01 -1.28124451253580e-10 
3.15009874917709e-01 3.15009423373102e-01 -6.28459069496565e-09 
3.22169190256748e-01 3.22168655647876e-01 -2.47209840416860e-08 
3.29328505595787e-01 3.29327875075284e-01 -6.04519613944200e-08 
3.36487820934826e-01 3.36487080050327e-01 -1.19645112437357e-07 
3.43647136273864e-01 3.43646268818599e-01 -2.09782753127913e-07 
3.50806451612903e-01 3.50805439468089e-01 -3.39833855583053e-07 
3.57965766951942e-01 3.57964589921057e-01 -5.20435644347186e-07 
3.65125082290981e-01 3.65123717926031e-01 -7.64083837222991e-07 
3.72284397630020e-01 3.72282821049962e-01 -1.08532990850661e-06 
3.79443712969059e-01 3.79441896670604e-01 -1.50098439743034e-06 
3.86603028308097e-01 3.86600941969125e-01 -2.03032380365901e-06 
3.93762343647136e-01 3.93759953923016e-01 -2.69529974422941e-06 
4.00921658986175e-01 4.00918929299300e-01 -3.52074732494691e-06 
4.08080974325214e-01 4.08077864648103e-01 -4.53459057493378e-06 
4.15240289664253e-01 4.15236756296558e-01 -5.76804175134027e-06 
4.22399605003292e-01 4.22395600343103e-01 -7.25579146637597e-06 
4.29558920342330e-01 4.29554392652118e-01 -9.03618610340334e-06 
4.36718235681369e-01 4.36713128848937e-01 -1.11513886850929e-05 
4.43877551020408e-01 4.43871804315174e-01 -1.36475192982959e-05 
4.51036866359447e-01 4.51030414184341e-01 -1.65747708029058e-05 
4.58196181698486e-01 4.58188953337698e-01 -1.99874952502497e-05 
4.65355497037525e-01 4.65347416400249e-01 -2.39442566940657e-05 
4.72514812376564e-01 4.72505797736819e-01 -2.85078448859809e-05 
4.79674127715602e-01 4.79664091448071e-01 -3.37452457659556e-05 
4.86833443054641e-01 4.86822291366335e-01 -3.97275631113690e-05 
4.93992758393680e-01 4.93980391051103e-01 -4.65298862762666e-05 
5.01152073732719e-01 5.01138383783996e-01 -5.42310994085061e-05 
5.08311389071758e-01 5.08296262562992e-01 -6.29136265759045e-05 
5.15470704410797e-01 5.15454020095688e-01 -7.26631081796665e-05 
5.22630019749835e-01 5.22611648791329e-01 -8.35680040323015e-05 
5.29789335088874e-01 5.29769140751306e-01 -9.57191181252836e-05 
5.36948650427913e-01 5.36926487757812e-01 -1.09209041851884e-04 
5.44107965766952e-01 5.44083681260293e-01 -1.24131510771215e-04 
5.51267281105991e-01 5.51240712359317e-01 -1.40580672863174e-04 
5.58426596445030e-01 5.58397571787453e-01 -1.58650264400173e-04 
5.65585911784068e-01 5.65554249886700e-01 -1.78432692466418e-04 
5.72745227123107e-01 5.72710736582010e-01 -2.00018022245435e-04 
5.79904542462146e-01 5.79867021350386e-01 -2.23492868583501e-04 
5.87063857801185e-01 5.87023093185038e-01 -2.48939193009672e-04 
5.94223173140224e-01 5.94178940554015e-01 -2.76433006970999e-04 
6.01382488479263e-01 6.01334551352747e-01 -3.06042984810880e-04 
6.08541803818301e-01 6.08489912849863e-01 -3.37828989955083e-04 
6.15701119157340e-01 6.15645011625672e-01 -3.71840520085332e-04 
6.22860434496379e-01 6.22799833502628e-01 -4.08115078104671e-04 
6.30019749835418e-01 6.29954363467128e-01 -4.46676477356318e-04 
6.37179065174457e-01 6.37108585581937e-01 -4.87533091496108e-04 
6.44338380513496e-01 6.44262482888550e-01 -5.30676060995998e-04 
6.51497695852535e-01 6.51416037298784e-01 -5.76077470101885e-04 
6.58657011191573e-01 6.58569229474890e-01 -6.23688510775541e-04 
6.65816326530612e-01 6.65722038697480e-01 -6.73437651355877e-04 
6.72975641869651e-01 6.72874442720573e-01 -7.25228830482491e-04 
6.80134957208690e-01 6.80026417613075e-01 -7.78939699390353e-04 
6.87294272547729e-01 6.87177937586027e-01 -8.34419937411105e-04 
6.94453587886768e-01 6.94328974804990e-01 -8.91489668587424e-04 
7.01612903225806e-01 7.01479499186958e-01 -9.49938009698700e-04 
7.08772218564845e-01 7.08629478181248e-01 -1.00952178287094e-03 
7.15931533903884e-01 7.15778876533856e-01 -1.06996442818721e-03 
7.23090849242923e-01 7.22927656034848e-01 -1.13095515498280e-03 
7.30250164581962e-01 7.30075775248378e-01 -1.19214837297039e-03 
7.37409479921001e-01 7.37223189225097e-01 -1.25316344720200e-03 
7.44568795260039e-01 7.44369849196697e-01 -1.31358482376279e-03 
7.51728110599078e-01 7.51515702252557e-01 -1.37296257547351e-03 
7.58887425938117e-01 7.58660690998474e-01 -1.43081342017164e-03 
7.66046741277156e-01 7.65804753197665e-01 -1.48662226576613e-03 
7.73206056616195e-01 7.72947821394357e-01 -1.53984433998763e-03 
7.80365371955234e-01 7.80089822520406e-01 -1.58990796350599e-03 
7.87524687294272e-01 7.87230677485631e-01 -1.63621802855516e-03 
7.94684002633311e-01 7.94370300752681e-01 -1.67816024580322e-03 
8.01843317972350e-01 8.01508599897483e-01 -1.71510622497631e-03 
8.09002633311389e-01 8.08645475156583e-01 -1.74641945413534e-03 
8.16161948650428e-01 8.15780818962856e-01 -1.77146224502481e-03 
8.23321263989467e-01 8.22914515471382e-01 -1.78960371030454e-03 
8.30480579328506e-01 8.30046440077570e-01 -1.80022883980776e-03 
8.37639894667544e-01 8.37176458929803e-01 -1.80274873978119e-03 
8.44799210006583e-01 8.44304428439314e-01 -1.79661209915704e-03 
8.51958525345622e-01 8.51430194790222e-01 -1.78131794289015e-03 
8.59117840684661e-01 8.58553593452994e-01 -1.75642972909503e-03 
8.66277156023700e-01 8.65674448704983e-01 -1.72159084228954e-03 
8.73436471362739e-01 8.72792573161983e-01 -1.67654152862565e-03 
8.80595786701777e-01 8.79907767325044e-01 -1.62113731268228e-03 
8.87755102040816e-01 8.87019819147246e-01 -1.55536892611461e-03 
8.94914417379855e-01 8.94128503625291e-01 -1.47938377018046e-03 
9.02073732718894e-01 9.01233582421227e-01 -1.39350892063683e-03 
9.09233048057933e-01 9.08334803519805e-01 -1.29827567401940e-03 
9.16392363396972e-01 9.15431900927259e-01 -1.19444561694889e-03 
9.23551678736011e-01 9.22524594417540e-01 -1.08303818683731e-03 
9.30710994075049e-01 9.29612589332163e-01 -9.65359673761195e-04 
9.37870309414088e-01 9.36695576439980e-01 -8.43033595317519e-04 
9.45029624753127e-01 9.43773231863216e-01 -7.18032356048102e-04 
9.52188940092166e-01 9.50845217076105e-01 -5.92710081863814e-04 
9.59348255431205e-01 9.57911178982330e-01 -4.69836497848964e-04 
9.66507570770244e-01 9.64970750077305e-01 -3.52631695009388e-04 
9.73666886109282e-01 9.72023548700962e-01 -2.44801607313021e-04 
9.80826201448321e-01 9.79069179386400e-01 -1.50573998376227e-04 
9.87985516787360e-01 9.86107233309092e-01 -7.47347321112787e-05 
9.95144832126399e-01 9.93137288840802e-01 -2.26640804186637e-05 
1.00230414746544e+00 1.00015891221149e+00 -3.72799150110427e-07 
1.00946346280448e+00 1.00717165828168e+00 -1.45376842151672e-05 
1.01662277814352e+00 1.01417507142662e+00 -7.25363020077474e-05 
1.02378209348255e+00 1.02116868653250e+00 -1.82480574800317e-04 
1.03094140882159e+00 1.02815203010383e+00 -3.53248890029854e-04 
1.03810072416063e+00 1.03512462147941e+00 -5.94516396452878e-04 
1.04526003949967e+00 1.04208597415336e+00 -9.16783146826347e-04 
1.05241935483871e+00 1.04903559719594e+00 -1.33139975073174e-03 
1.05957867017775e+00 1.05597299676728e+00 -1.85059020838228e-03 
1.06673798551679e+00 1.06289767771602e+00 -2.48747161076740e-03 
1.07389730085583e+00 1.06980914525297e+00 -3.25607041078767e-03 
1.08105661619486e+00 1.07670690668886e+00 -4.17133499619394e-03 
1.08821593153390e+00 1.08359047322355e+00 -5.24914432639262e-03 
1.09537524687294e+00 1.09045936177325e+00 -6.50631243199364e-03 
1.10253456221198e+00 1.09731309682101e+00 -7.96058861841757e-03 
1.10969387755102e+00 1.10415121227506e+00 -9.63065326131155e-03 
1.11685319289006e+00 1.11097325331871e+00 -1.15361091316699e-02 
1.12401250822910e+00 1.11777877823556e+00 -1.36974682415646e-02 
1.13117182356814e+00 1.12456736019311e+00 -1.61361342570479e-02 
1.13833113890718e+00 1.13133858896850e+00 -1.88743805791451e-02 
1.14549045424621e+00 1.13809207260009e+00 -2.19353242502042e-02 
1.15264976958525e+00 1.14482743894963e+00 -2.53428958958577e-02 
1.15980908492429e+00 1.15154433716037e+00 -2.91218059639450e-02 
1.16696840026333e+00 1.15824243899802e+00 -3.32975075680348e-02 
1.17412771560237e+00 1.16492144006241e+00 -3.78961562864124e-02 
1.18128703094141e+00 1.17158106085976e+00 -4.29445673021802e-02 
1.18844634628045e+00 1.17822104772682e+00 -4.84701703010989e-02 
1.19560566161949e+00 1.18484117360034e+00 -5.45009625659442e-02 
1.20276497695853e+00 1.19144123862687e+00 -6.10654607211652e-02 
1.20992429229756e+00 1.19802107061033e+00 -6.81926515904265e-02 
1.21708360763660e+00 1.20458052529631e+00 -7.59119426282456e-02 
1.22424292297564e+00 1.21111948649434e+00 -8.42531123813263e-02 
1.23140223831468e+00 1.21763786604089e+00 -9.32462614203169e-02 
1.23856155365372e+00 1.22413560360790e+00 -1.02921764162967e-01 
1.24572086899276e+00 1.23061266636281e+00 -1.13310221983254e-01 
1.25288018433180e+00 1.23706904848795e+00 -1.24442417971127e-01 
1.26003949967084e+00 1.24350477056790e+00 -1.36349273672303e-01 
1.26719881500987e+00 1.24991987885470e+00 -1.49061808100406e-01 
1.27435813034891e+00 1.25631444442158e+00 -1.62611099273665e-01 
1.28151744568795e+00 1.26268856221634e+00 -1.77028248488273e-01 
1.28867676102699e+00 1.26904235002612e+00 -1.92344347498153e-01 
1.29583607636603e+00 1.27537594736525e+00 -2.08590448731318e-01 
1.30299539170507e+00 1.28168951429813e+00 -2.25797538633570e-01 
1.31015470704411e+00 1.28798323020877e+00 -2.43996514190420e-01 
1.31731402238315e+00 1.29425729252836e+00 -2.63218162646342e-01 
1.32447333772219e+00 1.30051191543192e+00 -2.83493144404192e-01 
1.33163265306122e+00 1.30674732851440e+00 -3.04851979060334e-01 
1.33879196840026e+00 1.31296377545599e+00 -3.27325034503354e-01 
1.34595128373930e+00 1.31916151268591e+00 -3.50942518981970e-01 
1.35311059907834e+00 1.32534080805281e+00 -3.75734476027246e-01 
1.36026991441738e+00 1.33150193950959e+00 -4.01730782098830e-01 
1.36742922975642e+00 1.33764519381924e+00 -4.28961146810380e-01 
1.37458854509546e+00 1.34377086528789e+00 -4.57455115581228e-01 
1.38174786043450e+00 1.34987925453007e+00 -4.87242074552047e-01 
1.38890717577354e+00 1.35597066727076e+00 -5.18351257599049e-01 
1.39606649111257e+00 1.36204541318798e+00 -5.50811755279063e-01 
1.40322580645161e+00 1.36810380479885e+00 -5.84652525535746e-01 
1.41038512179065e+00 1.37414615639151e+00 -6.19902406003020e-01 
1.41754443712969e+00 1.38017278300478e+00 -6.56590127739371e-01 
1.42470375246873e+00 1.38618399945675e+00 -6.94744330237012e-01 
1.43186306780777e+00 1.39218011942293e+00 -7.34393577551478e-01 
1.43902238314681e+00 1.39816145456452e+00 -7.75566375405114e-01 
1.44618169848585e+00 1.40412831370640e+00 -8.18291189126137e-01 
1.45334101382488e+00 1.41008100206465e+00 -8.62596462289638e-01 
1.46050032916392e+00 1.41601982052275e+00 -9.08510635937512e-01 
1.46765964450296e+00 1.42194506495548e+00 -9.56062168261131e-01 
1.47481895984200e+00 1.42785702559947e+00 -1.00527955463731e+00 
1.48197827518104e+00 1.43375598646881e+00 -1.05619134791702e+00 
1.48913759052008e+00 1.43964222481450e+00 -1.10882617887448e+00 
1.49629690585912e+00 1.44551601062593e+00 -1.16321277672853e+00 
1.50345622119816e+00 1.45137760617286e+00 -1.21937998965855e+00 
1.51061553653720e+00 1.45722726558620e+00 -1.27735680524017e+00 
1.51777485187623e+00 1.46306523447576e+00 -1.33717237073417e+00 
1.52493416721527e+00 1.46889174958332e+00 -1.39885601316628e+00 
1.53209348255431e+00 1.47470703846927e+00 -1.46243725914019e+00 
1.53925279789335e+00 1.48051131923106e+00 -1.52794585433145e+00 
1.54641211323239e+00 1.48630480025189e+00 -1.59541178261174e+00 
1.55357142857143e+00 1.49208767997789e+00 -1.66486528475895e+00 
1.56073074391047e+00 1.49786014672226e+00 -1.73633687670879e+00 
1.56789005924951e+00 1.50362237849484e+00 -1.80985736730658e+00 
1.57504937458854e+00 1.50937454285554e+00 -1.88545787552125e+00 
1.58220868992758e+00 1.51511679679032e+00 -1.96316984708137e+00 
1.58936800526662e+00 1.52084928660812e+00 -2.04302507049831e+00 
1.59652732060566e+00 1.52657214785765e+00 -2.12505569243774e+00 
1.60368663594470e+00 1.53228550526245e+00 -2.20929423240403e+00 
1.61084595128374e+00 1.53798947267312e+00 -2.29577359669964e+00 
1.61800526662278e+00 1.54368415303542e+00 -2.38452709162247e+00 
1.62516458196182e+00 1.54936963837293e+00 -2.47558843586171e+00 
1.63232389730086e+00 1.55504600978301e+00 -2.56899177205270e+00 
1.63948321263989e+00 1.56071333744504e+00 -2.66477167744947e+00 
1.64664252797893e+00 1.56637168063921e+00 -2.76296317367173e+00 
1.65380184331797e+00 1.57202108777508e+00 -2.86360173548110e+00 
1.66096115865701e+00 1.57766159642808e+00 -2.96672329853995e+00 
1.66812047399605e+00 1.58329323338286e+00 -3.07236426610497e+00 
1.67527978933509e+00 1.58891601468176e+00 -3.18056151460215e+00 
1.68243910467413e+00 1.59452994567694e+00 -3.29135239803316e+00 
1.68959842001317e+00 1.60013502108435e+00 -3.40477475115605e+00 
1.69675773535221e+00 1.60573122503779e+00 -3.52086689138506e+00 
1.70391705069124e+00 1.61131853114086e+00 -3.63966761935019e+00 
1.71107636603028e+00 1.61689690251487e+00 -3.76121621805881e+00 
1.71823568136932e+00 1.62246629184012e+00 -3.88555245059700e+00 
1.72539499670836e+00 1.62802664138814e+00 -4.01271655631186e+00 
1.73255431204740e+00 1.63357788304194e+00 -4.14274924541244e+00 
1.73971362738644e+00 1.63911993830134e+00 -4.27569169193100e+00 
1.74687294272548e+00 1.64465271827004e+00 -4.41158552498441e+00 
1.75403225806452e+00 1.65017612362082e+00 -4.55047281828160e+00 
1.76119157340355e+00 1.65569004453512e+00 -4.69239607782167e+00 
1.76835088874259e+00 1.66119436061271e+00 -4.83739822773659e+00 
1.77551020408163e+00 1.66668894074721e+00 -4.98552259423244e+00 
1.78266951942067e+00 1.67217364296260e+00 -5.13681288759482e+00 
1.78982883475971e+00 1.67764831420569e+00 -5.29131318222730e+00 
1.79698815009875e+00 1.68311279008950e+00 -5.44906789470489e+00 
1.80414746543779e+00 1.68856689458166e+00 -5.61012175983238e+00 
1.81130678077683e+00 1.69401043963243e+00 -5.77451980471104e+00 
1.81846609611587e+00 1.69944322473605e+00 -5.94230732083063e+00 
1.82562541145490e+00 1.70486503641960e+00 -6.11352983421832e+00 
1.83278472679394e+00 1.71027564765284e+00 -6.28823307369257e+00 
1.83994404213298e+00 1.71567481717302e+00 -6.46646293728961e+00 
1.84710335747202e+00 1.72106228871826e+00 -6.64826545694683e+00 
1.85426267281106e+00 1.72643779016340e+00 -6.83368676154986e+00 
1.86142198815010e+00 1.73180103255241e+00 -7.02277303846981e+00 
1.86858130348914e+00 1.73715170902162e+00 -7.21557049374027e+00 
1.87574061882818e+00 1.74248949360863e+00 -7.41212531104384e+00 
1.88289993416722e+00 1.74781403994214e+00 -7.61248360970164e+00 
1.89005924950625e+00 1.75312497980851e+00 -7.81669140188039e+00 
1.89721856484529e+00 1.75842192159195e+00 -8.02479454925008e+00 
1.90437788018433e+00 1.76370444858565e+00 -8.23683871934725e+00 
1.91153719552337e+00 1.76897211717260e+00 -8.45286934191282e+00 
1.91869651086241e+00 1.77422445487578e+00 -8.67293156548923e+00 
1.92585582620145e+00 1.77946095827862e+00 -8.89707021457200e+00 
1.93301514154049e+00 1.78468109081805e+00 -9.12532974761782e+00 
1.94017445687953e+00 1.78988428045397e+00 -9.35775421621403e+00 
1.94733377221856e+00 1.79506991722015e+00 -9.59438722571314e+00 
1.95449308755760e+00 1.80023735066351e+00 -9.83527189762670e+00 
1.96165240289664e+00 1.80538588717989e+00 -1.00804508340630e+01 
1.96881171823568e+00 1.81051478725636e+00 -1.03299660844712e+01 
1.97597103357472e+00 1.81562326263113e+00 -1.05838591149332e+01 
1.98313034891376e+00 1.82071047338394e+00 -1.08421707802110e+01 
1.99028966425280e+00 1.82577552497094e+00 -1.11049412987247e+01 
1.99744897959184e+00 1.83081746521909e+00 -1.13722102305929e+01 
2.00460829493088e+00 1.83583528129643e+00 -1.16440164588225e+01 
2.01176761026991e+00 1.84082789667492e+00 -1.19203981736856e+01 
2.01892692560895e+00 1.84579416810341e+00 -1.22013928602668e+01 
2.02608624094799e+00 1.85073288260851e+00 -1.24870372891140e+01 
2.03324555628703e+00 1.85564275454111e+00 -1.27773675098613e+01 
2.04040487162607e+00 1.86052242268608e+00 -1.30724188476482e+01 
2.04756418696511e+00 1.86537044745219e+00 -1.33722259020931e+01 
2.05472350230415e+00 1.87018530815871e+00 -1.36768225485385e+01 
2.06188281764319e+00 1.87496540043372e+00 -1.39862419412253e+01 
2.06904213298222e+00 1.87970903373834e+00 -1.43005165180211e+01 
2.07620144832126e+00 1.88441442902957e+00 -1.46196780062802e+01 
2.08336076366030e+00 1.88907971657258e+00 -1.49437574293865e+01 
2.09052007899934e+00 1.89370293391187e+00 -1.52727851135036e+01 
2.09767939433838e+00 1.89828202400895e+00 -1.56067906940401e+01 
2.10483870967742e+00 1.90281483355182e+00 -1.59458031213273e+01 
2.11199802501646e+00 1.90729911144042e+00 -1.62898506650060e+01 
2.11915734035550e+00 1.91173250744975e+00 -1.66389609166229e+01 
2.12631665569454e+00 1.91611257107106e+00 -1.69931607899531e+01 
2.13347597103357e+00 1.92043675052941e+00 -1.73524765185806e+01 
2.14063528637261e+00 1.92470239197501e+00 -1.77169336502990e+01 
2.14779460171165e+00 1.92890673884373e+00 -1.80865570379215e+01 
2.15495391705069e+00 1.93304693138158e+00 -1.84613708261275e+01 
2.16211323238973e+00 1.93712000632663e+00 -1.88413984340120e+01 
2.16927254772877e+00 1.94112289674130e+00 -1.92266625330431e+01 
2.17643186306781e+00 1.94505243198731e+00 -1.96171850201799e+01 
2.18359117840685e+00 1.94890533783531e+00 -2.00129869859464e+01 
2.19075049374589e+00 1.95267823670095e+00 -2.04140886772981e+01 
2.19790980908492e+00 1.95636764799946e+00 -2.08205094551682e+01 
2.20506912442396e+00 1.95996998861064e+00 -2.12322677466159e+01 
2.21222843976300e+00 1.96348157344704e+00 -2.16493809915462e+01 
2.21938775510204e+00 1.96689861611813e+00 -2.20718655840021e+01 
2.22654707044108e+00 1.97021722968427e+00 -2.24997368080729e+01 
2.23370638578012e+00 1.97343342749480e+00 -2.29330087684895e+01 
2.24086570111916e+00 1.97654312410554e+00 -2.33716943160102e+01 
2.24802501645820e+00 1.97954213627168e+00 -2.38158049677249e+01 
2.25518433179723e+00 1.98242618401303e+00 -2.42653508224319e+01 
2.26234364713627e+00 1.98519089174957e+00 -2.47203404712601e+01 
2.26950296247531e+00 1.98783178950599e+00 -2.51807809037265e+01 
2.27666227781435e+00 1.99034431418500e+00 -2.56466774094357e+01 
2.28382159315339e+00 1.99272381090982e+00 -2.61180334756402e+01 
2.29098090849243e+00 1.99496553443750e+00 -2.65948506808886e+01 
2.29814022383147e+00 1.99706465064492e+00 -2.70771285850003e+01 
2.30529953917051e+00 1.99901623809071e+00 -2.75648646156091e+01 
2.31245885450955e+00 2.00081528965659e+00 -2.80580539515271e+01 
2.31961816984858e+00 2.00245671427221e+00 -2.85566894031780e+01 
2.32677748518762e+00 2.00393533872862e+00 -2.90607612903604e+01 
2.33393680052666e+00 2.00524590958529e+00 -2.95702573175969e+01 
2.34109611586570e+00 2.00638309517666e+00 -3.00851624473292e+01 
2.34825543120474e+00 2.00734148772409e+00 -3.06054587712243e+01 
2.35541474654378e+00 2.00811560555974e+00 -3.11311253798508e+01 
2.36257406188282e+00 2.00869989546873e+00 -3.16621382309943e+01 
2.36973337722186e+00 2.00908873515658e+00 -3.21984700168747e+01 
2.37689269256090e+00 2.00927643584853e+00 -3.27400900305350e+01 
2.38405200789993e+00 2.00925724502779e+00 -3.32869640316694e+01 
2.39121132323897e+00 2.00902534931951e+00 -3.38390541121650e+01 
2.39837063857801e+00 2.00857487752731e+00 -3.43963185616261e+01 
2.40552995391705e+00 2.00789990382896e+00 -3.49587117331638e+01 
2.41268926925609e+00 2.00699445113791e+00 -3.55261839097256e+01 
2.41984858459513e+00 2.00585249463671e+00 -3.60986811712504e+01 
2.42700789993417e+00 2.00446796548859e+00 -3.66761452629354e+01 
2.43416721527321e+00 2.00283475473278e+00 -3.72585134649068e+01 
2.44132653061224e+00 2.00094671736898e+00 -3.78457184635870e+01 
2.44848584595128e+00 1.99879767663598e+00 -3.84376882250603e+01 
2.45564516129032e+00 1.99638142848908e+00 -3.90343458707415e+01 
2.46280447662936e+00 1.99369174628015e+00 -3.96356095556543e+01 
2.46996379196840e+00 1.99072238564431e+00 -4.02413923496350e+01 
2.47712310730744e+00 1.98746708959605e+00 -4.08516021217810e+01 
2.48428242264648e+00 1.98391959383728e+00 -4.14661414284641e+01 
2.49144173798552e+00 1.98007363227951e+00 -4.20849074052384e+01 
2.49860105332456e+00 1.97592294278109e+00 -4.27077916629761e+01 
2.50576036866359e+00 1.97146127310051e+00 -4.33346801885610e+01 
2.51291968400263e+00 1.96668238706544e+00 -4.39654532504851e+01 
2.52007899934167e+00 1.96158007095707e+00 -4.45999853096867e+01 
2.52723831468071e+00 1.95614814010798e+00 -4.52381449359745e+01 
2.53439763001975e+00 1.95038044571170e+00 -4.58797947303844e+01 
2.54155694535879e+00 1.94427088184070e+00 -4.65247912538165e+01 
2.54871626069783e+00 1.93781339266920e+00 -4.71729849622980e+01 
2.55587557603687e+00 1.93100197989633e+00 -4.78242201492212e+01 
2.56303489137591e+00 1.92383071036416e+00 -4.84783348949001e+01 
2.57019420671494e+00 1.91629372386442e+00 -4.91351610237909e+01 
2.57735352205398e+00 1.90838524112707e+00 -4.97945240697131e+01 
2.58451283739302e+00 1.90009957198265e+00 -5.04562432494110e+01 
2.59167215273206e+00 1.89143112368990e+00 -5.11201314447799e+01 
2.59883146807110e+00 1.88237440941894e+00 -5.17859951940858e+01 
2.60599078341014e+00 1.87292405687985e+00 -5.24536346924896e+01 
2.61315009874918e+00 1.86307481708517e+00 -5.31228438021842e+01 
2.62030941408822e+00 1.85282157323444e+00 -5.37934100724382e+01 
2.62746872942725e+00 1.84215934970794e+00 -5.44651147698351e+01 
2.63462804476629e+00 1.83108332115564e+00 -5.51377329189698e+01 
2.64178736010533e+00 1.81958882166737e+00 -5.58110333538703e+01 
2.64894667544437e+00 1.80767135400844e+00 -5.64847787803776e+01 
2.65610599078341e+00 1.79532659890512e+00 -5.71587258497099e+01 
2.66326530612245e+00 1.78255042436306e+00 -5.78326252434197e+01 
2.67042462146149e+00 1.76933889500121e+00 -5.85062217699264e+01 
2.67758393680053e+00 1.75568828138327e+00 -5.91792544727907e+01 
2.68474325213957e+00 1.74159506932800e+00 -5.98514567508755e+01 
2.69190256747860e+00 1.72705596917893e+00 -6.05225564905119e+01 
2.69906188281764e+00 1.71206792501388e+00 -6.11922762097633e+01 
2.70622119815668e+00 1.69662812377376e+00 -6.18603332148615e+01 
2.71338051349572e+00 1.68073400429024e+00 -6.25264397688534e+01 
2.72053982883476e+00 1.66438326619065e+00 -6.31903032724736e+01 
2.72769914417380e+00 1.64757387865916e+00 -6.38516264572317e+01 
2.73485845951284e+00 1.63030408903210e+00 -6.45101075906636e+01 
2.74201777485188e+00 1.61257243120566e+00 -6.51654406936830e+01 
2.74917709019092e+00 1.59437773383376e+00 -6.58173157699144e+01 
2.75633640552995e+00 1.57571912829393e+00 -6.64654190468815e+01 
2.76349572086899e+00 1.55659605639887e+00 -6.71094332288727e+01 
2.77065503620803e+00 1.53700827783169e+00 -6.77490377612867e+01 
2.77781435154707e+00 1.51695587728241e+00 -6.83839091062176e+01 
2.78497366688611e+00 1.49643927126428e+00 -6.90137210290135e+01 
2.79213298222515e+00 1.47545921458787e+00 -6.96381448955029e+01 
2.79929229756419e+00 1.45401680647191e+00 -7.02568499795544e+01 
2.80645161290323e+00 1.43211349626977e+00 -7.08695037806010e+01 
2.81361092824226e+00 1.40975108879136e+00 -7.14757723507216e+01 
2.82077024358130e+00 1.38693174920034e+00 -7.20753206308518e+01 
2.82792955892034e+00 1.36365800746761e+00 -7.26678127956491e+01 
2.83508887425938e+00 1.33993276236233e+00 -7.32529126065200e+01 
2.84224818959842e+00 1.31575928496278e+00 -7.38302837722749e+01 
2.84940750493746e+00 1.29114122166998e+00 -7.43995903168543e+01 
2.85656682027650e+00 1.26608259670811e+00 -7.49604969535384e+01 
2.86372613561554e+00 1.24058781409653e+00 -7.55126694650229e+01 
2.87088545095458e+00 1.21466165907934e+00 -7.60557750887199e+01 
2.87804476629361e+00 1.18830929899947e+00 -7.65894829066181e+01 
2.88520408163265e+00 1.16153628360541e+00 -7.71134642390109e+01 
2.89236339697169e+00 1.13434854478006e+00 -7.76273930413826e+01 
2.89952271231073e+00 1.10675239568208e+00 -7.81309463037161e+01 
2.90668202764977e+00 1.07875452929177e+00 -7.86238044514785e+01 
2.91384134298881e+00 1.05036201635469e+00 -7.91056517475099e+01 
2.92100065832785e+00 1.02158230271759e+00 -7.95761766940428e+01 
2.92815997366689e+00 9.92423206052712e-01 -8.00350724340492e+01 
2.93531928900592e+00 9.62892911968000e-01 -8.04820371511242e+01 
2.94247860434496e+00 9.32999969501968e-01 -8.09167744670780e+01 
2.94963791968400e+00 9.02753286003937e-01 -8.13389938364352e+01 
2.95679723502304e+00 8.72162121401421e-01 -8.17484109370098e+01 
2.96395655036208e+00 8.41236081858246e-01 -8.21447480557374e+01 
2.97111586570112e+00 8.09985112828396e-01 -8.25277344689462e+01 
2.97827518104016e+00 7.78419491512161e-01 -8.28971068162439e+01 
2.98543449637920e+00 7.46549818722670e-01 -8.32526094672172e+01 
2.99259381171824e+00 7.14387010172488e-01 -8.35939948801334e+01 
2.99975312705727e+00 6.81942287191360e-01 -8.39210239518616e+01 
3.00691244239631e+00 6.49227166887781e-01 -8.42334663582247e+01 
3.01407175773535e+00 6.16253451768479e-01 -8.45311008840299e+01 
3.02123107307439e+00 5.83033218831399e-01 -8.48137157420268e+01 
3.02839038841343e+00 5.49578808149106e-01 -8.50811088800717e+01 
3.03554970375247e+00 5.15902810961015e-01 -8.53330882757933e+01 
3.04270901909151e+00 4.82018057294093e-01 -8.55694722180891e+01 
3.04986833443055e+00 4.47937603132920e-01 -8.57900895747928e+01 
3.05702764976958e+00 4.13674717161476e-01 -8.59947800459036e+01 
3.06418696510862e+00 3.79242867099828e-01 -8.61833944017774e+01 
3.07134628044766e+00 3.44655705660327e-01 -8.63557947057229e+01 
3.07850559578670e+00 3.09927056148808e-01 -8.65118545204898e+01 
3.08566491112574e+00 2.75070897737329e-01 -8.66514590981479e+01 
3.09282422646478e+00 2.40101350435839e-01 -8.67745055529181e+01 
3.09998354180382e+00 2.05032659791168e-01 -8.68809030165410e+01 
3.10714285714286e+00 1.69879181342201e-01 -8.69705727758171e+01 
