Data Format: k_val_normalized w_real_normalized w_imag 
num_pts 940 
0.00000000000000e+00 -5.57345110693384e-17 7.34050472150626e-15 
3.33688320908768e-03 3.33688320908789e-03 -4.69003089007244e-15 
6.67376641817536e-03 6.67376641817530e-03 -1.19412904544797e-14 
1.00106496272630e-02 1.00106496272630e-02 2.70977240319839e-15 
1.33475328363507e-02 1.33475328363504e-02 -3.30579132783648e-15 
1.66844160454384e-02 1.66844160454381e-02 -8.59301229737175e-15 
2.00212992545261e-02 2.00212992545257e-02 -7.14311189300866e-14 
2.33581824636138e-02 2.33581824636125e-02 -1.26751813821138e-13 
2.66950656727015e-02 2.66950656726980e-02 -2.90049751302646e-13 
3.00319488817891e-02 3.00319488817822e-02 -5.79029519485573e-13 
3.33688320908768e-02 3.33688320908618e-02 -1.08151543898125e-12 
3.67057152999645e-02 3.67057152999353e-02 -1.88363332401400e-12 
4.00425985090522e-02 4.00425985089982e-02 -3.09922163205780e-12 
4.33794817181399e-02 4.33794817180447e-02 -4.85522229594010e-12 
4.67163649272275e-02 4.67163649270667e-02 -7.32963125811140e-12 
5.00532481363152e-02 5.00532481360524e-02 -1.07312890644637e-11 
5.33901313454029e-02 5.33901313449862e-02 -1.52164717147990e-11 
5.67270145544906e-02 5.67270145538476e-02 -2.11111709962502e-11 
6.00638977635783e-02 6.00638977626102e-02 -2.85155419518121e-11 
6.34007809726660e-02 6.34007809712390e-02 -3.76708503343960e-11 
6.67376641817536e-02 6.67376641796903e-02 -4.89135207682462e-11 
7.00745473908413e-02 7.00745473879088e-02 -6.21936354260402e-11 
7.34114305999290e-02 7.34114305958265e-02 -7.78464059468917e-11 
7.67483138090167e-02 7.67483138033579e-02 -9.58019780201589e-11 
8.00851970181044e-02 8.00851970104013e-02 -1.16134552618449e-10 
8.34220802271921e-02 8.34220802168322e-02 -1.38767025119388e-10 
8.67589634362797e-02 8.67589634225002e-02 -1.63452351889819e-10 
9.00958466453674e-02 9.00958466272275e-02 -1.89842305341320e-10 
9.34327298544551e-02 9.34327298308026e-02 -2.17569508830060e-10 
9.67696130635428e-02 9.67696130329771e-02 -2.45981423427524e-10 
1.00106496272630e-01 1.00106496233459e-01 -2.74365429042295e-10 
1.03443379481718e-01 1.03443379431910e-01 -3.01873462298386e-10 
1.06780262690806e-01 1.06780262627936e-01 -3.27526498348672e-10 
1.10117145899894e-01 1.10117145821086e-01 -3.50290266427420e-10 
1.13454029108981e-01 1.13454029010838e-01 -3.68913126150979e-10 
1.16790912318069e-01 1.16790912196601e-01 -3.82210778562118e-10 
1.20127795527157e-01 1.20127795377700e-01 -3.89062847450837e-10 
1.23464678736244e-01 1.23464678553371e-01 -3.88370992307808e-10 
1.26801561945332e-01 1.26801561722754e-01 -3.79248804281507e-10 
1.30138445154420e-01 1.30138444884880e-01 -3.60992210449304e-10 
1.33475328363507e-01 1.33475328038666e-01 -3.33427976880363e-10 
1.36812211572595e-01 1.36812211182904e-01 -2.96818857234122e-10 
1.40149094781683e-01 1.40149094316252e-01 -2.52069929243067e-10 
1.43485977990770e-01 1.43485977437220e-01 -2.01047848522958e-10 
1.46822861199858e-01 1.46822860544165e-01 -1.46583171859484e-10 
1.50159744408946e-01 1.50159743635275e-01 -9.27825387978816e-11 
1.53496627618033e-01 1.53496626708566e-01 -4.52465297214070e-11 
1.56833510827121e-01 1.56833509761862e-01 -1.12771330967164e-11 
1.60170394036209e-01 1.60170392792787e-01 -2.48258554259996e-13 
1.63507277245296e-01 1.63507275798756e-01 -2.37401610825170e-11 
1.66844160454384e-01 1.66844158776962e-01 -9.59857991404928e-11 
1.70181043663472e-01 1.70181041724365e-01 -2.34032131676600e-10 
1.73517926872559e-01 1.73517924637678e-01 -4.58127757131181e-10 
1.76854810081647e-01 1.76854807513361e-01 -7.92133509772330e-10 
1.80191693290735e-01 1.80191690347604e-01 -1.26362724140083e-09 
1.83528576499823e-01 1.83528573136320e-01 -1.90445603458162e-09 
1.86865459708910e-01 1.86865455875132e-01 -2.75085267461574e-09 
1.90202342917998e-01 1.90202338559362e-01 -3.84387431911695e-09 
1.93539226127086e-01 1.93539221184020e-01 -5.22962582645497e-09 
1.96876109336173e-01 1.96876103743795e-01 -6.95957773634672e-09 
2.00212992545261e-01 2.00212986233044e-01 -9.09065022184610e-09 
2.03549875754349e-01 2.03549868645778e-01 -1.16856401356932e-08 
2.06886758963436e-01 2.06886750975658e-01 -1.48131775254315e-08 
2.10223642172524e-01 2.10223633215977e-01 -1.85479180385798e-08 
2.13560525381612e-01 2.13560515359654e-01 -2.29706763233096e-08 
2.16897408590699e-01 2.16897397399225e-01 -2.81682407458141e-08 
2.20234291799787e-01 2.20234279326826e-01 -3.42335254826963e-08 
2.23571175008875e-01 2.23571161134188e-01 -4.12651002591089e-08 
2.26908058217962e-01 2.26908042812622e-01 -4.93674156461309e-08 
2.30244941427050e-01 2.30244924353005e-01 -5.86500676435357e-08 
2.33581824636138e-01 2.33581805745775e-01 -6.92276333971864e-08 
2.36918707845225e-01 2.36918686980907e-01 -8.12190938348537e-08 
2.40255591054313e-01 2.40255568047904e-01 -9.47472098894698e-08 
2.43592474263401e-01 2.43592448935782e-01 -1.09937878233734e-07 
2.46929357472488e-01 2.46929329633046e-01 -1.26919245963272e-07 
2.50266240681576e-01 2.50266210127681e-01 -1.45820752208493e-07 
2.53603123890664e-01 2.53603090407122e-01 -1.66772180266077e-07 
2.56940007099752e-01 2.56939970458234e-01 -1.89902519192948e-07 
2.60276890308839e-01 2.60276850267289e-01 -2.15338430573551e-07 
2.63613773517927e-01 2.63613729819934e-01 -2.43203284314219e-07 
2.66950656727015e-01 2.66950609101164e-01 -2.73615286175692e-07 
2.70287539936102e-01 2.70287488095286e-01 -3.06686137605565e-07 
2.73624423145190e-01 2.73624366785879e-01 -3.42519267486246e-07 
2.76961306354278e-01 2.76961245155760e-01 -3.81208026283460e-07 
2.80298189563365e-01 2.80298123186932e-01 -4.22833970072470e-07 
2.83635072772453e-01 2.83635000860540e-01 -4.67464809069867e-07 
2.86971955981541e-01 2.86971878156814e-01 -5.15152531254530e-07 
2.90308839190628e-01 2.90308755055014e-01 -5.65931422351961e-07 
2.93645722399716e-01 2.93645631533361e-01 -6.19816035644351e-07 
2.96982605608804e-01 2.96982507568981e-01 -6.76799134961535e-07 
3.00319488817891e-01 3.00319383137816e-01 -7.36849714551870e-07 
3.03656372026979e-01 3.03656258214558e-01 -7.99911202769046e-07 
3.06993255236067e-01 3.06993132772556e-01 -8.65899372318678e-07 
3.10330138445154e-01 3.10330006783733e-01 -9.34700691869770e-07 
3.13667021654242e-01 3.13666880218483e-01 -1.00617050027150e-06 
3.17003904863330e-01 3.17003753045577e-01 -1.08013172119712e-06 
3.20340788072418e-01 3.20340625232047e-01 -1.15637319871980e-06 
3.23677671281505e-01 3.23677496743080e-01 -1.23464887625069e-06 
3.27014554490593e-01 3.27014367541892e-01 -1.31467659313830e-06 
3.30351437699681e-01 3.30351237589613e-01 -1.39613773117705e-06 
3.33688320908768e-01 3.33688106845146e-01 -1.47867648672034e-06 
3.37025204117856e-01 3.37024975265040e-01 -1.56190026338757e-06 
3.40362087326944e-01 3.40361842803346e-01 -1.64537971575567e-06 
3.43698970536031e-01 3.43698709411475e-01 -1.72864952973607e-06 
3.47035853745119e-01 3.47035575038046e-01 -1.81120977521482e-06 
3.50372736954207e-01 3.50372439628735e-01 -1.89252722227549e-06 
3.53709620163294e-01 3.53709303126124e-01 -1.97203763885147e-06 
3.57046503372382e-01 3.57046165469533e-01 -2.04914828309621e-06 
3.60383386581470e-01 3.60383026594871e-01 -2.12324109639393e-06 
3.63720269790557e-01 3.63719886434466e-01 -2.19367627251449e-06 
3.67057152999645e-01 3.67056744916908e-01 -2.25979662746288e-06 
3.70394036208733e-01 3.70393601966886e-01 -2.32093222791205e-06 
3.73730919417820e-01 3.73730457505025e-01 -2.37640616324697e-06 
3.77067802626908e-01 3.77067311447733e-01 -2.42554012162525e-06 
3.80404685835996e-01 3.80404163707038e-01 -2.46766145911059e-06 
3.83741569045083e-01 3.83741014190443e-01 -2.50211013872950e-06 
3.87078452254171e-01 3.87077862800771e-01 -2.52824681971744e-06 
3.90415335463259e-01 3.90414709436035e-01 -2.54546109004532e-06 
3.93752218672346e-01 3.93751553989293e-01 -2.55318072763573e-06 
3.97089101881434e-01 3.97088396348526e-01 -2.55088104819665e-06 
4.00425985090522e-01 4.00425236396521e-01 -2.53809525808524e-06 
4.03762868299610e-01 4.03762074010765e-01 -2.51442480117231e-06 
4.07099751508697e-01 4.07098909063347e-01 -2.47955072147762e-06 
4.10436634717785e-01 4.10435741420870e-01 -2.43324481282805e-06 
4.13773517926873e-01 4.13772570944394e-01 -2.37538162965294e-06 
4.17110401135960e-01 4.17109397489362e-01 -2.30595060814528e-06 
4.20447284345048e-01 4.20446220905572e-01 -2.22506831833469e-06 
4.23784167554136e-01 4.23783041037143e-01 -2.13299094213620e-06 
4.27121050763223e-01 4.27119857722513e-01 -2.03012690417917e-06 
4.30457933972311e-01 4.30456670794443e-01 -1.91704929694613e-06 
4.33794817181399e-01 4.33793480080045e-01 -1.79450844036489e-06 
4.37131700390486e-01 4.37130285400827e-01 -1.66344388373771e-06 
4.40468583599574e-01 4.40467086572758e-01 -1.52499656183016e-06 
4.43805466808662e-01 4.43803883406354e-01 -1.38051993950345e-06 
4.47142350017749e-01 4.47140675706771e-01 -1.23159117085966e-06 
4.50479233226837e-01 4.50477463273939e-01 -1.08002128049584e-06 
4.53816116435925e-01 4.53814245902696e-01 -9.27864503960405e-07 
4.57152999645012e-01 4.57151023382950e-01 -7.77426973578114e-07 
4.60489882854100e-01 4.60487795499857e-01 -6.31274033201338e-07 
4.63826766063188e-01 4.63824562034017e-01 -4.92236683544791e-07 
4.67163649272275e-01 4.67161322761686e-01 -3.63416506390471e-07 
4.70500532481363e-01 4.70498077455004e-01 -2.48189145568340e-07 
4.73837415690451e-01 4.73834825882239e-01 -1.50206285160476e-07 
4.77174298899539e-01 4.77171567808040e-01 -7.33959007794207e-08 
4.80511182108626e-01 4.80508302993703e-01 -2.19606585652298e-08 
4.83848065317714e-01 4.83845031197448e-01 -3.74254201985202e-10 
4.87184948526802e-01 4.87181752174699e-01 -1.33758002748704e-08 
4.90521831735889e-01 4.90518465678373e-01 -6.59619832442340e-08 
4.93858714944977e-01 4.93855171459163e-01 -1.63376834319033e-07 
4.97195598154065e-01 4.97191869265833e-01 -3.11099220602365e-07 
5.00532481363152e-01 5.00528558845494e-01 -5.14827691256486e-07 
5.03869364572240e-01 5.03865239943885e-01 -7.80462904478673e-07 
5.07206247781328e-01 5.07201912305636e-01 -1.11408735780265e-06 
5.10543130990415e-01 5.10538575674521e-01 -1.52194240401093e-06 
5.13880014199503e-01 5.13875229793689e-01 -2.01040265895786e-06 
5.17216897408591e-01 5.17211874405878e-01 -2.58594747380491e-06 
5.20553780617678e-01 5.20548509253595e-01 -3.25512995402634e-06 
5.23890663826766e-01 5.23885134079278e-01 -4.02454291886826e-06 
5.27227547035854e-01 5.27221748625408e-01 -4.90078247281967e-06 
5.30564430244941e-01 5.30558352634598e-01 -5.89040874837076e-06 
5.33901313454029e-01 5.33894945849622e-01 -6.99990415074626e-06 
5.37238196663117e-01 5.37231528013412e-01 -8.23562922830494e-06 
5.40575079872205e-01 5.40568098868992e-01 -9.60377597273423e-06 
5.43911963081292e-01 5.43904658159356e-01 -1.11103191738928e-05 
5.47248846290380e-01 5.47241205627291e-01 -1.27609657008253e-05 
5.50585729499467e-01 5.50577741015125e-01 -1.45611017653153e-05 
5.53922612708555e-01 5.53914264064414e-01 -1.65157387682912e-05 
5.57259495917643e-01 5.57250774515548e-01 -1.86294577929465e-05 
5.60596379126731e-01 5.60587272107284e-01 -2.09063528623679e-05 
5.63933262335818e-01 5.63923756576193e-01 -2.33499734342508e-05 
5.67270145544906e-01 5.67260227656024e-01 -2.59632664890774e-05 
5.70607028753994e-01 5.70596685076981e-01 -2.87485183286981e-05 
5.73943911963081e-01 5.73933128564909e-01 -3.17072968531657e-05 
5.77280795172169e-01 5.77269557840382e-01 -3.48403940466364e-05 
5.80617678381257e-01 5.80605972617699e-01 -3.81477698742472e-05 
5.83954561590344e-01 5.83942372603790e-01 -4.16284974434921e-05 
5.87291444799432e-01 5.87278757497004e-01 -4.52807099833354e-05 
5.90628328008520e-01 5.90615126985824e-01 -4.91015503882106e-05 
5.93965211217607e-01 5.93951480747462e-01 -5.30871235312264e-05 
5.97302094426695e-01 5.97287818446371e-01 -5.72324516951294e-05 
6.00638977635783e-01 6.00624139732647e-01 -6.15314342356881e-05 
6.03975860844871e-01 6.03960444240346e-01 -6.59768113406989e-05 
6.07312744053958e-01 6.07296731585710e-01 -7.05601327309188e-05 
6.10649627263046e-01 6.10633001365288e-01 -7.52717316787341e-05 
6.13986510472133e-01 6.13969253153993e-01 -8.01007051959127e-05 
6.17323393681221e-01 6.17305486503064e-01 -8.50349003011464e-05 
6.20660276890309e-01 6.20641700937958e-01 -9.00609076179338e-05 
6.23997160099397e-01 6.23977895956174e-01 -9.51640621453166e-05 
6.27334043308484e-01 6.27314071025008e-01 -1.00328452119443e-04 
6.30670926517572e-01 6.30650225579271e-01 -1.05536936212633e-04 
6.34007809726660e-01 6.33986359018937e-01 -1.10771169757589e-04 
6.37344692935747e-01 6.37322470706782e-01 -1.16011639964177e-04 
6.40681576144835e-01 6.40658559965974e-01 -1.21237711160170e-04 
6.44018459353923e-01 6.43994626077664e-01 -1.26427680004513e-04 
6.47355342563010e-01 6.47330668278566e-01 -1.31558840755676e-04 
6.50692225772098e-01 6.50666685758546e-01 -1.36607561686904e-04 
6.54029108981186e-01 6.54002677658241e-01 -1.41549372077106e-04 
6.57365992190273e-01 6.57338643066703e-01 -1.46359060303004e-04 
6.60702875399361e-01 6.60674581019101e-01 -1.51010783236581e-04 
6.64039758608449e-01 6.64010490494487e-01 -1.55478186876056e-04 
6.67376641817536e-01 6.67346370413637e-01 -1.59734538428747e-04 
6.70713525026624e-01 6.70682219636993e-01 -1.63752869147590e-04 
6.74050408235712e-01 6.74018036962718e-01 -1.67506128691085e-04 
6.77387291444799e-01 6.77353821124877e-01 -1.70967350658263e-04 
6.80724174653887e-01 6.80689570791757e-01 -1.74109827894686e-04 
6.84061057862975e-01 6.84025284564371e-01 -1.76907298838393e-04 
6.87397941072062e-01 6.87360960975101e-01 -1.79334143502988e-04 
6.90734824281150e-01 6.90696598486578e-01 -1.81365588483284e-04 
6.94071707490238e-01 6.94032195490750e-01 -1.82977921249854e-04 
6.97408590699326e-01 6.97367750308178e-01 -1.84148711896226e-04 
7.00745473908413e-01 7.00703261187588e-01 -1.84857042532682e-04 
7.04082357117501e-01 7.04038726305662e-01 -1.85083742868255e-04 
7.07419240326589e-01 7.07374143767126e-01 -1.84811631283873e-04 
7.10756123535676e-01 7.10709511605104e-01 -1.84025760201036e-04 
7.14093006744764e-01 7.14044827781791e-01 -1.82713664865770e-04 
7.17429889953852e-01 7.17380090189412e-01 -1.80865613899986e-04 
7.20766773162939e-01 7.20715296651542e-01 -1.78474860880723e-04 
7.24103656372027e-01 7.24050444924716e-01 -1.75537895061740e-04 
7.27440539581115e-01 7.27385532700418e-01 -1.72054689877773e-04 
7.30777422790202e-01 7.30720557607392e-01 -1.68028948111989e-04 
7.34114305999290e-01 7.34055517214317e-01 -1.63468341651500e-04 
7.37451189208378e-01 7.37390409032827e-01 -1.58384744013593e-04 
7.40788072417465e-01 7.40725230520921e-01 -1.52794454900000e-04 
7.44124955626553e-01 7.44059979086676e-01 -1.46718413740810e-04 
7.47461838835641e-01 7.47394652092364e-01 -1.40182401172756e-04 
7.50798722044728e-01 7.50729246858892e-01 -1.33217226506813e-04 
7.54135605253816e-01 7.54063760670591e-01 -1.25858899336128e-04 
7.57472488462904e-01 7.57398190780340e-01 -1.18148782832727e-04 
7.60809371671991e-01 7.60732534415008e-01 -1.10133727833785e-04 
7.64146254881079e-01 7.64066788781197e-01 -1.01866184664161e-04 
7.67483138090167e-01 7.67400951071289e-01 -9.34042921145292e-05 
7.70820021299255e-01 7.70735018469742e-01 -8.48119399665371e-05 
7.74156904508342e-01 7.74068988159650e-01 -7.61588053109728e-05 
7.77493787717430e-01 7.77402857329518e-01 -6.75203592208199e-05 
7.80830670926518e-01 7.80736623180220e-01 -5.89778423503738e-05 
7.84167554135605e-01 7.84070282932145e-01 -5.06182091297650e-05 
7.87504437344693e-01 7.87403833832441e-01 -4.25340368372856e-05 
7.90841320553781e-01 7.90737273162383e-01 -3.48233998977249e-05 
7.94178203762868e-01 7.94070598244775e-01 -2.75897071861201e-05 
7.97515086971956e-01 7.97403806451368e-01 -2.09415012225827e-05 
8.00851970181044e-01 8.00736895210261e-01 -1.49922186566901e-05 
8.04188853390131e-01 8.04069862013218e-01 -9.85990997953537e-06 
8.07525736599219e-01 8.07402704422862e-01 -5.66691928991743e-06 
8.10862619808307e-01 8.10735420079695e-01 -2.53952206163722e-06 
8.14199503017395e-01 8.14068006708896e-01 -6.07521537374084e-07 
8.17536386226482e-01 8.17400462126840e-01 -3.80321649443501e-09 
8.20873269435570e-01 8.20732784247279e-01 -8.63846721982529e-07 
8.24210152644657e-01 8.24064971087139e-01 -3.32519748917443e-06 
8.27547035853745e-01 8.27397020771866e-01 -7.52689562067093e-06 
8.30883919062833e-01 8.30728931540265e-01 -1.36088660002506e-05 
8.34220802271921e-01 8.34060701748775e-01 -2.17112675128278e-05 
8.37557685481008e-01 8.37392329875124e-01 -3.19738057716350e-05 
8.40894568690096e-01 8.40723814521294e-01 -4.45350076870326e-05 
8.44231451899184e-01 8.44055154415754e-01 -5.95314627471543e-05 
8.47568335108271e-01 8.47386348414876e-01 -7.70970306405091e-05 
8.50905218317359e-01 8.50717395503526e-01 -9.73620195950532e-05 
8.54242101526447e-01 8.54048294794707e-01 -1.20452336290487e-04 
8.57578984735534e-01 8.57379045528259e-01 -1.46488611876627e-04 
8.60915867944622e-01 8.60709647068530e-01 -1.75585306645569e-04 
8.64252751153710e-01 8.64040098900994e-01 -2.07849796600664e-04 
8.67589634362797e-01 8.67370400627729e-01 -2.43381446640566e-04 
8.70926517571885e-01 8.70700551961768e-01 -2.82270673899443e-04 
8.74263400780973e-01 8.74030552720227e-01 -3.24598005080057e-04 
8.77600283990060e-01 8.77360402816219e-01 -3.70433134264466e-04 
8.80937167199148e-01 8.80690102249485e-01 -4.19833983991238e-04 
8.84274050408236e-01 8.84019651095749e-01 -4.72845776154286e-04 
8.87610933617323e-01 8.87349049494759e-01 -5.29500117617073e-04 
8.90947816826411e-01 8.90678297636977e-01 -5.89814106167167e-04 
8.94284700035499e-01 8.94007395748967e-01 -6.53789463039999e-04 
8.97621583244586e-01 8.97336344077394e-01 -7.21411697088538e-04 
9.00958466453674e-01 9.00665142871728e-01 -7.92649307890847e-04 
9.04295349662762e-01 9.03993792365579e-01 -8.67453033314539e-04 
9.07632232871849e-01 9.07322292756738e-01 -9.45755148358038e-04 
9.10969116080937e-01 9.10650644185923e-01 -1.02746882150171e-03 
9.14305999290025e-01 9.13978846714257e-01 -1.11248753530533e-03 
9.17642882499113e-01 9.17306900299546e-01 -1.20068457813680e-03 
9.20979765708200e-01 9.20634804771366e-01 -1.29191261292272e-03 
9.24316648917288e-01 9.23962559805062e-01 -1.38600333038773e-03 
9.27653532126376e-01 9.27290164894674e-01 -1.48276719257768e-03 
9.30990415335463e-01 9.30617619324912e-01 -1.58199327391514e-03 
9.34327298544551e-01 9.33944922142242e-01 -1.68344920491392e-03 
9.37664181753639e-01 9.37272072125163e-01 -1.78688122582185e-03 
9.41001064962726e-01 9.40599067753812e-01 -1.89201435576981e-03 
9.44337948171814e-01 9.43925907178976e-01 -1.99855268235332e-03 
9.47674831380902e-01 9.47252588190656e-01 -2.10617977811981e-03 
9.51011714589989e-01 9.50579108186291e-01 -2.21455924824686e-03 
9.54348597799077e-01 9.53905464138804e-01 -2.32333541396240e-03 
9.57685481008165e-01 9.57231652564607e-01 -2.43213413631251e-03 
9.61022364217252e-01 9.60557669491709e-01 -2.54056378364630e-03 
9.64359247426340e-01 9.63883510428118e-01 -2.64821634583191e-03 
9.67696130635428e-01 9.67209170330690e-01 -2.75466869810499e-03 
9.71033013844515e-01 9.70534643574622e-01 -2.85948401600606e-03 
9.74369897053603e-01 9.73859923923741e-01 -2.96221334315165e-03 
9.77706780262691e-01 9.77185004501847e-01 -3.06239731154611e-03 
9.81043663471779e-01 9.80509877765229e-01 -3.15956801511959e-03 
9.84380546680866e-01 9.83834535476625e-01 -3.25325103431014e-03 
9.87717429889954e-01 9.87158968680809e-01 -3.34296761049305e-03 
9.91054313099042e-01 9.90483167681996e-01 -3.42823696673920e-03 
9.94391196308129e-01 9.93807122023325e-01 -3.50857877168937e-03 
9.97728079517217e-01 9.97130820468593e-01 -3.58351574069696e-03 
1.00106496272630e+00 1.00045425098648e+00 -3.65257636910047e-03 
1.00440184593539e+00 1.00377740073746e+00 -3.71529779072200e-03 
1.00773872914448e+00 1.00710025606364e+00 -3.77122875254127e-03 
1.01107561235357e+00 1.01042280248170e+00 -3.81993269755874e-03 
1.01441249556266e+00 1.01374502467915e+00 -3.86099094462643e-03 
1.01774937877174e+00 1.01706690651412e+00 -3.89400595496543e-03 
1.02108626198083e+00 1.02038843101881e+00 -3.91860467106161e-03 
1.02442314518992e+00 1.02370958040688e+00 -3.93444191612087e-03 
1.02776002839901e+00 1.02703033608483e+00 -3.94120383830880e-03 
1.03109691160809e+00 1.03035067866758e+00 -3.93861138369850e-03 
1.03443379481718e+00 1.03367058799846e+00 -3.92642378217159e-03 
1.03777067802627e+00 1.03699004317349e+00 -3.90444202718070e-03 
1.04110756123536e+00 1.04030902257041e+00 -3.87251233045749e-03 
1.04444444444444e+00 1.04362750388218e+00 -3.83052953360662e-03 
1.04778132765353e+00 1.04694546415526e+00 -3.77844045329721e-03 
1.05111821086262e+00 1.05026287983265e+00 -3.71624714134988e-03 
1.05445509407171e+00 1.05357972680154e+00 -3.64401003548908e-03 
1.05779197728080e+00 1.05689598044584e+00 -3.56185098002859e-03 
1.06112886048988e+00 1.06021161570329e+00 -3.46995609180990e-03 
1.06446574369897e+00 1.06352660712722e+00 -3.36857844949890e-03 
1.06780262690806e+00 1.06684092895283e+00 -3.25804058157251e-03 
1.07113951011715e+00 1.07015455516780e+00 -3.13873673033888e-03 
1.07447639332623e+00 1.07346745958719e+00 -3.01113486727073e-03 
1.07781327653532e+00 1.07677961593227e+00 -2.87577843784489e-03 
1.08115015974441e+00 1.08009099791321e+00 -2.73328781081203e-03 
1.08448704295350e+00 1.08340157931528e+00 -2.58436141246501e-03 
1.08782392616258e+00 1.08671133408823e+00 -2.42977652081047e-03 
1.09116080937167e+00 1.09002023643871e+00 -2.27038970169438e-03 
1.09449769258076e+00 1.09332826092510e+00 -2.10713686516052e-03 
1.09783457578985e+00 1.09663538255462e+00 -1.94103292335825e-03 
1.10117145899893e+00 1.09994157688217e+00 -1.77317103486294e-03 
1.10450834220802e+00 1.10324682011041e+00 -1.60472141629362e-03 
1.10784522541711e+00 1.10655108919086e+00 -1.43692970915074e-03 
1.11118210862620e+00 1.10985436192513e+00 -1.27111488882894e-03 
1.11451899183529e+00 1.11315661706619e+00 -1.10866670486160e-03 
1.11785587504437e+00 1.11645783441877e+00 -9.51042644098123e-04 
1.12119275825346e+00 1.11975799493867e+00 -7.99764410062404e-04 
1.12452964146255e+00 1.12305708083007e+00 -6.56413914332269e-04 
1.12786652467164e+00 1.12635507564062e+00 -5.22628777684535e-04 
1.13120340788072e+00 1.12965196435333e+00 -4.00097341972249e-04 
1.13454029108981e+00 1.13294773347505e+00 -2.90553193599577e-04 
1.13787717429890e+00 1.13624237112059e+00 -1.95769206680080e-04 
1.14121405750799e+00 1.13953586709209e+00 -1.17551110926636e-04 
1.14455094071707e+00 1.14282821295297e+00 -5.77305948775098e-05 
1.14788782392616e+00 1.14611940209581e+00 -1.81579586524551e-05 
1.15122470713525e+00 1.14940942980363e+00 -6.94328329496702e-07 
1.15456159034434e+00 1.15269829330397e+00 -7.20345254075819e-06 
1.15789847355343e+00 1.15598599181506e+00 -3.95430990425474e-05 
1.16123535676251e+00 1.15927252658377e+00 -9.95560736892360e-05 
1.16457223997160e+00 1.16255790091453e+00 -1.89060887368419e-04 
1.16790912318069e+00 1.16584212018883e+00 -3.09842096604284e-04 
1.17124600638978e+00 1.16912519187476e+00 -4.63640347410068e-04 
1.17458288959886e+00 1.17240712552606e+00 -6.52142152910786e-04 
1.17791977280795e+00 1.17568793277022e+00 -8.76969438361466e-04 
1.18125665601704e+00 1.17896762728523e+00 -1.13966888896520e-03 
1.18459353922613e+00 1.18224622476448e+00 -1.44170113628890e-03 
1.18793042243521e+00 1.18552374286943e+00 -1.78442982426910e-03 
1.19126730564430e+00 1.18880020116972e+00 -2.16911059395451e-03 
1.19460418885339e+00 1.19207562107033e+00 -2.59688003059804e-03 
1.19794107206248e+00 1.19535002572549e+00 -3.06874461769678e-03 
1.20127795527157e+00 1.19862343993902e+00 -3.58556974363764e-03 
1.20461483848065e+00 1.20189589005093e+00 -4.14806880992425e-03 
1.20795172168974e+00 1.20516740380991e+00 -4.75679249081853e-03 
1.21128860489883e+00 1.20843801023172e+00 -5.41211819520872e-03 
1.21462548810792e+00 1.21170773944307e+00 -6.11423978564382e-03 
1.21796237131700e+00 1.21497662251111e+00 -6.86315761048409e-03 
1.22129925452609e+00 1.21824469125828e+00 -7.65866890423807e-03 
1.22463613773518e+00 1.22151197806258e+00 -8.50035861902406e-03 
1.22797302094427e+00 1.22477851564319e+00 -9.38759074727619e-03 
1.23130990415335e+00 1.22804433683149e+00 -1.03195001990786e-02 
1.23464678736244e+00 1.23130947432772e+00 -1.12949853012693e-02 
1.23798367057153e+00 1.23457396044320e+00 -1.23127009877707e-02 
1.24132055378062e+00 1.23783782682853e+00 -1.33710527486814e-02 
1.24465743698971e+00 1.24110110418799e+00 -1.44681914155055e-02 
1.24799432019879e+00 1.24436382198045e+00 -1.56020088550280e-02 
1.25133120340788e+00 1.24762600810732e+00 -1.67701346506722e-02 
1.25466808661697e+00 1.25088768858804e+00 -1.79699338516928e-02 
1.25800496982606e+00 1.25414888722370e+00 -1.91985058721588e-02 
1.26134185303514e+00 1.25740962524965e+00 -2.04526846232652e-02 
1.26467873624423e+00 1.26066992097776e+00 -2.17290399651616e-02 
1.26801561945332e+00 1.26392978942961e+00 -2.30238805655028e-02 
1.27135250266241e+00 1.26718924196143e+00 -2.43332582512631e-02 
1.27468938587149e+00 1.27044828588236e+00 -2.56529739424569e-02 
1.27802626908058e+00 1.27370692406724e+00 -2.69785852551199e-02 
1.28136315228967e+00 1.27696515456576e+00 -2.83054158596658e-02 
1.28470003549876e+00 1.28022297020964e+00 -2.96285666785049e-02 
1.28803691870785e+00 1.28348035821989e+00 -3.09429290031639e-02 
1.29137380191693e+00 1.28673729981648e+00 -3.22431996078683e-02 
1.29471068512602e+00 1.28999376983257e+00 -3.35238979287185e-02 
1.29804756833511e+00 1.29324973633633e+00 -3.47793853723060e-02 
1.30138445154420e+00 1.29650516026287e+00 -3.60038868050974e-02 
1.30472133475328e+00 1.29975999505957e+00 -3.71915142683865e-02 
1.30805821796237e+00 1.30301418634811e+00 -3.83362929456991e-02 
1.31139510117146e+00 1.30626767160663e+00 -3.94321893981122e-02 
1.31473198438055e+00 1.30952037987585e+00 -4.04731420630379e-02 
1.31806886758963e+00 1.31277223149293e+00 -4.14530939934822e-02 
1.32140575079872e+00 1.31602313785726e+00 -4.23660277919066e-02 
1.32474263400781e+00 1.31927300123232e+00 -4.32060026702822e-02 
1.32807951721690e+00 1.32252171458781e+00 -4.39671935380250e-02 
1.33141640042599e+00 1.32576916148648e+00 -4.46439319940904e-02 
1.33475328363507e+00 1.32901521601996e+00 -4.52307490683896e-02 
1.33809016684416e+00 1.33225974279779e+00 -4.57224195223266e-02 
1.34142705005325e+00 1.33550259699388e+00 -4.61140074903328e-02 
1.34476393326234e+00 1.33874362445421e+00 -4.64009132063004e-02 
1.34810081647142e+00 1.34198266186963e+00 -4.65789205251621e-02 
1.35143769968051e+00 1.34521953701684e+00 -4.66442449171421e-02 
1.35477458288960e+00 1.34845406907054e+00 -4.65935815785697e-02 
1.35811146609869e+00 1.35168606898922e+00 -4.64241532731642e-02 
1.36144834930777e+00 1.35491533997602e+00 -4.61337574872558e-02 
1.36478523251686e+00 1.35814167801599e+00 -4.57208124614260e-02 
1.36812211572595e+00 1.36136487248991e+00 -4.51844016373374e-02 
1.37145899893504e+00 1.36458470686415e+00 -4.45243160446590e-02 
1.37479588214412e+00 1.36780095945498e+00 -4.37410941466995e-02 
1.37813276535321e+00 1.37101340426522e+00 -4.28360586559026e-02 
1.38146964856230e+00 1.37422181188953e+00 -4.18113498415468e-02 
1.38480653177139e+00 1.37742595048429e+00 -4.06699548608120e-02 
1.38814341498048e+00 1.38062558679651e+00 -3.94157326680472e-02 
1.39148029818956e+00 1.38382048724572e+00 -3.80534340868716e-02 
1.39481718139865e+00 1.38701041905146e+00 -3.65887166673472e-02 
1.39815406460774e+00 1.39019515139869e+00 -3.50281539950268e-02 
1.40149094781683e+00 1.39337445663210e+00 -3.33792391757952e-02 
1.40482783102591e+00 1.39654811147034e+00 -3.16503822759868e-02 
1.40816471423500e+00 1.39971589823026e+00 -2.98509015644513e-02 
1.41150159744409e+00 1.40287760605104e+00 -2.79910084728508e-02 
1.41483848065318e+00 1.40603303210814e+00 -2.60817862621551e-02 
1.41817536386226e+00 1.40918198280689e+00 -2.41351624554000e-02 
1.42151224707135e+00 1.41232427494541e+00 -2.21638751719771e-02 
1.42484913028044e+00 1.41545973683772e+00 -2.01814335676395e-02 
1.42818601348953e+00 1.41858820938747e+00 -1.82020726509451e-02 
1.43152289669862e+00 1.42170954710417e+00 -1.62407028113718e-02 
1.43485977990770e+00 1.42482361905422e+00 -1.43128544440233e-02 
1.43819666311679e+00 1.42793030974007e+00 -1.24346181098572e-02 
1.44153354632588e+00 1.43102951990202e+00 -1.06225806996556e-02 
1.44487042953497e+00 1.43412116723802e+00 -8.89375810648454e-03 
1.44820731274405e+00 1.43720518703825e+00 -7.26552492354664e-03 
1.45154419595314e+00 1.44028153273229e+00 -5.75554169258471e-03 
1.45488107916223e+00 1.44335017634792e+00 -4.38168022830222e-03 
1.45821796237132e+00 1.44641110888160e+00 -3.16194752671135e-03 
1.46155484558040e+00 1.44946434058203e+00 -2.11440874584626e-03 
1.46489172878949e+00 1.45250990114880e+00 -1.25710971429878e-03 
1.46822861199858e+00 1.45554783984938e+00 -6.07999384852156e-04 
1.47156549520767e+00 1.45857822555838e+00 -1.84852603163650e-04 
1.47490237841676e+00 1.46160114672341e+00 -5.19351321464349e-06 
1.47823926162584e+00 1.46461671126293e+00 -8.62198580885921e-05 
1.48157614483493e+00 1.46762504640125e+00 -4.44728385605526e-04 
1.48491302804402e+00 1.47062629844658e+00 -1.09704149578072e-03 
1.48824991125311e+00 1.47362063251785e+00 -2.05893521244898e-03 
1.49158679446219e+00 1.47660823222611e+00 -3.34556849381265e-03 
1.49492367767128e+00 1.47958929931596e+00 -4.97141383672482e-03 
1.49826056088037e+00 1.48256405327259e+00 -6.95018906523733e-03 
1.50159744408946e+00 1.48553273089897e+00 -9.29479014057577e-03 
1.50493432729854e+00 1.48849558586785e+00 -1.20172247643759e-02 
1.50827121050763e+00 1.49145288825192e+00 -1.51285465002077e-02 
1.51160809371672e+00 1.49440492403542e+00 -1.86387890838824e-02 
1.51494497692581e+00 1.49735199460895e+00 -2.25569005439225e-02 
1.51828186013490e+00 1.50029441624881e+00 -2.68906767101738e-02 
1.52161874334398e+00 1.50323251958071e+00 -3.16466936453529e-02 
1.52495562655307e+00 1.50616664902691e+00 -3.68302384955851e-02 
1.52829250976216e+00 1.50909716223407e+00 -4.24452382215587e-02 
1.53162939297125e+00 1.51202442947818e+00 -4.84941856366493e-02 
1.53496627618033e+00 1.51494883304076e+00 -5.49780621537942e-02 
1.53830315938942e+00 1.51787076654944e+00 -6.18962566176221e-02 
1.54164004259851e+00 1.52079063427354e+00 -6.92464795753573e-02 
1.54497692580760e+00 1.52370885036320e+00 -7.70246723326986e-02 
1.54831380901668e+00 1.52662583801862e+00 -8.52249101338402e-02 
1.55165069222577e+00 1.52954202857267e+00 -9.38392988032478e-02 
1.55498757543486e+00 1.53245786046751e+00 -1.02857864211421e-01 
1.55832445864395e+00 1.53537377810230e+00 -1.12268433957209e-01 
1.56166134185304e+00 1.53829023052527e+00 -1.22056510705543e-01 
1.56499822506212e+00 1.54120766993927e+00 -1.32205136712936e-01 
1.56833510827121e+00 1.54412654998480e+00 -1.42694749174371e-01 
1.57167199148030e+00 1.54704732375958e+00 -1.53503026193252e-01 
1.57500887468939e+00 1.54997044152764e+00 -1.64604723383530e-01 
1.57834575789847e+00 1.55289634806421e+00 -1.75971501401989e-01 
1.58168264110756e+00 1.55582547957633e+00 -1.87571745075277e-01 
1.58501952431665e+00 1.55875826013081e+00 -1.99370375271697e-01 
1.58835640752574e+00 1.56169509751427e+00 -2.11328655273385e-01 
1.59169329073482e+00 1.56463637844157e+00 -2.23403994185301e-01 
1.59503017394391e+00 1.56758246302187e+00 -2.35549750882303e-01 
1.59836705715300e+00 1.57053367838503e+00 -2.47715043193374e-01 
1.60170394036209e+00 1.57349031136614e+00 -2.59844568487479e-01 
1.60504082357118e+00 1.57645260014441e+00 -2.71878443590682e-01 
1.60837770678026e+00 1.57942072473459e+00 -2.83752074066140e-01 
1.61171458998935e+00 1.58239479623845e+00 -2.95396065339495e-01 
1.61505147319844e+00 1.58537484478076e+00 -3.06736190955520e-01 
1.61838835640753e+00 1.58836080608373e+00 -3.17693436370730e-01 
1.62172523961661e+00 1.59135250667847e+00 -3.28184140018379e-01 
1.62506212282570e+00 1.59434964781532e+00 -3.38120256789021e-01 
1.62839900603479e+00 1.59735178822286e+00 -3.47409772250485e-01 
1.63173588924388e+00 1.60035832597895e+00 -3.55957298520558e-01 
1.63507277245296e+00 1.60336847990231e+00 -3.63664884135817e-01 
1.63840965566205e+00 1.60638127104716e+00 -3.70433069808834e-01 
1.64174653887114e+00 1.60939550508557e+00 -3.76162218777264e-01 
1.64508342208023e+00 1.61240975658170e+00 -3.80754143490625e-01 
1.64842030528931e+00 1.61542235638365e+00 -3.84114038705435e-01 
1.65175718849840e+00 1.61843138355526e+00 -3.86152713810419e-01 
1.65509407170749e+00 1.62143466340830e+00 -3.86789094047057e-01 
1.65843095491658e+00 1.62442977322976e+00 -3.85952931600778e-01 
1.66176783812567e+00 1.62741405718358e+00 -3.83587634878024e-01 
1.66510472133475e+00 1.63038465155847e+00 -3.79653090532606e-01 
1.66844160454384e+00 1.63333852100601e+00 -3.74128322343706e-01 
1.67177848775293e+00 1.63627250567081e+00 -3.67013809300846e-01 
1.67511537096202e+00 1.63918337819858e+00 -3.58333278022081e-01 
1.67845225417110e+00 1.64206790861134e+00 -3.48134796820312e-01 
1.68178913738019e+00 1.64492293408929e+00 -3.36491032919292e-01 
1.68512602058928e+00 1.64774542995015e+00 -3.23498589509008e-01 
1.68846290379837e+00 1.65053257770968e+00 -3.09276410366829e-01 
1.69179978700745e+00 1.65328182614028e+00 -2.93963317716776e-01 
1.69513667021654e+00 1.65599094174246e+00 -2.77714822809236e-01 
1.69847355342563e+00 1.65865804594791e+00 -2.60699407444999e-01 
1.70181043663472e+00 1.66128163754796e+00 -2.43094510068579e-01 
1.70514731984381e+00 1.66386060011015e+00 -2.25082458239523e-01 
1.70848420305289e+00 1.66639419532720e+00 -2.06846571359327e-01 
1.71182108626198e+00 1.66888204418871e+00 -1.88567618888209e-01 
1.71515796947107e+00 1.67132409849041e+00 -1.70420767895273e-01 
1.71849485268016e+00 1.67372060547494e+00 -1.52573098259645e-01 
1.72183173588924e+00 1.67607206836857e+00 -1.35181711643150e-01 
1.72516861909833e+00 1.67837920531082e+00 -1.18392416758120e-01 
1.72850550230742e+00 1.68064290875558e+00 -1.02338941193050e-01 
1.73184238551651e+00 1.68286420693671e+00 -8.71425996090118e-02 
1.73517926872559e+00 1.68504422850540e+00 -7.29123383062444e-02 
1.73851615193468e+00 1.68718417100786e+00 -5.97450748749594e-02 
1.74185303514377e+00 1.68928527350646e+00 -4.77262564469341e-02 
1.74518991835286e+00 1.69134879336504e+00 -3.69305686672020e-02 
1.74852680156195e+00 1.69337598701676e+00 -2.74227379810088e-02 
1.75186368477103e+00 1.69536809440129e+00 -1.92583807347304e-02 
1.75520056798012e+00 1.69732632668388e+00 -1.24848629653288e-02 
1.75853745118921e+00 1.69925185683859e+00 -7.14214400348418e-03 
1.76187433439830e+00 1.70114581267892e+00 -3.26358490001736e-03 
1.76521121760738e+00 1.70300927194069e+00 -8.76709125022407e-04 
1.76854810081647e+00 1.70484325905618e+00 -3.90807255340391e-06 
1.77188498402556e+00 1.70664874329882e+00 -6.63087788017971e-04 
1.77522186723465e+00 1.70842663801971e+00 -2.86825619624922e-03 
1.77855875044373e+00 1.71017780073824e+00 -6.63005212943669e-03 
1.78189563365282e+00 1.71190303388740e+00 -1.19562188260188e-02 
1.78523251686191e+00 1.71360308604828e+00 -1.88520254216606e-02 
1.78856940007100e+00 1.71527865353896e+00 -2.73206404316040e-02 
1.79190628328009e+00 1.71693038224825e+00 -3.73634614174553e-02 
1.79524316648917e+00 1.71855886962752e+00 -4.89804050331782e-02 
1.79858004969826e+00 1.72016466677161e+00 -6.21701615084609e-02 
1.80191693290735e+00 1.72174828053550e+00 -7.69304174150825e-02 
1.80525381611644e+00 1.72331017564569e+00 -9.32580502865913e-02 
1.80859069932552e+00 1.72485077677541e+00 -1.11149298376275e-01 
1.81192758253461e+00 1.72637047056101e+00 -1.30599908533034e-01 
1.81526446574370e+00 1.72786960754328e+00 -1.51605264886306e-01 
1.81860134895279e+00 1.72934850402260e+00 -1.74160500747354e-01 
1.82193823216187e+00 1.73080744382099e+00 -1.98260595876774e-01 
1.82527511537096e+00 1.73224667994702e+00 -2.23900461022350e-01 
1.82861199858005e+00 1.73366643616221e+00 -2.51075011416745e-01 
1.83194888178914e+00 1.73506690844899e+00 -2.79779230724583e-01 
1.83528576499823e+00 1.73644826638206e+00 -3.10008226752353e-01 
1.83862264820731e+00 1.73781065440565e+00 -3.41757280078373e-01 
1.84195953141640e+00 1.73915419301993e+00 -3.75021886619934e-01 
1.84529641462549e+00 1.74047897988025e+00 -4.09797795033687e-01 
1.84863329783458e+00 1.74178509081341e+00 -4.46081039738391e-01 
1.85197018104366e+00 1.74307258075486e+00 -4.83867970253970e-01 
1.85530706425275e+00 1.74434148461116e+00 -5.23155277471953e-01 
1.85864394746184e+00 1.74559181805184e+00 -5.63940017400067e-01 
1.86198083067093e+00 1.74682357823468e+00 -6.06219632861578e-01 
1.86531771388001e+00 1.74803674446841e+00 -6.49991973583243e-01 
1.86865459708910e+00 1.74923127881664e+00 -6.95255315051066e-01 
1.87199148029819e+00 1.75040712664666e+00 -7.42008376486755e-01 
1.87532836350728e+00 1.75156421712651e+00 -7.90250338254298e-01 
1.87866524671637e+00 1.75270246367383e+00 -8.39980858987418e-01 
1.88200212992545e+00 1.75382176435952e+00 -8.91200092701521e-01 
1.88533901313454e+00 1.75492200226921e+00 -9.43908706139737e-01 
1.88867589634363e+00 1.75600304582564e+00 -9.98107896583155e-01 
1.89201277955272e+00 1.75706474907442e+00 -1.05379941034995e+00 
1.89534966276180e+00 1.75810695193618e+00 -1.11098556219763e+00 
1.89868654597089e+00 1.75912948042751e+00 -1.16966925583786e+00 
1.90202342917998e+00 1.76013214685336e+00 -1.22985400577225e+00 
1.90536031238907e+00 1.76111474997342e+00 -1.29154396065712e+00 
1.90869719559815e+00 1.76207707514512e+00 -1.35474392840725e+00 
1.91203407880724e+00 1.76301889444572e+00 -1.41945940325628e+00 
1.91537096201633e+00 1.76393996677642e+00 -1.48569659499456e+00 
1.91870784522542e+00 1.76484003795103e+00 -1.55346246061622e+00 
1.92204472843450e+00 1.76571884077254e+00 -1.62276473862003e+00 
1.92538161164359e+00 1.76657609510043e+00 -1.69361198621729e+00 
1.92871849485268e+00 1.76741150791269e+00 -1.76601361971672e+00 
1.93205537806177e+00 1.76822477336596e+00 -1.83997995837576e+00 
1.93539226127086e+00 1.76901557285847e+00 -1.91552227201771e+00 
1.93872914447994e+00 1.76978357510042e+00 -1.99265283274286e+00 
1.94206602768903e+00 1.77052843619731e+00 -2.07138497107353e+00 
1.94540291089812e+00 1.77124979975236e+00 -2.15173313690209e+00 
1.94873979410721e+00 1.77194729699529e+00 -2.23371296562630e+00 
1.95207667731629e+00 1.77262054694520e+00 -2.31734134988208e+00 
1.95541356052538e+00 1.77326915661733e+00 -2.40263651730467e+00 
1.95875044373447e+00 1.77389272128394e+00 -2.48961811476722e+00 
1.96208732694356e+00 1.77449082480206e+00 -2.57830729956191e+00 
1.96542421015264e+00 1.77506304002211e+00 -2.66872683800273e+00 
1.96876109336173e+00 1.77560892929396e+00 -2.76090121193297e+00 
1.97209797657082e+00 1.77612804508940e+00 -2.85485673361459e+00 
1.97543485977991e+00 1.77661993076290e+00 -2.95062166946264e+00 
1.97877174298900e+00 1.77708412147604e+00 -3.04822637305157e+00 
1.98210862619808e+00 1.77752014531446e+00 -3.14770342776278e+00 
1.98544550940717e+00 1.77792752463097e+00 -3.24908779935833e+00 
1.98878239261626e+00 1.77830577765291e+00 -3.35241699863643e+00 
1.99211927582535e+00 1.77865442039765e+00 -3.45773125415621e+00 
1.99545615903443e+00 1.77897296894583e+00 -3.56507369477700e+00 
1.99879304224352e+00 1.77926094212899e+00 -3.67449054144764e+00 
2.00212992545261e+00 1.77951786469496e+00 -3.78603130726716e+00 
2.00546680866170e+00 1.77974327102212e+00 -3.89974900431035e+00 
2.00880369187078e+00 1.77993670946164e+00 -4.01570035503046e+00 
2.01214057507987e+00 1.78009774739384e+00 -4.13394600520011e+00 
2.01547745828896e+00 1.78022597709248e+00 -4.25455073428315e+00 
2.01881434149805e+00 1.78032102249623e+00 -4.37758365782351e+00 
2.02215122470714e+00 1.78038254699015e+00 -4.50311841483032e+00 
2.02548810791622e+00 1.78041026230029e+00 -4.63123333123473e+00 
2.02882499112531e+00 1.78040393859917e+00 -4.76201154822291e+00 
2.03216187433440e+00 1.78036341590750e+00 -4.89554110164092e+00 
2.03549875754349e+00 1.78028861685511e+00 -5.03191493570883e+00 
2.03883564075257e+00 1.78017956082775e+00 -5.17123083104920e+00 
2.04217252396166e+00 1.78003637947390e+00 -5.31359122364104e+00 
2.04550940717075e+00 1.77985933347104e+00 -5.45910288798015e+00 
2.04884629037984e+00 1.77964883035158e+00 -5.60787645475085e+00 
2.05218317358892e+00 1.77940544306021e+00 -5.76002573120592e+00 
2.05552005679801e+00 1.77912992875611e+00 -5.91566679179704e+00 
2.05885694000710e+00 1.77882324718475e+00 -6.07491680821301e+00 
2.06219382321619e+00 1.77848657773294e+00 -6.23789259283029e+00 
2.06553070642528e+00 1.77812133405734e+00 -6.40470883861504e+00 
2.06886758963436e+00 1.77772917496304e+00 -6.57547605274489e+00 
2.07220447284345e+00 1.77731201003476e+00 -6.75029820122198e+00 
2.07554135605254e+00 1.77687199842829e+00 -6.92927010762326e+00 
2.07887823926163e+00 1.77641153925967e+00 -7.11247467995311e+00 
2.08221512247071e+00 1.77593325223110e+00 -7.29998007318963e+00 
2.08555200567980e+00 1.77543994754138e+00 -7.49183692793150e+00 
2.08888888888889e+00 1.77493458475985e+00 -7.68807585265271e+00 
2.09222577209798e+00 1.77442022117511e+00 -7.88870533267665e+00 
2.09556265530706e+00 1.77389995109727e+00 -8.09371024759202e+00 
2.09889953851615e+00 1.77337683858538e+00 -8.30305115643276e+00 
2.10223642172524e+00 1.77285384694577e+00 -8.51666446550019e+00 
2.10557330493433e+00 1.77233376895092e+00 -8.73446353018017e+00 
2.10891018814341e+00 1.77181916193676e+00 -8.95634066652410e+00 
2.11224707135250e+00 1.77131229168280e+00 -9.18216997093669e+00 
2.11558395456159e+00 1.77081508827756e+00 -9.41181077832628e+00 
2.11892083777068e+00 1.77032911612078e+00 -9.64511154051574e+00 
2.12225772097977e+00 1.76985555897049e+00 -9.88191388392258e+00 
2.12559460418885e+00 1.76939521969406e+00 -1.01220566100400e+01 
2.12893148739794e+00 1.76894853329610e+00 -1.03653794307949e+01 
2.13226837060703e+00 1.76851559099405e+00 -1.06117262765774e+01 
2.13560525381612e+00 1.76809617265096e+00 -1.08609480691105e+01 
2.13894213702520e+00 1.76768978474809e+00 -1.11129049061111e+01 
2.14227902023429e+00 1.76729570123090e+00 -1.13674676533640e+01 
2.14561590344338e+00 1.76691300491175e+00 -1.16245189783002e+01 
2.14895278665247e+00 1.76654062757150e+00 -1.18839538858335e+01 
2.15228966986155e+00 1.76617738739502e+00 -1.21456798324678e+01 
2.15562655307064e+00 1.76582202284380e+00 -1.24096165002055e+01 
2.15896343627973e+00 1.76547322247461e+00 -1.26756953099386e+01 
2.16230031948882e+00 1.76512965054025e+00 -1.29438587471661e+01 
2.16563720269791e+00 1.76478996845206e+00 -1.32140595632188e+01 
2.16897408590699e+00 1.76445285235119e+00 -1.34862599043720e+01 
2.17231096911608e+00 1.76411700713903e+00 -1.37604304105030e+01 
2.17564785232517e+00 1.76378117736861e+00 -1.40365493150951e+01 
2.17898473553426e+00 1.76344415541332e+00 -1.43146015697814e+01 
2.18232161874334e+00 1.76310478731777e+00 -1.45945780094674e+01 
2.18565850195243e+00 1.76276197670709e+00 -1.48764745683091e+01 
2.18899538516152e+00 1.76241468709386e+00 -1.51602915523621e+01 
2.19233226837061e+00 1.76206194288078e+00 -1.54460329713723e+01 
2.19566915157969e+00 1.76170282931572e+00 -1.57337059297653e+01 
2.19900603478878e+00 1.76133649161655e+00 -1.60233200752217e+01 
2.20234291799787e+00 1.76096213344773e+00 -1.63148871021470e+01 
2.20567980120696e+00 1.76057901489850e+00 -1.66084203066982e+01 
2.20901668441605e+00 1.76018645008566e+00 -1.69039341897202e+01 
2.21235356762513e+00 1.75978380448056e+00 -1.72014441038506e+01 
2.21569045083422e+00 1.75937049204031e+00 -1.75009659411331e+01 
2.21902733404331e+00 1.75894597220799e+00 -1.78025158576490e+01 
2.22236421725240e+00 1.75850974683283e+00 -1.81061100319065e+01 
2.22570110046148e+00 1.75806135705176e+00 -1.84117644540004e+01 
2.22903798367057e+00 1.75760038016496e+00 -1.87194947428089e+01 
2.23237486687966e+00 1.75712642653191e+00 -1.90293159887686e+01 
2.23571175008875e+00 1.75663913650930e+00 -1.93412426199999e+01 
2.23904863329783e+00 1.75613817744826e+00 -1.96552882897885e+01 
2.24238551650692e+00 1.75562324076544e+00 -1.99714657836056e+01 
2.24572239971601e+00 1.75509403910024e+00 -2.02897869440323e+01 
2.24905928292510e+00 1.75455030356854e+00 -2.06102626120808e+01 
2.25239616613419e+00 1.75399178112209e+00 -2.09329025835342e+01 
2.25573304934327e+00 1.75341823202135e+00 -2.12577155790086e+01 
2.25906993255236e+00 1.75282942742868e+00 -2.15847092265304e+01 
2.26240681576145e+00 1.75222514712786e+00 -2.19138900554697e+01 
2.26574369897054e+00 1.75160517737496e+00 -2.22452635007340e+01 
2.26908058217962e+00 1.75096930888473e+00 -2.25788339161518e+01 
2.27241746538871e+00 1.75031733495594e+00 -2.29146045960185e+01 
2.27575434859780e+00 1.74964904973776e+00 -2.32525778038048e+01 
2.27909123180689e+00 1.74896424663878e+00 -2.35927548070558e+01 
2.28242811501597e+00 1.74826271687892e+00 -2.39351359175344e+01 
2.28576499822506e+00 1.74754424818368e+00 -2.42797205357037e+01 
2.28910188143415e+00 1.74680862361899e+00 -2.46265071986679e+01 
2.29243876464324e+00 1.74605562056407e+00 -2.49754936307357e+01 
2.29577564785233e+00 1.74528500981877e+00 -2.53266767958096e+01 
2.29911253106141e+00 1.74449655484076e+00 -2.56800529508587e+01 
2.30244941427050e+00 1.74369001110737e+00 -2.60356176997734e+01 
2.30578629747959e+00 1.74286512559594e+00 -2.63933660469697e+01 
2.30912318068868e+00 1.74202163637601e+00 -2.67532924501577e+01 
2.31246006389776e+00 1.74115927230610e+00 -2.71153908717588e+01 
2.31579694710685e+00 1.74027775282732e+00 -2.74796548285115e+01 
2.31913383031594e+00 1.73937678784609e+00 -2.78460774388764e+01 
2.32247071352503e+00 1.73845607769745e+00 -2.82146514679082e+01 
2.32580759673411e+00 1.73751531318107e+00 -2.85853693693258e+01 
2.32914447994320e+00 1.73655417566151e+00 -2.89582233245713e+01 
2.33248136315229e+00 1.73557233722478e+00 -2.93332052787063e+01 
2.33581824636138e+00 1.73456946088324e+00 -2.97103069730438e+01 
2.33915512957046e+00 1.73354520082149e+00 -3.00895199744672e+01 
2.34249201277955e+00 1.73249920267572e+00 -3.04708357014284e+01 
2.34582889598864e+00 1.73143110384004e+00 -3.08542454466621e+01 
2.34916577919773e+00 1.73034053379340e+00 -3.12397403966821e+01 
2.35250266240682e+00 1.72922711444113e+00 -3.16273116481636e+01 
2.35583954561590e+00 1.72809046046605e+00 -3.20169502213351e+01 
2.35917642882499e+00 1.72693017968414e+00 -3.24086470705256e+01 
2.36251331203408e+00 1.72574587340073e+00 -3.28023930920353e+01 
2.36585019524317e+00 1.72453713676332e+00 -3.31981791295005e+01 
2.36918707845225e+00 1.72330355910792e+00 -3.35959959769407e+01 
2.37252396166134e+00 1.72204472429608e+00 -3.39958343796789e+01 
2.37586084487043e+00 1.72076021104054e+00 -3.43976850333235e+01 
2.37919772807952e+00 1.71944959321743e+00 -3.48015385810068e+01 
2.38253461128861e+00 1.71811244016378e+00 -3.52073856090677e+01 
2.38587149449769e+00 1.71674831695922e+00 -3.56152166413608e+01 
2.38920837770678e+00 1.71535678469118e+00 -3.60250221323699e+01 
2.39254526091587e+00 1.71393740070311e+00 -3.64367924592932e+01 
2.39588214412496e+00 1.71248971882583e+00 -3.68505179132588e+01 
2.39921902733404e+00 1.71101328959172e+00 -3.72661886898222e+01 
2.40255591054313e+00 1.70950766043243e+00 -3.76837948788792e+01 
2.40589279375222e+00 1.70797237586044e+00 -3.81033264541265e+01 
2.40922967696131e+00 1.70640697763506e+00 -3.85247732621842e+01 
2.41256656017039e+00 1.70481100491364e+00 -3.89481250114814e+01 
2.41590344337948e+00 1.70318399438909e+00 -3.93733712610095e+01 
2.41924032658857e+00 1.70152548041406e+00 -3.98005014090126e+01 
2.42257720979766e+00 1.69983499511343e+00 -4.02295046817004e+01 
2.42591409300675e+00 1.69811206848561e+00 -4.06603701220419e+01 
2.42925097621583e+00 1.69635622849394e+00 -4.10930865786942e+01 
2.43258785942492e+00 1.69456700114900e+00 -4.15276426951110e+01 
2.43592474263401e+00 1.69274391058317e+00 -4.19640268988742e+01 
2.43926162584310e+00 1.69088647911803e+00 -4.24022273912709e+01 
2.44259850905218e+00 1.68899422732595e+00 -4.28422321371479e+01 
2.44593539226127e+00 1.68706667408648e+00 -4.32840288550499e+01 
2.44927227547036e+00 1.68510333663863e+00 -4.37276050076684e+01 
2.45260915867945e+00 1.68310373062988e+00 -4.41729477925932e+01 
2.45594604188853e+00 1.68106737016247e+00 -4.46200441333793e+01 
2.45928292509762e+00 1.67899376783809e+00 -4.50688806709244e+01 
2.46261980830671e+00 1.67688243480121e+00 -4.55194437551536e+01 
2.46595669151580e+00 1.67473288078214e+00 -4.59717194370050e+01 
2.46929357472488e+00 1.67254461413996e+00 -4.64256934607052e+01 
2.47263045793397e+00 1.67031714190609e+00 -4.68813512563260e+01 
2.47596734114306e+00 1.66804996982899e+00 -4.73386779326112e+01 
2.47930422435215e+00 1.66574260242017e+00 -4.77976582700533e+01 
2.48264110756124e+00 1.66339454300203e+00 -4.82582767142190e+01 
2.48597799077032e+00 1.66100529375801e+00 -4.87205173692941e+01 
2.48931487397941e+00 1.65857435578489e+00 -4.91843639918455e+01 
2.49265175718850e+00 1.65610122914790e+00 -4.96497999847787e+01 
2.49598864039759e+00 1.65358541293858e+00 -5.01168083914811e+01 
2.49932552360667e+00 1.65102640533566e+00 -5.05853718901348e+01 
2.50266240681576e+00 1.64842370366902e+00 -5.10554727881840e+01 
2.50599929002485e+00 1.64577680448691e+00 -5.15270930169532e+01 
2.50933617323394e+00 1.64308520362637e+00 -5.20002141263919e+01 
2.51267305644302e+00 1.64034839628704e+00 -5.24748172799467e+01 
2.51600993965211e+00 1.63756587710831e+00 -5.29508832495447e+01 
2.51934682286120e+00 1.63473714024983e+00 -5.34283924106792e+01 
2.52268370607029e+00 1.63186167947532e+00 -5.39073247375950e+01 
2.52602058927938e+00 1.62893898823986e+00 -5.43876597985613e+01 
2.52935747248846e+00 1.62596855978025e+00 -5.48693767512255e+01 
2.53269435569755e+00 1.62294988720891e+00 -5.53524543380521e+01 
2.53603123890664e+00 1.61988246361071e+00 -5.58368708818272e+01 
2.53936812211573e+00 1.61676578214322e+00 -5.63226042812434e+01 
2.54270500532481e+00 1.61359933613983e+00 -5.68096320065477e+01 
2.54604188853390e+00 1.61038261921611e+00 -5.72979310952591e+01 
2.54937877174299e+00 1.60711512537901e+00 -5.77874781479551e+01 
2.55271565495208e+00 1.60379634913898e+00 -5.82782493241209e+01 
2.55605253816116e+00 1.60042578562501e+00 -5.87702203380705e+01 
2.55938942137025e+00 1.59700293070242e+00 -5.92633664549354e+01 
2.56272630457934e+00 1.59352728109333e+00 -5.97576624867241e+01 
2.56606318778843e+00 1.58999833449987e+00 -6.02530827884553e+01 
2.56940007099752e+00 1.58641558972986e+00 -6.07496012543656e+01 
2.57273695420660e+00 1.58277854682520e+00 -6.12471913142004e+01 
2.57607383741569e+00 1.57908670719261e+00 -6.17458259295834e+01 
2.57941072062478e+00 1.57533957373690e+00 -6.22454775904754e+01 
2.58274760383387e+00 1.57153665099653e+00 -6.27461183117244e+01 
2.58608448704295e+00 1.56767744528163e+00 -6.32477196297097e+01 
2.58942137025204e+00 1.56376146481423e+00 -6.37502525990859e+01 
2.59275825346113e+00 1.55978821987074e+00 -6.42536877896346e+01 
2.59609513667022e+00 1.55575722292672e+00 -6.47579952832210e+01 
2.59943201987930e+00 1.55166798880378e+00 -6.52631446708708e+01 
2.60276890308839e+00 1.54752003481856e+00 -6.57691050499605e+01 
2.60610578629748e+00 1.54331288093391e+00 -6.62758450215379e+01 
2.60944266950657e+00 1.53904604991215e+00 -6.67833326877710e+01 
2.61277955271566e+00 1.53471906747018e+00 -6.72915356495290e+01 
2.61611643592474e+00 1.53033146243692e+00 -6.78004210041094e+01 
2.61945331913383e+00 1.52588276691236e+00 -6.83099553431040e+01 
2.62279020234292e+00 1.52137251642881e+00 -6.88201047504216e+01 
2.62612708555201e+00 1.51680025011396e+00 -6.93308348004616e+01 
2.62946396876109e+00 1.51216551085582e+00 -6.98421105564517e+01 
2.63280085197018e+00 1.50746784546949e+00 -7.03538965689480e+01 
2.63613773517927e+00 1.50270680486577e+00 -7.08661568745106e+01 
2.63947461838836e+00 1.49788194422149e+00 -7.13788549945474e+01 
2.64281150159744e+00 1.49299282315164e+00 -7.18919539343467e+01 
2.64614838480653e+00 1.48803900588313e+00 -7.24054161822879e+01 
2.64948526801562e+00 1.48302006143022e+00 -7.29192037092455e+01 
2.65282215122471e+00 1.47793556377163e+00 -7.34332779681862e+01 
2.65615903443379e+00 1.47278509202911e+00 -7.39475998939651e+01 
2.65949591764288e+00 1.46756823064758e+00 -7.44621299033259e+01 
2.66283280085197e+00 1.46228456957679e+00 -7.49768278951078e+01 
2.66616968406106e+00 1.45693370445435e+00 -7.54916532506633e+01 
2.66950656727015e+00 1.45151523679011e+00 -7.60065648344954e+01 
2.67284345047923e+00 1.44602877415193e+00 -7.65215209951116e+01 
2.67618033368832e+00 1.44047393035263e+00 -7.70364795661048e+01 
2.67951721689741e+00 1.43485032563819e+00 -7.75513978674612e+01 
2.68285410010650e+00 1.42915758687706e+00 -7.80662327071019e+01 
2.68619098331558e+00 1.42339534775051e+00 -7.85809403826568e+01 
2.68952786652467e+00 1.41756324894405e+00 -7.90954766834848e+01 
2.69286474973376e+00 1.41166093833970e+00 -7.96097968929323e+01 
2.69620163294285e+00 1.40568807120914e+00 -8.01238557908406e+01 
2.69953851615193e+00 1.39964431040768e+00 -8.06376076563036e+01 
2.70287539936102e+00 1.39352932656885e+00 -8.11510062706793e+01 
2.70621228257011e+00 1.38734279829964e+00 -8.16640049208627e+01 
2.70954916577920e+00 1.38108441237629e+00 -8.21765564028097e+01 
2.71288604898829e+00 1.37475386394051e+00 -8.26886130253372e+01 
2.71622293219737e+00 1.36835085669601e+00 -8.32001266141784e+01 
2.71955981540646e+00 1.36187510310536e+00 -8.37110485163153e+01 
2.72289669861555e+00 1.35532632458698e+00 -8.42213296045824e+01 
2.72623358182464e+00 1.34870425171219e+00 -8.47309202825411e+01 
2.72957046503372e+00 1.34200862440221e+00 -8.52397704896371e+01 
2.73290734824281e+00 1.33523919212513e+00 -8.57478297066368e+01 
2.73624423145190e+00 1.32839571409252e+00 -8.62550469613425e+01 
2.73958111466099e+00 1.32147795945573e+00 -8.67613708345983e+01 
2.74291799787007e+00 1.31448570750179e+00 -8.72667494665763e+01 
2.74625488107916e+00 1.30741874784871e+00 -8.77711305633594e+01 
2.74959176428825e+00 1.30027688064005e+00 -8.82744614038036e+01 
2.75292864749734e+00 1.29305991673881e+00 -8.87766888467030e+01 
2.75626553070642e+00 1.28576767792032e+00 -8.92777593382421e+01 
2.75960241391551e+00 1.27839999706414e+00 -8.97776189197449e+01 
2.76293929712460e+00 1.27095671834480e+00 -9.02762132357182e+01 
2.76627618033369e+00 1.26343769742131e+00 -9.07734875421935e+01 
2.76961306354278e+00 1.25584280162520e+00 -9.12693867153670e+01 
2.77294994675186e+00 1.24817191014709e+00 -9.17638552605331e+01 
2.77628682996095e+00 1.24042491422165e+00 -9.22568373213239e+01 
2.77962371317004e+00 1.23260171731071e+00 -9.27482766892389e+01 
2.78296059637913e+00 1.22470223528446e+00 -9.32381168134824e+01 
2.78629747958821e+00 1.21672639660074e+00 -9.37263008110871e+01 
2.78963436279730e+00 1.20867414248199e+00 -9.42127714773534e+01 
2.79297124600639e+00 1.20054542709006e+00 -9.46974712965663e+01 
2.79630812921548e+00 1.19234021769843e+00 -9.51803424530256e+01 
2.79964501242457e+00 1.18405849486202e+00 -9.56613268423584e+01 
2.80298189563365e+00 1.17570025258415e+00 -9.61403660831357e+01 
2.80631877884274e+00 1.16726549848074e+00 -9.66174015287765e+01 
2.80965566205183e+00 1.15875425394155e+00 -9.70923742797433e+01 
2.81299254526092e+00 1.15016655428823e+00 -9.75652251960290e+01 
2.81632942847000e+00 1.14150244892915e+00 -9.80358949099264e+01 
2.81966631167909e+00 1.13276200151086e+00 -9.85043238390839e+01 
2.82300319488818e+00 1.12394529006600e+00 -9.89704521998441e+01 
2.82634007809727e+00 1.11505240715756e+00 -9.94342200208611e+01 
2.82967696130635e+00 1.10608346001928e+00 -9.98955671569861e+01 
2.83301384451544e+00 1.09703857069219e+00 -1.00354433303435e+02 
2.83635072772453e+00 1.08791787615701e+00 -1.00810758010217e+02 
2.83968761093362e+00 1.07872152846239e+00 -1.01264480696832e+02 
2.84302449414271e+00 1.06944969484867e+00 -1.01715540667220e+02 
2.84636137735179e+00 1.06010255786734e+00 -1.02163877124976e+02 
2.84969826056088e+00 1.05068031549577e+00 -1.02609429188811e+02 
2.85303514376997e+00 1.04118318124715e+00 -1.03052135908253e+02 
2.85637202697906e+00 1.03161138427563e+00 -1.03491936279599e+02 
2.85970891018814e+00 1.02196516947647e+00 -1.03928769262094e+02 
2.86304579339723e+00 1.01224479758089e+00 -1.04362573794343e+02 
2.86638267660632e+00 1.00245054524579e+00 -1.04793288810942e+02 
2.86971955981541e+00 9.92582705138079e-01 -1.05220853259330e+02 
2.87305644302449e+00 9.82641586013342e-01 -1.05645206116849e+02 
2.87639332623358e+00 9.72627512789084e-01 -1.06066286408008e+02 
2.87973020944267e+00 9.62540826611981e-01 -1.06484033221943e+02 
2.88306709265176e+00 9.52381884919451e-01 -1.06898385730067e+02 
2.88640397586085e+00 9.42151061495113e-01 -1.07309283203896e+02 
2.88974085906993e+00 9.31848746518226e-01 -1.07716665033062e+02 
2.89307774227902e+00 9.21475346606804e-01 -1.08120470743471e+02 
2.89641462548811e+00 9.11031284854604e-01 -1.08520640015645e+02 
2.89975150869720e+00 9.00517000861497e-01 -1.08917112703185e+02 
2.90308839190628e+00 8.89932950757467e-01 -1.09309828851395e+02 
2.90642527511537e+00 8.79279607219908e-01 -1.09698728716029e+02 
2.90976215832446e+00 8.68557459484303e-01 -1.10083752782159e+02 
2.91309904153355e+00 8.57767013348027e-01 -1.10464841783158e+02 
2.91643592474263e+00 8.46908791167363e-01 -1.10841936719787e+02 
2.91977280795172e+00 8.35983331847460e-01 -1.11214978879375e+02 
2.92310969116081e+00 8.24991190825352e-01 -1.11583909855079e+02 
2.92644657436990e+00 8.13932940045816e-01 -1.11948671565221e+02 
2.92978345757898e+00 8.02809167930130e-01 -1.12309206272689e+02 
2.93312034078807e+00 7.91620479337477e-01 -1.12665456604383e+02 
2.93645722399716e+00 7.80367495519175e-01 -1.13017365570714e+02 
2.93979410720625e+00 7.69050854065476e-01 -1.13364876585123e+02 
2.94313099041534e+00 7.57671208845066e-01 -1.13707933483625e+02 
2.94646787362442e+00 7.46229229936990e-01 -1.14046480544365e+02 
2.94980475683351e+00 7.34725603555239e-01 -1.14380462507162e+02 
2.95314164004260e+00 7.23161031965718e-01 -1.14709824593049e+02 
2.95647852325169e+00 7.11536233395720e-01 -1.15034512523781e+02 
2.95981540646077e+00 6.99851941935882e-01 -1.15354472541306e+02 
2.96315228966986e+00 6.88108907434447e-01 -1.15669651427193e+02 
2.96648917287895e+00 6.76307895384034e-01 -1.15979996521994e+02 
2.96982605608804e+00 6.64449686800752e-01 -1.16285455744533e+02 
2.97316293929712e+00 6.52535078095738e-01 -1.16585977611113e+02 
2.97649982250621e+00 6.40564880939127e-01 -1.16881511254626e+02 
2.97983670571530e+00 6.28539922116315e-01 -1.17172006443555e+02 
2.98317358892439e+00 6.16461043376839e-01 -1.17457413600851e+02 
2.98651047213348e+00 6.04329101275560e-01 -1.17737683822685e+02 
2.98984735534256e+00 5.92144967006362e-01 -1.18012768897048e+02 
2.99318423855165e+00 5.79909526228469e-01 -1.18282621322195e+02 
2.99652112176074e+00 5.67623678885100e-01 -1.18547194324921e+02 
2.99985800496983e+00 5.55288339014982e-01 -1.18806441878665e+02 
3.00319488817891e+00 5.42904434556339e-01 -1.19060318721396e+02 
3.00653177138800e+00 5.30472907143645e-01 -1.19308780373322e+02 
3.00986865459709e+00 5.17994711897177e-01 -1.19551783154363e+02 
3.01320553780618e+00 5.05470817205379e-01 -1.19789284201401e+02 
3.01654242101526e+00 4.92902204500210e-01 -1.20021241485291e+02 
3.01987930422435e+00 4.80289868025366e-01 -1.20247613827612e+02 
3.02321618743344e+00 4.67634814597807e-01 -1.20468360917161e+02 
3.02655307064253e+00 4.54938063362220e-01 -1.20683443326171e+02 
3.02988995385162e+00 4.42200645539028e-01 -1.20892822526233e+02 
3.03322683706070e+00 4.29423604165556e-01 -1.21096460903930e+02 
3.03656372026979e+00 4.16607993830883e-01 -1.21294321776157e+02 
3.03990060347888e+00 4.03754880404217e-01 -1.21486369405115e+02 
3.04323748668797e+00 3.90865340757065e-01 -1.21672569012990e+02 
3.04657436989705e+00 3.77940462479229e-01 -1.21852886796265e+02 
3.04991125310614e+00 3.64981343588881e-01 -1.22027289939709e+02 
3.05324813631523e+00 3.51989092236702e-01 -1.22195746629979e+02 
3.05658501952432e+00 3.38964826404406e-01 -1.22358226068863e+02 
3.05992190273340e+00 3.25909673597626e-01 -1.22514698486140e+02 
3.06325878594249e+00 3.12824770533426e-01 -1.22665135152043e+02 
3.06659566915158e+00 2.99711262822606e-01 -1.22809508389329e+02 
3.06993255236067e+00 2.86570304646868e-01 -1.22947791584932e+02 
3.07326943556976e+00 2.73403058431120e-01 -1.23079959201208e+02 
3.07660631877884e+00 2.60210694511028e-01 -1.23205986786739e+02 
3.07994320198793e+00 2.46994390796002e-01 -1.23325850986716e+02 
3.08328008519702e+00 2.33755332427833e-01 -1.23439529552876e+02 
3.08661696840611e+00 2.20494711435141e-01 -1.23547001352982e+02 
3.08995385161519e+00 2.07213726383758e-01 -1.23648246379858e+02 
3.09329073482428e+00 1.93913582023442e-01 -1.23743245759952e+02 
3.09662761803337e+00 1.80595488930847e-01 -1.23831981761425e+02 
3.09996450124246e+00 1.67260663149187e-01 -1.23914437801781e+02 
3.10330138445154e+00 1.53910325824653e-01 -1.23990598454995e+02 
3.10663826766063e+00 1.40545702839850e-01 -1.24060449458163e+02 
3.10997515086972e+00 1.27168024444488e-01 -1.24123977717660e+02 
3.11331203407881e+00 1.13778524883400e-01 -1.24181171314799e+02 
3.11664891728790e+00 1.00378442022365e-01 -1.24232019510988e+02 
3.11998580049698e+00 8.69690169716454e-02 -1.24276512752378e+02 
3.12332268370607e+00 7.35514937077191e-02 -1.24314642674010e+02 
3.12665956691516e+00 6.01271186932609e-02 -1.24346402103443e+02 
3.12999645012425e+00 4.66971404956340e-02 -1.24371785063866e+02 
3.13333333333333e+00 3.32628094042344e-02 -1.24390786776702e+02 
