Data Format: k_val_normalized w_real_normalized w_imag 
num_pts 940 
0.00000000000000e+00 -3.92069010944047e-17 -4.74611536677721e-14 
3.33688320908768e-03 3.33688320908772e-03 -6.29708976886547e-14 
6.67376641817536e-03 6.67376641817534e-03 4.03497330542822e-14 
1.00106496272630e-02 1.00106496272632e-02 -4.83571173950093e-14 
1.33475328363507e-02 1.33475328363507e-02 -1.43724397233506e-14 
1.66844160454384e-02 1.66844160454386e-02 -2.55907313934129e-14 
2.00212992545261e-02 2.00212992545264e-02 -5.28375539795449e-14 
2.33581824636138e-02 2.33581824636140e-02 -2.69498853514229e-14 
2.66950656727015e-02 2.66950656727013e-02 6.19489081657363e-14 
3.00319488817891e-02 3.00319488817892e-02 -2.29873387264739e-14 
3.33688320908768e-02 3.33688320908767e-02 8.07442939758622e-15 
3.67057152999645e-02 3.67057152999647e-02 -2.03825651091651e-14 
4.00425985090522e-02 4.00425985090521e-02 3.44415917687439e-16 
4.33794817181399e-02 4.33794817181402e-02 -4.32979267016827e-14 
4.67163649272275e-02 4.67163649272273e-02 7.37009039757596e-15 
5.00532481363152e-02 5.00532481363154e-02 -2.73326544450389e-14 
5.33901313454029e-02 5.33901313454027e-02 9.24052217679696e-15 
5.67270145544906e-02 5.67270145544904e-02 1.59979354485407e-14 
6.00638977635783e-02 6.00638977635785e-02 3.51828725804432e-15 
6.34007809726660e-02 6.34007809726661e-02 -2.69901525676427e-14 
6.67376641817536e-02 6.67376641817539e-02 -8.46772172605823e-15 
7.00745473908413e-02 7.00745473908417e-02 -1.74377207231336e-14 
7.34114305999290e-02 7.34114305999291e-02 3.99206998974185e-15 
7.67483138090167e-02 7.67483138090174e-02 -7.63298377367147e-15 
8.00851970181044e-02 8.00851970181044e-02 1.42553032844368e-14 
8.34220802271921e-02 8.34220802271917e-02 1.54216537754930e-14 
8.67589634362797e-02 8.67589634362795e-02 2.14621153912771e-14 
9.00958466453674e-02 9.00958466453677e-02 -3.65315578117641e-15 
9.34327298544551e-02 9.34327298544551e-02 2.93841849494845e-14 
9.67696130635428e-02 9.67696130635429e-02 4.69577823715586e-15 
1.00106496272630e-01 1.00106496272631e-01 -2.13326839711227e-14 
1.03443379481718e-01 1.03443379481718e-01 -2.89934225899164e-15 
1.06780262690806e-01 1.06780262690806e-01 -3.64641974070021e-14 
1.10117145899894e-01 1.10117145899893e-01 -2.76797945353547e-14 
1.13454029108981e-01 1.13454029108981e-01 -1.30905780505976e-14 
1.16790912318069e-01 1.16790912318069e-01 -2.19610578698974e-14 
1.20127795527157e-01 1.20127795527157e-01 -1.52777533170374e-14 
1.23464678736244e-01 1.23464678736244e-01 8.02645945473119e-15 
1.26801561945332e-01 1.26801561945332e-01 1.92763785064016e-14 
1.30138445154420e-01 1.30138445154419e-01 -1.83758927408552e-14 
1.33475328363507e-01 1.33475328363508e-01 -1.62419073101705e-15 
1.36812211572595e-01 1.36812211572595e-01 7.97220762327464e-15 
1.40149094781683e-01 1.40149094781682e-01 8.80538111060311e-15 
1.43485977990770e-01 1.43485977990771e-01 2.25534390775325e-14 
1.46822861199858e-01 1.46822861199858e-01 5.04286038870733e-15 
1.50159744408946e-01 1.50159744408945e-01 3.24787745054617e-15 
1.53496627618033e-01 1.53496627618034e-01 -1.31752629767508e-14 
1.56833510827121e-01 1.56833510827121e-01 -1.14823541277917e-14 
1.60170394036209e-01 1.60170394036209e-01 -2.23749681202018e-14 
1.63507277245296e-01 1.63507277245296e-01 8.22297639338908e-15 
1.66844160454384e-01 1.66844160454384e-01 3.79760626606889e-14 
1.70181043663472e-01 1.70181043663472e-01 2.20332580115314e-14 
1.73517926872559e-01 1.73517926872559e-01 3.04498841914086e-15 
1.76854810081647e-01 1.76854810081647e-01 -2.05069165130866e-14 
1.80191693290735e-01 1.80191693290735e-01 -2.15239935445104e-15 
1.83528576499823e-01 1.83528576499822e-01 1.84462371962932e-14 
1.86865459708910e-01 1.86865459708910e-01 -5.04548774409581e-15 
1.90202342917998e-01 1.90202342917998e-01 -1.04977420269176e-14 
1.93539226127086e-01 1.93539226127085e-01 -1.05742122611558e-14 
1.96876109336173e-01 1.96876109336173e-01 1.11110236532193e-15 
2.00212992545261e-01 2.00212992545260e-01 -3.40451705900981e-15 
2.03549875754349e-01 2.03549875754348e-01 -1.55355523372911e-14 
2.06886758963436e-01 2.06886758963435e-01 -3.55274807272417e-14 
2.10223642172524e-01 2.10223642172523e-01 -4.61659109877717e-14 
2.13560525381612e-01 2.13560525381610e-01 1.51237996167076e-14 
2.16897408590699e-01 2.16897408590697e-01 -5.50681352953462e-14 
2.20234291799787e-01 2.20234291799785e-01 -2.94552046071395e-14 
2.23571175008875e-01 2.23571175008872e-01 -6.98982582016338e-14 
2.26908058217962e-01 2.26908058217959e-01 -1.41413614599183e-14 
2.30244941427050e-01 2.30244941427046e-01 -4.02297624705453e-14 
2.33581824636138e-01 2.33581824636133e-01 1.32795277819885e-14 
2.36918707845225e-01 2.36918707845220e-01 -8.38080732256125e-14 
2.40255591054313e-01 2.40255591054307e-01 -4.43296399656062e-14 
2.43592474263401e-01 2.43592474263393e-01 -1.19651026539051e-13 
2.46929357472488e-01 2.46929357472479e-01 -1.23698227120588e-13 
2.50266240681576e-01 2.50266240681565e-01 -8.88233624233100e-14 
2.53603123890664e-01 2.53603123890651e-01 -1.45598271869513e-13 
2.56940007099752e-01 2.56940007099736e-01 -1.80415411820609e-13 
2.60276890308839e-01 2.60276890308821e-01 -1.99683414344314e-13 
2.63613773517927e-01 2.63613773517905e-01 -2.37200799490446e-13 
2.66950656727015e-01 2.66950656726989e-01 -2.22153386155967e-13 
2.70287539936102e-01 2.70287539936072e-01 -2.63718600389067e-13 
2.73624423145190e-01 2.73624423145154e-01 -3.47848860631833e-13 
2.76961306354278e-01 2.76961306354236e-01 -3.34427447569983e-13 
2.80298189563365e-01 2.80298189563316e-01 -4.38289685470201e-13 
2.83635072772453e-01 2.83635072772396e-01 -5.06093900359594e-13 
2.86971955981541e-01 2.86971955981474e-01 -5.71920863958681e-13 
2.90308839190628e-01 2.90308839190550e-01 -5.96284145721504e-13 
2.93645722399716e-01 2.93645722399625e-01 -6.63267179952904e-13 
2.96982605608804e-01 2.96982605608698e-01 -7.27664769140956e-13 
3.00319488817891e-01 3.00319488817769e-01 -7.66654366111445e-13 
3.03656372026979e-01 3.03656372026837e-01 -8.21243705331215e-13 
3.06993255236067e-01 3.06993255235901e-01 -9.42050578947839e-13 
3.10330138445154e-01 3.10330138444964e-01 -1.01667473276317e-12 
3.13667021654242e-01 3.13667021654022e-01 -1.09217465302570e-12 
3.17003904863330e-01 3.17003904863076e-01 -1.19156724553844e-12 
3.20340788072418e-01 3.20340788072125e-01 -1.16827003561340e-12 
3.23677671281505e-01 3.23677671281169e-01 -1.34130837034558e-12 
3.27014554490593e-01 3.27014554490207e-01 -1.40607031057937e-12 
3.30351437699681e-01 3.30351437699236e-01 -1.42458047185384e-12 
3.33688320908768e-01 3.33688320908259e-01 -1.51547407867250e-12 
3.37025204117856e-01 3.37025204117274e-01 -1.57802697277097e-12 
3.40362087326944e-01 3.40362087326277e-01 -1.60614654946808e-12 
3.43698970536031e-01 3.43698970535270e-01 -1.66823658004129e-12 
3.47035853745119e-01 3.47035853744250e-01 -1.78255551002473e-12 
3.50372736954207e-01 3.50372736953216e-01 -1.77688850807545e-12 
3.53709620163294e-01 3.53709620162166e-01 -1.76298420638416e-12 
3.57046503372382e-01 3.57046503371097e-01 -1.79127349683091e-12 
3.60383386581470e-01 3.60383386580009e-01 -1.71825108990831e-12 
3.63720269790557e-01 3.63720269788899e-01 -1.71251717814352e-12 
3.67057152999645e-01 3.67057152997763e-01 -1.62211380828197e-12 
3.70394036208733e-01 3.70394036206600e-01 -1.56111657700099e-12 
3.73730919417820e-01 3.73730919415405e-01 -1.40291563880779e-12 
3.77067802626908e-01 3.77067802624176e-01 -1.30248367427967e-12 
3.80404685835996e-01 3.80404685832907e-01 -1.13168710447226e-12 
3.83741569045083e-01 3.83741569041597e-01 -9.84109979773375e-13 
3.87078452254171e-01 3.87078452250236e-01 -8.00952992613902e-13 
3.90415335463259e-01 3.90415335458825e-01 -6.07734309768810e-13 
3.93752218672346e-01 3.93752218667353e-01 -4.04643541831366e-13 
3.97089101881434e-01 3.97089101875817e-01 -2.15425964744214e-13 
4.00425985090522e-01 4.00425985084209e-01 -1.29505189846417e-13 
4.03762868299610e-01 4.03762868292520e-01 7.01022963278927e-16 
4.07099751508697e-01 4.07099751500743e-01 1.47282454374262e-14 
4.10436634717785e-01 4.10436634708869e-01 -9.18190177825577e-14 
4.13773517926873e-01 4.13773517916888e-01 -2.85895370720416e-13 
4.17110401135960e-01 4.17110401124787e-01 -6.77607778573576e-13 
4.20447284345048e-01 4.20447284332556e-01 -1.24914227497691e-12 
4.23784167554136e-01 4.23784167540181e-01 -2.13032514882868e-12 
4.27121050763223e-01 4.27121050747651e-01 -3.31176050777509e-12 
4.30457933972311e-01 4.30457933954944e-01 -4.94369684704442e-12 
4.33794817181399e-01 4.33794817162051e-01 -7.03014170579657e-12 
4.37131700390486e-01 4.37131700368947e-01 -9.77714720971546e-12 
4.40468583599574e-01 4.40468583575615e-01 -1.32585454145370e-11 
4.43805466808662e-01 4.43805466782035e-01 -1.75398282852118e-11 
4.47142350017749e-01 4.47142349988182e-01 -2.28051677965445e-11 
4.50479233226837e-01 4.50479233194029e-01 -2.92881470299807e-11 
4.53816116435925e-01 4.53816116399550e-01 -3.71367908202404e-11 
4.57152999645012e-01 4.57152999604718e-01 -4.66264463856181e-11 
4.60489882854100e-01 4.60489882809500e-01 -5.78631172157562e-11 
4.63826766063188e-01 4.63826766013860e-01 -7.13153900347052e-11 
4.67163649272275e-01 4.67163649217761e-01 -8.70655035883591e-11 
4.70500532481363e-01 4.70500532421162e-01 -1.05624384298506e-10 
4.73837415690451e-01 4.73837415624023e-01 -1.27382316887013e-10 
4.77174298899539e-01 4.77174298826296e-01 -1.52733544324535e-10 
4.80511182108626e-01 4.80511182027931e-01 -1.82042116143872e-10 
4.83848065317714e-01 4.83848065228873e-01 -2.16004625499380e-10 
4.87184948526802e-01 4.87184948429067e-01 -2.55047695477786e-10 
4.90521831735889e-01 4.90521831628449e-01 -2.99831156992614e-10 
4.93858714944977e-01 4.93858714826955e-01 -3.51023740742264e-10 
4.97195598154065e-01 4.97195598024509e-01 -4.09398606015033e-10 
5.00532481363152e-01 5.00532481221040e-01 -4.75779047536987e-10 
5.03869364572240e-01 5.03869364416465e-01 -5.51048780954630e-10 
5.07206247781328e-01 5.07206247610693e-01 -6.36031652125501e-10 
5.10543130990415e-01 5.10543130803634e-01 -7.31987645090615e-10 
5.13880014199503e-01 5.13880013995187e-01 -8.39904850554181e-10 
5.17216897408591e-01 5.17216897185244e-01 -9.60902583703163e-10 
5.20553780617678e-01 5.20553780373691e-01 -1.09650585275237e-09 
5.23890663826766e-01 5.23890663560408e-01 -1.24782110550954e-09 
5.27227547035854e-01 5.27227546745263e-01 -1.41653827226148e-09 
5.30564430244941e-01 5.30564429928115e-01 -1.60415021182966e-09 
5.33901313454029e-01 5.33901313108820e-01 -1.81236931201847e-09 
5.37238196663117e-01 5.37238196287217e-01 -2.04295921530690e-09 
5.40575079872205e-01 5.40575079463137e-01 -2.29784406672994e-09 
5.43911963081292e-01 5.43911962636400e-01 -2.57913709185842e-09 
5.47248846290380e-01 5.47248845806817e-01 -2.88883851435911e-09 
5.50585729499467e-01 5.50585728974181e-01 -3.22924473116171e-09 
5.53922612708555e-01 5.53922612138277e-01 -3.60263311394563e-09 
5.57259495917643e-01 5.57259495298872e-01 -4.01156522206552e-09 
5.60596379126731e-01 5.60596378455720e-01 -4.45867857823918e-09 
5.63933262335818e-01 5.63933261608560e-01 -4.94642594978406e-09 
5.67270145544906e-01 5.67270144757112e-01 -5.47783894654029e-09 
5.70607028753994e-01 5.70607027901077e-01 -6.05562618119507e-09 
5.73943911963081e-01 5.73943911040142e-01 -6.68297891906276e-09 
5.77280795172169e-01 5.77280794173969e-01 -7.36288071201765e-09 
5.80617678381257e-01 5.80617677302201e-01 -8.09845728856469e-09 
5.83954561590344e-01 5.83954560424456e-01 -8.89293668821490e-09 
5.87291444799432e-01 5.87291443540328e-01 -9.74960118768706e-09 
5.90628328008520e-01 5.90628326649387e-01 -1.06719064650841e-08 
5.93965211217607e-01 5.93965209751174e-01 -1.16631308581263e-08 
5.97302094426695e-01 5.97302092845199e-01 -1.27266963994612e-08 
6.00638977635783e-01 6.00638975930942e-01 -1.38659094079955e-08 
6.03975860844871e-01 6.03975859007848e-01 -1.50842477273638e-08 
6.07312744053958e-01 6.07312742075330e-01 -1.63849506545318e-08 
6.10649627263046e-01 6.10649625132758e-01 -1.77713760547121e-08 
6.13986510472133e-01 6.13986508179465e-01 -1.92463954353977e-08 
6.17323393681221e-01 6.17323391214739e-01 -2.08132584418346e-08 
6.20660276890309e-01 6.20660274237819e-01 -2.24747745793868e-08 
6.23997160099397e-01 6.23997157247899e-01 -2.42334794370430e-08 
6.27334043308484e-01 6.27334040244117e-01 -2.60919010235716e-08 
6.30670926517572e-01 6.30670923225554e-01 -2.80521826439555e-08 
6.34007809726660e-01 6.34007806191234e-01 -3.01160515074555e-08 
6.37344692935747e-01 6.37344689140109e-01 -3.22849863564970e-08 
6.40681576144835e-01 6.40681572071070e-01 -3.45601235849820e-08 
6.44018459353923e-01 6.44018454982930e-01 -3.69419653430636e-08 
6.47355342563010e-01 6.47355337874425e-01 -3.94305828248742e-08 
6.50692225772098e-01 6.50692220744203e-01 -4.20256332146872e-08 
6.54029108981186e-01 6.54029103590823e-01 -4.47258565209942e-08 
6.57365992190273e-01 6.57365986412751e-01 -4.75295636140282e-08 
6.60702875399361e-01 6.60702869208346e-01 -5.04342833553963e-08 
6.64039758608449e-01 6.64039751975858e-01 -5.34365693825160e-08 
6.67376641817536e-01 6.67376634713418e-01 -5.65323141954300e-08 
6.70713525026624e-01 6.70713517419033e-01 -5.97165400349252e-08 
6.74050408235712e-01 6.74050400090573e-01 -6.29831338840790e-08 
6.77387291444799e-01 6.77387282725767e-01 -6.63250535979390e-08 
6.80724174653887e-01 6.80724165322193e-01 -6.97341148895818e-08 
6.84061057862975e-01 6.84061047877254e-01 -7.32011626577166e-08 
6.87397941072062e-01 6.87397930388191e-01 -7.67155698874211e-08 
6.90734824281150e-01 6.90734812852054e-01 -8.02656676388708e-08 
6.94071707490238e-01 6.94071695265691e-01 -8.38385202562377e-08 
6.97408590699326e-01 6.97408577625742e-01 -8.74197395117240e-08 
7.00745473908413e-01 7.00745459928619e-01 -9.09938131625825e-08 
7.04082357117501e-01 7.04082342170492e-01 -9.45436625359306e-08 
7.07419240326589e-01 7.07419224347279e-01 -9.80509383446611e-08 
7.10756123535676e-01 7.10756106454621e-01 -1.01495811588337e-07 
7.14093006744764e-01 7.14092988487870e-01 -1.04857385004580e-07 
7.17429889953852e-01 7.17429870442067e-01 -1.08113105203770e-07 
7.20766773162939e-01 7.20766752311928e-01 -1.11239311464767e-07 
7.24103656372027e-01 7.24103634091817e-01 -1.14211099378411e-07 
7.27440539581115e-01 7.27440515775731e-01 -1.17002423045991e-07 
7.30777422790202e-01 7.30777397357268e-01 -1.19586212184985e-07 
7.34114305999290e-01 7.34114278829612e-01 -1.21934492500834e-07 
7.37451189208378e-01 7.37451160185507e-01 -1.24018551899125e-07 
7.40788072417465e-01 7.40788041417221e-01 -1.25809138118802e-07 
7.44124955626553e-01 7.44124922516533e-01 -1.27276551631274e-07 
7.47461838835641e-01 7.47461803474690e-01 -1.28391384408406e-07 
7.50798722044728e-01 7.50798684282384e-01 -1.29123883518670e-07 
7.54135605253816e-01 7.54135564929720e-01 -1.29445259961429e-07 
7.57472488462904e-01 7.57472445406183e-01 -1.29327437231790e-07 
7.60809371671991e-01 7.60809325700597e-01 -1.28743844445544e-07 
7.64146254881079e-01 7.64146205801094e-01 -1.27669618278760e-07 
7.67483138090167e-01 7.67483085695078e-01 -1.26082176640722e-07 
7.70820021299255e-01 7.70819965369181e-01 -1.23962081227461e-07 
7.74156904508342e-01 7.74156844809221e-01 -1.21293275407341e-07 
7.77493787717430e-01 7.77493724000167e-01 -1.18064172095378e-07 
7.80830670926518e-01 7.80830602926081e-01 -1.14267943922709e-07 
7.84167554135605e-01 7.84167481570085e-01 -1.09904180711540e-07 
7.87504437344693e-01 7.87504359914311e-01 -1.04978822713095e-07 
7.90841320553781e-01 7.90841237939837e-01 -9.95060396724589e-08 
7.94178203762868e-01 7.94178115626655e-01 -9.35087268565457e-08 
7.97515086971956e-01 7.97514992953607e-01 -8.70200716648740e-08 
8.00851970181044e-01 8.00851869898330e-01 -8.00846771742684e-08 
8.04188853390131e-01 8.04188746437202e-01 -7.27597826417321e-08 
8.07525736599219e-01 8.07525622545284e-01 -6.51169688017683e-08 
8.10862619808307e-01 8.10862498196253e-01 -5.72435461214743e-08 
8.14199503017395e-01 8.14199373362349e-01 -4.92447289650712e-08 
8.17536386226482e-01 8.17536248014301e-01 -4.12443100801665e-08 
8.20873269435570e-01 8.20873122121266e-01 -3.33879292631202e-08 
8.24210152644657e-01 8.24209995650764e-01 -2.58440152391584e-08 
8.27547035853745e-01 8.27546868568600e-01 -1.88064435961492e-08 
8.30883919062833e-01 8.30883740838800e-01 -1.24966992348967e-08 
8.34220802271921e-01 8.34220612423537e-01 -7.16616623512634e-09 
8.37557685481008e-01 8.37557483283049e-01 -3.09855566705675e-09 
8.40894568690096e-01 8.40894353375565e-01 -6.13069083455869e-10 
8.44231451899184e-01 8.44231222657240e-01 -6.60624203417521e-11 
8.47568335108271e-01 8.47568091082050e-01 -1.85506083898842e-09 
8.50905218317359e-01 8.50904958601729e-01 -6.42110609466883e-09 
8.54242101526447e-01 8.54241825165680e-01 -1.42518458706334e-08 
8.57578984735534e-01 8.57578690720885e-01 -2.58849856479200e-08 
8.60915867944622e-01 8.60915555211827e-01 -4.19119700054353e-08 
8.64252751153710e-01 8.64252418580398e-01 -6.29803124399453e-08 
8.67589634362797e-01 8.67589280765797e-01 -8.97983569665101e-08 
8.70926517571885e-01 8.70926141704465e-01 -1.23138643027170e-07 
8.74263400780973e-01 8.74263001329970e-01 -1.63841067786121e-07 
8.77600283990060e-01 8.77599859572919e-01 -2.12817509631394e-07 
8.80937167199148e-01 8.80936716360861e-01 -2.71055215741297e-07 
8.84274050408236e-01 8.84273571618192e-01 -3.39621173776611e-07 
8.87610933617323e-01 8.87610425266057e-01 -4.19665984058941e-07 
8.90947816826411e-01 8.90947277222243e-01 -5.12428064090637e-07 
8.94284700035499e-01 8.94284127401085e-01 -6.19237463672216e-07 
8.97621583244586e-01 8.97620975713359e-01 -7.41520610207924e-07 
9.00958466453674e-01 9.00957822066171e-01 -8.80803785215748e-07 
9.04295349662762e-01 9.04294666362863e-01 -1.03871782713064e-06 
9.07632232871849e-01 9.07631508502886e-01 -1.21700172799836e-06 
9.10969116080937e-01 9.10968348381706e-01 -1.41750698657251e-06 
9.14305999290025e-01 9.14305185890685e-01 -1.64220150265736e-06 
9.17642882499113e-01 9.17642020916960e-01 -1.89317302258124e-06 
9.20979765708200e-01 9.20978853343327e-01 -2.17263325236235e-06 
9.24316648917288e-01 9.24315683048127e-01 -2.48292114062237e-06 
9.27653532126376e-01 9.27652509905119e-01 -2.82650622189245e-06 
9.30990415335463e-01 9.30989333783344e-01 -3.20599139291369e-06 
9.34327298544551e-01 9.34326154547003e-01 -3.62411608829013e-06 
9.37664181753639e-01 9.37662972055327e-01 -4.08375857751850e-06 
9.41001064962726e-01 9.40999786162419e-01 -4.58793793001272e-06 
9.44337948171814e-01 9.44336596717130e-01 -5.13981590367789e-06 
9.47674831380902e-01 9.47673403562887e-01 -5.74269776988709e-06 
9.51011714589989e-01 9.51010206537555e-01 -6.40003379263003e-06 
9.54348597799077e-01 9.54347005473257e-01 -7.11541883026947e-06 
9.57685481008165e-01 9.57683800196221e-01 -7.89259247969438e-06 
9.61022364217252e-01 9.61020590526569e-01 -8.73543742659988e-06 
9.64359247426340e-01 9.64357376278164e-01 -9.64797852625066e-06 
9.67696130635428e-01 9.67694157258366e-01 -1.06343795690931e-05 
9.71033013844515e-01 9.71030933267858e-01 -1.16989408934948e-05 
9.74369897053603e-01 9.74367704100392e-01 -1.28460942975111e-05 
9.77706780262691e-01 9.77704469542555e-01 -1.40803990261396e-05 
9.81043663471779e-01 9.81041229373522e-01 -1.54065348202842e-05 
9.84380546680866e-01 9.84377983364755e-01 -1.68292953905958e-05 
9.87717429889954e-01 9.87714731279740e-01 -1.83535799698983e-05 
9.91054313099042e-01 9.91051472873641e-01 -1.99843839704034e-05 
9.94391196308129e-01 9.94388207892986e-01 -2.17267886256371e-05 
9.97728079517217e-01 9.97724936075274e-01 -2.35859485464978e-05 
1.00106496272630e+00 1.00106165714861e+00 -2.55670788414810e-05 
1.00440184593539e+00 1.00439837083126e+00 -2.76754402646015e-05 
1.00773872914448e+00 1.00773507683122e+00 -2.99163228453688e-05 
1.01107561235357e+00 1.01107177484567e+00 -3.22950282216474e-05 
1.01441249556266e+00 1.01440846456052e+00 -3.48168503606593e-05 
1.01774937877174e+00 1.01774514564977e+00 -3.74870542895164e-05 
1.02108626198083e+00 1.02108181777492e+00 -4.03108531383678e-05 
1.02442314518992e+00 1.02441848058432e+00 -4.32933840562148e-05 
1.02776002839901e+00 1.02775513371239e+00 -4.64396816611399e-05 
1.03109691160809e+00 1.03109177677891e+00 -4.97546490913233e-05 
1.03443379481718e+00 1.03442840938814e+00 -5.32430291221092e-05 
1.03777067802627e+00 1.03776503112793e+00 -5.69093710350467e-05 
1.04110756123536e+00 1.04110164156873e+00 -6.07579970184230e-05 
1.04444444444444e+00 1.04443824026255e+00 -6.47929665099242e-05 
1.04778132765353e+00 1.04777482674183e+00 -6.90180374138465e-05 
1.05111821086262e+00 1.05111140051822e+00 -7.34366274005465e-05 
1.05445509407171e+00 1.05444796108126e+00 -7.80517707628005e-05 
1.05779197728080e+00 1.05778450789698e+00 -8.28660757974489e-05 
1.06112886048988e+00 1.06112104040636e+00 -8.78816787669240e-05 
1.06446574369897e+00 1.06445755802376e+00 -9.31001960904380e-05 
1.06780262690806e+00 1.06779406013513e+00 -9.85226757316956e-05 
1.07113951011715e+00 1.07113054609617e+00 -1.04149546142231e-04 
1.07447639332623e+00 1.07446701523028e+00 -1.09980563879768e-04 
1.07781327653532e+00 1.07780346682648e+00 -1.16014759261762e-04 
1.08115015974441e+00 1.08113990013711e+00 -1.22250382150420e-04 
1.08448704295350e+00 1.08447631437533e+00 -1.28684844754816e-04 
1.08782392616258e+00 1.08781270871258e+00 -1.35314665071406e-04 
1.09116080937167e+00 1.09114908227575e+00 -1.42135408097850e-04 
1.09449769258076e+00 1.09448543414421e+00 -1.49141628283887e-04 
1.09783457578985e+00 1.09782176334668e+00 -1.56326809820097e-04 
1.10117145899893e+00 1.10115806885785e+00 -1.63683308922152e-04 
1.10450834220802e+00 1.10449434959479e+00 -1.71202294731450e-04 
1.10784522541711e+00 1.10783060441319e+00 -1.78873692231222e-04 
1.11118210862620e+00 1.11116683210329e+00 -1.86686125517084e-04 
1.11451899183529e+00 1.11450303138564e+00 -1.94626863305112e-04 
1.11785587504437e+00 1.11783920090656e+00 -2.02681766178468e-04 
1.12119275825346e+00 1.12117533923334e+00 -2.10835235495765e-04 
1.12452964146255e+00 1.12451144484921e+00 -2.19070167451800e-04 
1.12786652467164e+00 1.12784751614794e+00 -2.27367908742656e-04 
1.13120340788072e+00 1.13118355142825e+00 -2.35708217931644e-04 
1.13454029108981e+00 1.13451954888780e+00 -2.44069231418511e-04 
1.13787717429890e+00 1.13785550661691e+00 -2.52427434724733e-04 
1.14121405750799e+00 1.14119142259200e+00 -2.60757641239223e-04 
1.14455094071707e+00 1.14452729466858e+00 -2.69032978131850e-04 
1.14788782392616e+00 1.14786312057398e+00 -2.77224880008198e-04 
1.15122470713525e+00 1.15119889789965e+00 -2.85303092456750e-04 
1.15456159034434e+00 1.15453462409309e+00 -2.93235686401644e-04 
1.15789847355343e+00 1.15787029644947e+00 -3.00989082524213e-04 
1.16123535676251e+00 1.16120591210273e+00 -3.08528089266469e-04 
1.16457223997160e+00 1.16454146801636e+00 -3.15815955111084e-04 
1.16790912318069e+00 1.16787696097370e+00 -3.22814434922330e-04 
1.17124600638978e+00 1.17121238756789e+00 -3.29483872620014e-04 
1.17458288959886e+00 1.17454774419129e+00 -3.35783303287035e-04 
1.17791977280795e+00 1.17788302702452e+00 -3.41670573435924e-04 
1.18125665601704e+00 1.18121823202499e+00 -3.47102482586920e-04 
1.18459353922613e+00 1.18455335491504e+00 -3.52034947077594e-04 
1.18793042243521e+00 1.18788839116954e+00 -3.56423189790585e-04 
1.19126730564430e+00 1.19122333600304e+00 -3.60221954201638e-04 
1.19460418885339e+00 1.19455818435645e+00 -3.63385748135105e-04 
1.19794107206248e+00 1.19789293088325e+00 -3.65869116258725e-04 
1.20127795527157e+00 1.20122756993516e+00 -3.67626946073108e-04 
1.20461483848065e+00 1.20456209554735e+00 -3.68614807429165e-04 
1.20795172168974e+00 1.20789650142320e+00 -3.68789328596028e-04 
1.21128860489883e+00 1.21123078091852e+00 -3.68108611382279e-04 
1.21462548810792e+00 1.21456492702532e+00 -3.66532687631373e-04 
1.21796237131700e+00 1.21789893235504e+00 -3.64024019176429e-04 
1.22129925452609e+00 1.22123278912143e+00 -3.60548043703096e-04 
1.22463613773518e+00 1.22456648912280e+00 -3.56073770121236e-04 
1.22797302094427e+00 1.22790002372401e+00 -3.50574424981655e-04 
1.23130990415335e+00 1.23123338383781e+00 -3.44028153407300e-04 
1.23464678736244e+00 1.23456655990593e+00 -3.36418776484270e-04 
1.23798367057153e+00 1.23789954187966e+00 -3.27736609811129e-04 
1.24132055378062e+00 1.24123231920009e+00 -3.17979343428615e-04 
1.24465743698971e+00 1.24456488077793e+00 -3.07152989328153e-04 
1.24799432019879e+00 1.24789721497307e+00 -2.95272895888729e-04 
1.25133120340788e+00 1.25122930957378e+00 -2.82364836548287e-04 
1.25466808661697e+00 1.25456115177560e+00 -2.68466171249471e-04 
1.25800496982606e+00 1.25789272816008e+00 -2.53627087902820e-04 
1.26134185303514e+00 1.26122402467324e+00 -2.37911924420136e-04 
1.26467873624423e+00 1.26455502660389e+00 -2.21400575069532e-04 
1.26801561945332e+00 1.26788571856185e+00 -2.04189984687653e-04 
1.27135250266241e+00 1.27121608445612e+00 -1.86395733533225e-04 
1.27468938587149e+00 1.27454610747300e+00 -1.68153716370266e-04 
1.27802626908058e+00 1.27787577005429e+00 -1.49621917370737e-04 
1.28136315228967e+00 1.28120505387563e+00 -1.30982285514284e-04 
1.28470003549876e+00 1.28453393982497e+00 -1.12442712581079e-04 
1.28803691870785e+00 1.28786240798136e+00 -9.42391163024111e-05 
1.29137380191693e+00 1.29119043759402e+00 -7.66376317290013e-05 
1.29471068512602e+00 1.29451800706187e+00 -5.99369133294498e-05 
1.29804756833511e+00 1.29784509391356e+00 -4.44705495313936e-05 
1.30138445154420e+00 1.30117167478806e+00 -3.06095933423953e-05 
1.30472133475328e+00 1.30449772541604e+00 -1.87652089575621e-05 
1.30805821796237e+00 1.30782322060187e+00 -9.39143808276210e-06 
1.31139510117146e+00 1.31114813420678e+00 -2.98808619518315e-06 
1.31473198438055e+00 1.31447243913282e+00 -1.03730486796659e-07 
1.31806886758963e+00 1.31779610730802e+00 -1.33885075157032e-06 
1.32140575079872e+00 1.32111910967287e+00 -7.34908163464991e-06 
1.32474263400781e+00 1.32444141616810e+00 -1.88485902655896e-05 
1.32807951721690e+00 1.32776299572403e+00 -3.66135756826683e-05 
1.33141640042599e+00 1.33108381625150e+00 -6.14858901665690e-05 
1.33475328363507e+00 1.33440384463467e+00 -9.43767825240798e-05 
1.33809016684416e+00 1.33772304672568e+00 -1.36270761274843e-04 
1.34142705005325e+00 1.34104138734138e+00 -1.88229574646019e-04 
1.34476393326234e+00 1.34435883026236e+00 -2.51396305242925e-04 
1.34810081647142e+00 1.34767533823421e+00 -3.26999577787243e-04 
1.35143769968051e+00 1.35099087297143e+00 -4.16357872250694e-04 
1.35477458288960e+00 1.35430539516394e+00 -5.20883942962169e-04 
1.35811146609869e+00 1.35761886448637e+00 -6.42089332972018e-04 
1.36144834930777e+00 1.36093123961045e+00 -7.81588982655311e-04 
1.36478523251686e+00 1.36424247822040e+00 -9.41105923466468e-04 
1.36812211572595e+00 1.36755253703163e+00 -1.12247604976715e-03 
1.37145899893504e+00 1.37086137181288e+00 -1.32765296026903e-03 
1.37479588214412e+00 1.37416893741189e+00 -1.55871286291243e-03 
1.37813276535321e+00 1.37747518778474e+00 -1.81785952944085e-03 
1.38146964856230e+00 1.38078007602911e+00 -2.10742929372387e-03 
1.38480653177139e+00 1.38408355442130e+00 -2.42989607809270e-03 
1.38814341498048e+00 1.38738557445754e+00 -2.78787644109187e-03 
1.39148029818956e+00 1.39068608689929e+00 -3.18413462826143e-03 
1.39481718139865e+00 1.39398504182288e+00 -3.62158761839363e-03 
1.39815406460774e+00 1.39728238867345e+00 -4.10331014591766e-03 
1.40149094781683e+00 1.40057807632338e+00 -4.63253968843207e-03 
1.40482783102591e+00 1.40387205313507e+00 -5.21268140232395e-03 
1.40816471423500e+00 1.40716426702838e+00 -5.84731299116833e-03 
1.41150159744409e+00 1.41045466555245e+00 -6.54018948834736e-03 
1.41483848065318e+00 1.41374319596218e+00 -7.29524794176003e-03 
1.41817536386226e+00 1.41702980529917e+00 -8.11661197613288e-03 
1.42151224707135e+00 1.42031444047721e+00 -9.00859622216820e-03 
1.42484913028044e+00 1.42359704837213e+00 -9.97571058990555e-03 
1.42818601348953e+00 1.42687757591611e+00 -1.10226643696257e-02 
1.43152289669862e+00 1.43015597019618e+00 -1.21543701429941e-02 
1.43485977990770e+00 1.43343217855697e+00 -1.33759474846571e-02 
1.43819666311679e+00 1.43670614870732e+00 -1.46927264369546e-02 
1.44153354632588e+00 1.43997782883092e+00 -1.61102507399413e-02 
1.44487042953497e+00 1.44324716770042e+00 -1.76342808006819e-02 
1.44820731274405e+00 1.44651411479508e+00 -1.92707963811158e-02 
1.45154419595314e+00 1.44977862042159e+00 -2.10259989946010e-02 
1.45488107916223e+00 1.45304063583789e+00 -2.29063139881059e-02 
1.45821796237132e+00 1.45630011337949e+00 -2.49183923018847e-02 
1.46155484558040e+00 1.45955700658833e+00 -2.70691118901138e-02 
1.46489172878949e+00 1.46281127034352e+00 -2.93655787899375e-02 
1.46822861199858e+00 1.46606286099388e+00 -3.18151278288550e-02 
1.47156549520767e+00 1.46931173649172e+00 -3.44253229610150e-02 
1.47490237841676e+00 1.47255785652755e+00 -3.72039572215042e-02 
1.47823926162584e+00 1.47580118266546e+00 -4.01590522964107e-02 
1.48157614483493e+00 1.47904167847854e+00 -4.32988576984630e-02 
1.48491302804402e+00 1.48227930968410e+00 -4.66318495501224e-02 
1.48824991125311e+00 1.48551404427816e+00 -5.01667289684101e-02 
1.49158679446219e+00 1.48874585266887e+00 -5.39124200546423e-02 
1.49492367767128e+00 1.49197470780843e+00 -5.78780674896099e-02 
1.49826056088037e+00 1.49520058532296e+00 -6.20730337410874e-02 
1.50159744408946e+00 1.49842346364011e+00 -6.65068958859706e-02 
1.50493432729854e+00 1.50164332411377e+00 -7.11894420586328e-02 
1.50827121050763e+00 1.50486015114564e+00 -7.61306675340605e-02 
1.51160809371672e+00 1.50807393230319e+00 -8.13407704585216e-02 
1.51494497692581e+00 1.51128465843364e+00 -8.68301472395189e-02 
1.51828186013490e+00 1.51449232377363e+00 -9.26093876128623e-02 
1.52161874334398e+00 1.51769692605415e+00 -9.86892694037468e-02 
1.52495562655307e+00 1.52089846660054e+00 -1.05080752998065e-01 
1.52829250976216e+00 1.52409695042715e+00 -1.11794975546967e-01 
1.53162939297125e+00 1.52729238632645e+00 -1.18843244924226e-01 
1.53496627618033e+00 1.53048478695233e+00 -1.26237033460144e-01 
1.53830315938942e+00 1.53367416889742e+00 -1.33987971473763e-01 
1.54164004259851e+00 1.53686055276411e+00 -1.42107840630096e-01 
1.54497692580760e+00 1.54004396322937e+00 -1.50608567145113e-01 
1.54831380901668e+00 1.54322442910300e+00 -1.59502214865567e-01 
1.55165069222577e+00 1.54640198337940e+00 -1.68800978248630e-01 
1.55498757543486e+00 1.54957666328270e+00 -1.78517175266882e-01 
1.55832445864395e+00 1.55274851030538e+00 -1.88663240266736e-01 
1.56166134185304e+00 1.55591757024019e+00 -1.99251716802815e-01 
1.56499822506212e+00 1.55908389320561e+00 -2.10295250476501e-01 
1.56833510827121e+00 1.56224753366490e+00 -2.21806581801765e-01 
1.57167199148030e+00 1.56540855043870e+00 -2.33798539122040e-01 
1.57500887468939e+00 1.56856700671152e+00 -2.46284031603701e-01 
1.57834575789847e+00 1.57172297003222e+00 -2.59276042325898e-01 
1.58168264110756e+00 1.57487651230857e+00 -2.72787621489198e-01 
1.58501952431665e+00 1.57802770979634e+00 -2.86831879762459e-01 
1.58835640752574e+00 1.58117664308282e+00 -3.01421981787136e-01 
1.59169329073482e+00 1.58432339706547e+00 -3.16571139856555e-01 
1.59503017394391e+00 1.58746806092553e+00 -3.32292607784161e-01 
1.59836705715300e+00 1.59061072809719e+00 -3.48599674977282e-01 
1.60170394036209e+00 1.59375149623253e+00 -3.65505660728018e-01 
1.60504082357118e+00 1.59689046716244e+00 -3.83023908731555e-01 
1.60837770678026e+00 1.60002774685406e+00 -4.01167781843565e-01 
1.61171458998935e+00 1.60316344536484e+00 -4.19950657082213e-01 
1.61505147319844e+00 1.60629767679370e+00 -4.39385920882059e-01 
1.61838835640753e+00 1.60943055922956e+00 -4.59486964605405e-01 
1.62172523961661e+00 1.61256221469760e+00 -4.80267180311795e-01 
1.62506212282570e+00 1.61569276910352e+00 -5.01739956790484e-01 
1.62839900603479e+00 1.61882235217616e+00 -5.23918675852105e-01 
1.63173588924388e+00 1.62195109740882e+00 -5.46816708881957e-01 
1.63507277245296e+00 1.62507914199954e+00 -5.70447413649644e-01 
1.63840965566205e+00 1.62820662679065e+00 -5.94824131372183e-01 
1.64174653887114e+00 1.63133369620782e+00 -6.19960184026081e-01 
1.64508342208023e+00 1.63446049819905e+00 -6.45868871899185e-01 
1.64842030528931e+00 1.63758718417360e+00 -6.72563471379276e-01 
1.65175718849840e+00 1.64071390894134e+00 -7.00057232968257e-01 
1.65509407170749e+00 1.64384083065257e+00 -7.28363379512409e-01 
1.65843095491658e+00 1.64696811073870e+00 -7.57495104641920e-01 
1.66176783812567e+00 1.65009591385369e+00 -7.87465571404413e-01 
1.66510472133475e+00 1.65322440781685e+00 -8.18287911086308e-01 
1.66844160454384e+00 1.65635376355670e+00 -8.49975222206789e-01 
1.67177848775293e+00 1.65948415505639e+00 -8.82540569672851e-01 
1.67511537096202e+00 1.66261575930061e+00 -9.15996984083941e-01 
1.67845225417110e+00 1.66574875622410e+00 -9.50357461173227e-01 
1.68178913738019e+00 1.66888332866196e+00 -9.85634961370215e-01 
1.68512602058928e+00 1.67201966230177e+00 -1.02184240947672e+00 
1.68846290379837e+00 1.67515794563743e+00 -1.05899269443701e+00 
1.69179978700745e+00 1.67829836992504e+00 -1.09709866919235e+00 
1.69513667021654e+00 1.68144112914058e+00 -1.13617315060842e+00 
1.69847355342563e+00 1.68458641993952e+00 -1.17622891945796e+00 
1.70181043663472e+00 1.68773444161831e+00 -1.21727872045175e+00 
1.70514731984381e+00 1.69088539607771e+00 -1.25933526229847e+00 
1.70848420305289e+00 1.69403948778796e+00 -1.30241121779077e+00 
1.71182108626198e+00 1.69719692375567e+00 -1.34651922389572e+00 
1.71515796947107e+00 1.70035791349238e+00 -1.39167188184567e+00 
1.71849485268016e+00 1.70352266898471e+00 -1.43788175721552e+00 
1.72183173588924e+00 1.70669140466600e+00 -1.48516137997665e+00 
1.72516861909833e+00 1.70986433738928e+00 -1.53352324451732e+00 
1.72850550230742e+00 1.71304168640158e+00 -1.58297980962166e+00 
1.73184238551651e+00 1.71622367331923e+00 -1.63354349839683e+00 
1.73517926872559e+00 1.71941052210424e+00 -1.68522669814173e+00 
1.73851615193468e+00 1.72260245904136e+00 -1.73804176014826e+00 
1.74185303514377e+00 1.72579971271595e+00 -1.79200099943262e+00 
1.74518991835286e+00 1.72900251399216e+00 -1.84711669438426e+00 
1.74852680156195e+00 1.73221109599152e+00 -1.90340108633441e+00 
1.75186368477103e+00 1.73542569407160e+00 -1.96086637903435e+00 
1.75520056798012e+00 1.73864654580456e+00 -2.01952473804350e+00 
1.75853745118921e+00 1.74187389095546e+00 -2.07938829002304e+00 
1.76187433439830e+00 1.74510797146004e+00 -2.14046912193466e+00 
1.76521121760738e+00 1.74834903140187e+00 -2.20277928014069e+00 
1.76854810081647e+00 1.75159731698854e+00 -2.26633076940991e+00 
1.77188498402556e+00 1.75485307652675e+00 -2.33113555182717e+00 
1.77522186723465e+00 1.75811656039614e+00 -2.39720554560818e+00 
1.77855875044373e+00 1.76138802102147e+00 -2.46455262382617e+00 
1.78189563365282e+00 1.76466771284317e+00 -2.53318861304917e+00 
1.78523251686191e+00 1.76795589228587e+00 -2.60312529189746e+00 
1.78856940007100e+00 1.77125281772478e+00 -2.67437438952290e+00 
1.79190628328009e+00 1.77455874944971e+00 -2.74694758402155e+00 
1.79524316648917e+00 1.77787394962655e+00 -2.82085650078218e+00 
1.79858004969826e+00 1.78119868225595e+00 -2.89611271078400e+00 
1.80191693290735e+00 1.78453321312913e+00 -2.97272772885124e+00 
1.80525381611644e+00 1.78787780978056e+00 -3.05071301187446e+00 
1.80859069932552e+00 1.79123274143731e+00 -3.13007995701201e+00 
1.81192758253461e+00 1.79459827896511e+00 -3.21083989988545e+00 
1.81526446574370e+00 1.79797469481067e+00 -3.29300411277638e+00 
1.81860134895279e+00 1.80136226294052e+00 -3.37658380284666e+00 
1.82193823216187e+00 1.80476125877583e+00 -3.46159011039254e+00 
1.82527511537096e+00 1.80817195912351e+00 -3.54803410714837e+00 
1.82861199858005e+00 1.81159464210326e+00 -3.63592679465892e+00 
1.83194888178914e+00 1.81502958707056e+00 -3.72527910273536e+00 
1.83528576499823e+00 1.81847707453569e+00 -3.81610188801354e+00 
1.83862264820731e+00 1.82193738607855e+00 -3.90840593263167e+00 
1.84195953141640e+00 1.82541080425948e+00 -4.00220194304823e+00 
1.84529641462549e+00 1.82889761252596e+00 -4.09750054901594e+00 
1.84863329783458e+00 1.83239809511537e+00 -4.19431230273264e+00 
1.85197018104366e+00 1.83591253695375e+00 -4.29264767818760e+00 
1.85530706425275e+00 1.83944122355078e+00 -4.39251707072257e+00 
1.85864394746184e+00 1.84298444089099e+00 -4.49393079682593e+00 
1.86198083067093e+00 1.84654247532150e+00 -4.59689909417903e+00 
1.86531771388001e+00 1.85011561343626e+00 -4.70143212197213e+00 
1.86865459708910e+00 1.85370414195716e+00 -4.80753996150839e+00 
1.87199148029819e+00 1.85730834761223e+00 -4.91523261711244e+00 
1.87532836350728e+00 1.86092851701102e+00 -5.02452001735936e+00 
1.87866524671637e+00 1.86456493651752e+00 -5.13541201663998e+00 
1.88200212992545e+00 1.86821789212109e+00 -5.24791839707614e+00 
1.88533901313454e+00 1.87188766930534e+00 -5.36204887079878e+00 
1.88867589634363e+00 1.87557455291564e+00 -5.47781308259999e+00 
1.89201277955272e+00 1.87927882702545e+00 -5.59522061297217e+00 
1.89534966276180e+00 1.88300077480177e+00 -5.71428098153641e+00 
1.89868654597089e+00 1.88674067837032e+00 -5.83500365087673e+00 
1.90202342917998e+00 1.89049881868058e+00 -5.95739803077557e+00 
1.90536031238907e+00 1.89427547537131e+00 -6.08147348286029e+00 
1.90869719559815e+00 1.89807092663677e+00 -6.20723932566140e+00 
1.91203407880724e+00 1.90188544909424e+00 -6.33470484007937e+00 
1.91537096201633e+00 1.90571931765313e+00 -6.46387927526233e+00 
1.91870784522542e+00 1.90957280538606e+00 -6.59477185488575e+00 
1.92204472843450e+00 1.91344618340248e+00 -6.72739178383159e+00 
1.92538161164359e+00 1.91733972072511e+00 -6.86174825525730e+00 
1.92871849485268e+00 1.92125368416961e+00 -6.99785045804499e+00 
1.93205537806177e+00 1.92518833822781e+00 -7.13570758461724e+00 
1.93539226127086e+00 1.92914394495506e+00 -7.27532883910996e+00 
1.93872914447994e+00 1.93312076386180e+00 -7.41672344588210e+00 
1.94206602768903e+00 1.93711905180982e+00 -7.55990065834734e+00 
1.94540291089812e+00 1.94113906291347e+00 -7.70486976811132e+00 
1.94873979410721e+00 1.94518104844611e+00 -7.85164011438920e+00 
1.95207667731629e+00 1.94924525675210e+00 -8.00022109368733e+00 
1.95541356052538e+00 1.95333193316435e+00 -8.15062216972410e+00 
1.95875044373447e+00 1.95744131992793e+00 -8.30285288356673e+00 
1.96208732694356e+00 1.96157365612968e+00 -8.45692286396040e+00 
1.96542421015264e+00 1.96572917763393e+00 -8.61284183782497e+00 
1.96876109336173e+00 1.96990811702462e+00 -8.77061964089357e+00 
1.97209797657082e+00 1.97411070355366e+00 -8.93026622846759e+00 
1.97543485977991e+00 1.97833716309574e+00 -9.09179168626279e+00 
1.97877174298900e+00 1.98258771810943e+00 -9.25520624132008e+00 
1.98210862619808e+00 1.98686258760458e+00 -9.42052027295682e+00 
1.98544550940717e+00 1.99116198711609e+00 -9.58774432373260e+00 
1.98878239261626e+00 1.99548612868369e+00 -9.75688911040500e+00 
1.99211927582535e+00 1.99983522083778e+00 -9.92796553485238e+00 
1.99545615903443e+00 2.00420946859116e+00 -1.01009846949395e+01 
1.99879304224352e+00 2.00860907343632e+00 -1.02759578953070e+01 
2.00212992545261e+00 2.01303423334826e+00 -1.04528966580579e+01 
2.00546680866170e+00 2.01748514279251e+00 -1.06318127333279e+01 
2.00880369187078e+00 2.02196199273803e+00 -1.08127181097180e+01 
2.01214057507987e+00 2.02646497067485e+00 -1.09956250245714e+01 
2.01547745828896e+00 2.03099426063601e+00 -1.11805459740810e+01 
2.01881434149805e+00 2.03555004322372e+00 -1.13674937232113e+01 
2.02215122470714e+00 2.04013249563897e+00 -1.15564813154257e+01 
2.02548810791622e+00 2.04474179171492e+00 -1.17475220822023e+01 
2.02882499112531e+00 2.04937810195303e+00 -1.19406296523342e+01 
2.03216187433440e+00 2.05404159356210e+00 -1.21358179610007e+01 
2.03549875754349e+00 2.05873243049965e+00 -1.23331012586102e+01 
2.03883564075257e+00 2.06345077351523e+00 -1.25324941194003e+01 
2.04217252396166e+00 2.06819678019557e+00 -1.27340114498004e+01 
2.04550940717075e+00 2.07297060501087e+00 -1.29376684965467e+01 
2.04884629037984e+00 2.07777239936223e+00 -1.31434808545566e+01 
2.05218317358892e+00 2.08260231162957e+00 -1.33514644745553e+01 
2.05552005679801e+00 2.08746048722002e+00 -1.35616356704612e+01 
2.05885694000710e+00 2.09234706861612e+00 -1.37740111265321e+01 
2.06219382321619e+00 2.09726219542386e+00 -1.39886079042728e+01 
2.06553070642528e+00 2.10220600441995e+00 -1.42054434491158e+01 
2.06886758963436e+00 2.10717862959829e+00 -1.44245355968715e+01 
2.07220447284345e+00 2.11218020221511e+00 -1.46459025799628e+01 
2.07554135605254e+00 2.11721085083275e+00 -1.48695630334483e+01 
2.07887823926163e+00 2.12227070136166e+00 -1.50955360008411e+01 
2.08221512247071e+00 2.12735987710043e+00 -1.53238409397325e+01 
2.08555200567980e+00 2.13247849877371e+00 -1.55544977272309e+01 
2.08888888888889e+00 2.13762668456758e+00 -1.57875266652251e+01 
2.09222577209798e+00 2.14280455016250e+00 -1.60229484854799e+01 
2.09556265530706e+00 2.14801220876326e+00 -1.62607843545758e+01 
2.09889953851615e+00 2.15324977112620e+00 -1.65010558787051e+01 
2.10223642172524e+00 2.15851734558314e+00 -1.67437851083300e+01 
2.10557330493433e+00 2.16381503806209e+00 -1.69889945427185e+01 
2.10891018814341e+00 2.16914295210463e+00 -1.72367071343647e+01 
2.11224707135250e+00 2.17450118887965e+00 -1.74869462933056e+01 
2.11558395456159e+00 2.17988984719351e+00 -1.77397358913461e+01 
2.11892083777068e+00 2.18530902349658e+00 -1.79951002662010e+01 
2.12225772097977e+00 2.19075881188570e+00 -1.82530642255640e+01 
2.12559460418885e+00 2.19623930410299e+00 -1.85136530511135e+01 
2.12893148739794e+00 2.20175058953055e+00 -1.87768925024668e+01 
2.13226837060703e+00 2.20729275518115e+00 -1.90428088210906e+01 
2.13560525381612e+00 2.21286588568484e+00 -1.93114287341760e+01 
2.13894213702520e+00 2.21847006327135e+00 -1.95827794584898e+01 
2.14227902023429e+00 2.22410536774841e+00 -1.98568887042043e+01 
2.14561590344338e+00 2.22977187647579e+00 -2.01337846787246e+01 
2.14895278665247e+00 2.23546966433505e+00 -2.04134960905093e+01 
2.15228966986155e+00 2.24119880369504e+00 -2.06960521528974e+01 
2.15562655307064e+00 2.24695936437311e+00 -2.09814825879493e+01 
2.15896343627973e+00 2.25275141359199e+00 -2.12698176303080e+01 
2.16230031948882e+00 2.25857501593229e+00 -2.15610880310824e+01 
2.16563720269791e+00 2.26443023328063e+00 -2.18553250617640e+01 
2.16897408590699e+00 2.27031712477349e+00 -2.21525605181801e+01 
2.17231096911608e+00 2.27623574673653e+00 -2.24528267244857e+01 
2.17564785232517e+00 2.28218615261967e+00 -2.27561565372035e+01 
2.17898473553426e+00 2.28816839292757e+00 -2.30625833493142e+01 
2.18232161874334e+00 2.29418251514591e+00 -2.33721410943955e+01 
2.18565850195243e+00 2.30022856366305e+00 -2.36848642508263e+01 
2.18899538516152e+00 2.30630657968731e+00 -2.40007878460413e+01 
2.19233226837061e+00 2.31241660115986e+00 -2.43199474608555e+01 
2.19566915157969e+00 2.31855866266300e+00 -2.46423792338489e+01 
2.19900603478878e+00 2.32473279532402e+00 -2.49681198658198e+01 
2.20234291799787e+00 2.33093902671462e+00 -2.52972066243054e+01 
2.20567980120696e+00 2.33717738074565e+00 -2.56296773481729e+01 
2.20901668441605e+00 2.34344787755745e+00 -2.59655704522778e+01 
2.21235356762513e+00 2.34975053340546e+00 -2.63049249321970e+01 
2.21569045083422e+00 2.35608536054136e+00 -2.66477803690289e+01 
2.21902733404331e+00 2.36245236708949e+00 -2.69941769342683e+01 
2.22236421725240e+00 2.36885155691864e+00 -2.73441553947478e+01 
2.22570110046148e+00 2.37528292950909e+00 -2.76977571176539e+01 
2.22903798367057e+00 2.38174647981498e+00 -2.80550240756078e+01 
2.23237486687966e+00 2.38824219812177e+00 -2.84159988518156e+01 
2.23571175008875e+00 2.39477006989902e+00 -2.87807246452869e+01 
2.23904863329783e+00 2.40133007564814e+00 -2.91492452761152e+01 
2.24238551650692e+00 2.40792219074526e+00 -2.95216051908222e+01 
2.24572239971601e+00 2.41454638527913e+00 -2.98978494677620e+01 
2.24905928292510e+00 2.42120262388394e+00 -3.02780238225862e+01 
2.25239616613419e+00 2.42789086556701e+00 -3.06621746137585e+01 
2.25573304934327e+00 2.43461106353129e+00 -3.10503488481267e+01 
2.25906993255236e+00 2.44136316499264e+00 -3.14425941865400e+01 
2.26240681576145e+00 2.44814711099176e+00 -3.18389589495154e+01 
2.26574369897054e+00 2.45496283620071e+00 -3.22394921229419e+01 
2.26908058217962e+00 2.46181026872390e+00 -3.26442433638241e+01 
2.27241746538871e+00 2.46868932989363e+00 -3.30532630060602e+01 
2.27575434859780e+00 2.47559993405984e+00 -3.34666020662465e+01 
2.27909123180689e+00 2.48254198837414e+00 -3.38843122495082e+01 
2.28242811501597e+00 2.48951539256806e+00 -3.43064459553473e+01 
2.28576499822506e+00 2.49652003872529e+00 -3.47330562835061e+01 
2.28910188143415e+00 2.50355581104787e+00 -3.51641970398386e+01 
2.29243876464324e+00 2.51062258561632e+00 -3.55999227421817e+01 
2.29577564785233e+00 2.51772023014339e+00 -3.60402886262273e+01 
2.29911253106141e+00 2.52484860372157e+00 -3.64853506513798e+01 
2.30244941427050e+00 2.53200755656397e+00 -3.69351655066013e+01 
2.30578629747959e+00 2.53919692973878e+00 -3.73897906162272e+01 
2.30912318068868e+00 2.54641655489691e+00 -3.78492841457583e+01 
2.31246006389776e+00 2.55366625399282e+00 -3.83137050076079e+01 
2.31579694710685e+00 2.56094583899836e+00 -3.87831128668059e+01 
2.31913383031594e+00 2.56825511160959e+00 -3.92575681466460e+01 
2.32247071352503e+00 2.57559386294633e+00 -3.97371320342736e+01 
2.32580759673411e+00 2.58296187324442e+00 -4.02218664861961e+01 
2.32914447994320e+00 2.59035891154043e+00 -4.07118342337174e+01 
2.33248136315229e+00 2.59778473534876e+00 -4.12070987882760e+01 
2.33581824636138e+00 2.60523909033118e+00 -4.17077244466870e+01 
2.33915512957046e+00 2.61272170995808e+00 -4.22137762962693e+01 
2.34249201277955e+00 2.62023231516212e+00 -4.27253202198510e+01 
2.34582889598864e+00 2.62777061398340e+00 -4.32424229006443e+01 
2.34916577919773e+00 2.63533630120647e+00 -4.37651518269703e+01 
2.35250266240682e+00 2.64292905798878e+00 -4.42935752968302e+01 
2.35583954561590e+00 2.65054855148060e+00 -4.48277624223058e+01 
2.35917642882499e+00 2.65819443443610e+00 -4.53677831337773e+01 
2.36251331203408e+00 2.66586634481557e+00 -4.59137081839450e+01 
2.36585019524317e+00 2.67356390537856e+00 -4.64656091516372e+01 
2.36918707845225e+00 2.68128672326788e+00 -4.70235584453997e+01 
2.37252396166134e+00 2.68903438958409e+00 -4.75876293068403e+01 
2.37586084487043e+00 2.69680647895062e+00 -4.81578958137186e+01 
2.37919772807952e+00 2.70460254906925e+00 -4.87344328827660e+01 
2.38253461128861e+00 2.71242214026562e+00 -4.93173162722141e+01 
2.38587149449769e+00 2.72026477502495e+00 -4.99066225840207e+01 
2.38920837770678e+00 2.72812995751767e+00 -5.05024292657692e+01 
2.39254526091587e+00 2.73601717311465e+00 -5.11048146122273e+01 
2.39588214412496e+00 2.74392588789214e+00 -5.17138577665418e+01 
2.39921902733404e+00 2.75185554812625e+00 -5.23296387210547e+01 
2.40255591054313e+00 2.75980557977663e+00 -5.29522383177153e+01 
2.40589279375222e+00 2.76777538795947e+00 -5.35817382480696e+01 
2.40922967696131e+00 2.77576435640940e+00 -5.42182210528028e+01 
2.41256656017039e+00 2.78377184693052e+00 -5.48617701208154e+01 
2.41590344337948e+00 2.79179719883611e+00 -5.55124696878066e+01 
2.41924032658857e+00 2.79983972837699e+00 -5.61704048343391e+01 
2.42257720979766e+00 2.80789872815865e+00 -5.68356614833710e+01 
2.42591409300675e+00 2.81597346654655e+00 -5.75083263972085e+01 
2.42925097621583e+00 2.82406318706004e+00 -5.81884871738758e+01 
2.43258785942492e+00 2.83216710775434e+00 -5.88762322428576e+01 
2.43592474263401e+00 2.84028442059083e+00 -5.95716508601930e+01 
2.43926162584310e+00 2.84841429079523e+00 -6.02748331028939e+01 
2.44259850905218e+00 2.85655585620398e+00 -6.09858698626478e+01 
2.44593539226127e+00 2.86470822659844e+00 -6.17048528387865e+01 
2.44927227547036e+00 2.87287048302690e+00 -6.24318745304787e+01 
2.45260915867945e+00 2.88104167711460e+00 -6.31670282281200e+01 
2.45594604188853e+00 2.88922083036127e+00 -6.39104080038820e+01 
2.45928292509762e+00 2.89740693342672e+00 -6.46621087013889e+01 
2.46261980830671e+00 2.90559894540392e+00 -6.54222259244824e+01 
2.46595669151580e+00 2.91379579307988e+00 -6.61908560250427e+01 
2.46929357472488e+00 2.92199637018441e+00 -6.69680960898218e+01 
2.47263045793397e+00 2.93019953662648e+00 -6.77540439262583e+01 
2.47596734114306e+00 2.93840411771847e+00 -6.85487980472232e+01 
2.47930422435215e+00 2.94660890338831e+00 -6.93524576546676e+01 
2.48264110756124e+00 2.95481264737956e+00 -7.01651226221200e+01 
2.48597799077032e+00 2.96301406643947e+00 -7.09868934759964e+01 
2.48931487397941e+00 2.97121183949526e+00 -7.18178713756789e+01 
2.49265175718850e+00 2.97940460681874e+00 -7.26581580923148e+01 
2.49598864039759e+00 2.98759096917919e+00 -7.35078559862939e+01 
2.49932552360667e+00 2.99576948698510e+00 -7.43670679833501e+01 
2.50266240681576e+00 3.00393867941456e+00 -7.52358975492514e+01 
2.50599929002485e+00 3.01209702353475e+00 -7.61144486630149e+01 
2.50933617323394e+00 3.02024295341079e+00 -7.70028257886083e+01 
2.51267305644302e+00 3.02837485920405e+00 -7.79011338450787e+01 
2.51600993965211e+00 3.03649108626057e+00 -7.88094781750624e+01 
2.51934682286120e+00 3.04458993418948e+00 -7.97279645116192e+01 
2.52268370607029e+00 3.05266965593215e+00 -8.06566989433384e+01 
2.52602058927938e+00 3.06072845682240e+00 -8.15957878776591e+01 
2.52935747248846e+00 3.06876449363803e+00 -8.25453380023566e+01 
2.53269435569755e+00 3.07677587364442e+00 -8.35054562451291e+01 
2.53603123890664e+00 3.08476065363051e+00 -8.44762497312292e+01 
2.53936812211573e+00 3.09271683893767e+00 -8.54578257390926e+01 
2.54270500532481e+00 3.10064238248244e+00 -8.64502916538836e+01 
2.54604188853390e+00 3.10853518377316e+00 -8.74537549189248e+01 
2.54937877174299e+00 3.11639308792176e+00 -8.84683229849246e+01 
2.55271565495208e+00 3.12421388465104e+00 -8.94941032569632e+01 
2.55605253816116e+00 3.13199530729837e+00 -9.05312030391595e+01 
2.55938942137025e+00 3.13973503181672e+00 -9.15797294769701e+01 
2.56272630457934e+00 3.14743067577359e+00 -9.26397894970477e+01 
2.56606318778843e+00 3.15507979734910e+00 -9.37114897446080e+01 
2.56940007099752e+00 3.16267989433404e+00 -9.47949365182277e+01 
2.57273695420660e+00 3.17022840312894e+00 -9.58902357020323e+01 
2.57607383741569e+00 3.17772269774522e+00 -9.69974926951826e+01 
2.57941072062478e+00 3.18516008880966e+00 -9.81168123386330e+01 
2.58274760383387e+00 3.19253782257331e+00 -9.92482988390636e+01 
2.58608448704295e+00 3.19985307992614e+00 -1.00392055689954e+02 
2.58942137025204e+00 3.20710297541885e+00 -1.01548185589720e+02 
2.59275825346113e+00 3.21428455629302e+00 -1.02716790356857e+02 
2.59609513667022e+00 3.22139480152140e+00 -1.03897970842040e+02 
2.59943201987930e+00 3.22843062085952e+00 -1.05091826837101e+02 
2.60276890308839e+00 3.23538885391047e+00 -1.06298456980856e+02 
2.60610578629748e+00 3.24226626920453e+00 -1.07517958661692e+02 
2.60944266950657e+00 3.24905956329522e+00 -1.08750427916888e+02 
2.61277955271566e+00 3.25576535987377e+00 -1.09995959328600e+02 
2.61611643592474e+00 3.26238020890384e+00 -1.11254645916469e+02 
2.61945331913383e+00 3.26890058577850e+00 -1.12526579026797e+02 
2.62279020234292e+00 3.27532289050148e+00 -1.13811848218245e+02 
2.62612708555201e+00 3.28164344689493e+00 -1.15110541144013e+02 
2.62946396876109e+00 3.28785850183565e+00 -1.16422743430460e+02 
2.63280085197018e+00 3.29396422452258e+00 -1.17748538552126e+02 
2.63613773517927e+00 3.29995670577719e+00 -1.19088007703113e+02 
2.63947461838836e+00 3.30583195738010e+00 -1.20441229664815e+02 
2.64281150159744e+00 3.31158591144563e+00 -1.21808280669943e+02 
2.64614838480653e+00 3.31721441983757e+00 -1.23189234262846e+02 
2.64948526801562e+00 3.32271325362838e+00 -1.24584161156097e+02 
2.65282215122471e+00 3.32807810260489e+00 -1.25993129083327e+02 
2.65615903443379e+00 3.33330457482327e+00 -1.27416202648312e+02 
2.65949591764288e+00 3.33838819621626e+00 -1.28853443170299e+02 
2.66283280085197e+00 3.34332441025540e+00 -1.30304908525577e+02 
2.66616968406106e+00 3.34810857767193e+00 -1.31770652985302e+02 
2.66950656727015e+00 3.35273597623884e+00 -1.33250727049589e+02 
2.67284345047923e+00 3.35720180061777e+00 -1.34745177277895e+02 
2.67618033368832e+00 3.36150116227405e+00 -1.36254046115729e+02 
2.67951721689741e+00 3.36562908946290e+00 -1.37777371717702e+02 
2.68285410010650e+00 3.36958052729071e+00 -1.39315187766997e+02 
2.68619098331558e+00 3.37335033785447e+00 -1.40867523291272e+02 
2.68952786652467e+00 3.37693330046332e+00 -1.42434402475102e+02 
2.69286474973376e+00 3.38032411194540e+00 -1.44015844468973e+02 
2.69620163294285e+00 3.38351738704405e+00 -1.45611863194979e+02 
2.69953851615193e+00 3.38650765890678e+00 -1.47222467149234e+02 
2.70287539936102e+00 3.38928937967104e+00 -1.48847659201161e+02 
2.70621228257011e+00 3.39185692115020e+00 -1.50487436389740e+02 
2.70954916577920e+00 3.39420457562398e+00 -1.52141789716826e+02 
2.71288604898829e+00 3.39632655673674e+00 -1.53810703937697e+02 
2.71622293219737e+00 3.39821700050780e+00 -1.55494157348950e+02 
2.71955981540646e+00 3.39986996645743e+00 -1.57192121573912e+02 
2.72289669861555e+00 3.40127943885249e+00 -1.58904561345729e+02 
2.72623358182464e+00 3.40243932807553e+00 -1.60631434288319e+02 
2.72957046503372e+00 3.40334347212095e+00 -1.62372690695370e+02 
2.73290734824281e+00 3.40398563822249e+00 -1.64128273307601e+02 
2.73624423145190e+00 3.40435952461522e+00 -1.65898117088492e+02 
2.73958111466099e+00 3.40445876243632e+00 -1.67682148998732e+02 
2.74291799787007e+00 3.40427691776766e+00 -1.69480287769609e+02 
2.74625488107916e+00 3.40380749382438e+00 -1.71292443675625e+02 
2.74959176428825e+00 3.40304393329252e+00 -1.73118518306591e+02 
2.75292864749734e+00 3.40197962081930e+00 -1.74958404339507e+02 
2.75626553070642e+00 3.40060788565921e+00 -1.76811985310514e+02 
2.75960241391551e+00 3.39892200447925e+00 -1.78679135387247e+02 
2.76293929712460e+00 3.39691520432623e+00 -1.80559719141918e+02 
2.76627618033369e+00 3.39458066575898e+00 -1.82453591325465e+02 
2.76961306354278e+00 3.39191152614836e+00 -1.84360596643160e+02 
2.77294994675186e+00 3.38890088314743e+00 -1.86280569531993e+02 
2.77628682996095e+00 3.38554179833427e+00 -1.88213333940286e+02 
2.77962371317004e+00 3.38182730102963e+00 -1.90158703109899e+02 
2.78296059637913e+00 3.37775039229115e+00 -1.92116479361455e+02 
2.78629747958821e+00 3.37330404908607e+00 -1.94086453883022e+02 
2.78963436279730e+00 3.36848122864377e+00 -1.96068406522689e+02 
2.79297124600639e+00 3.36327487298920e+00 -1.98062105585485e+02 
2.79630812921548e+00 3.35767791365849e+00 -2.00067307635143e+02 
2.79964501242457e+00 3.35168327659675e+00 -2.02083757301141e+02 
2.80298189563365e+00 3.34528388723886e+00 -2.04111187091557e+02 
2.80631877884274e+00 3.33847267577295e+00 -2.06149317212211e+02 
2.80965566205183e+00 3.33124258258607e+00 -2.08197855392630e+02 
2.81299254526092e+00 3.32358656389173e+00 -2.10256496719335e+02 
2.81632942847000e+00 3.31549759753755e+00 -2.12324923477009e+02 
2.81966631167909e+00 3.30696868899208e+00 -2.14402804998054e+02 
2.82300319488818e+00 3.29799287750846e+00 -2.16489797521112e+02 
2.82634007809727e+00 3.28856324246285e+00 -2.18585544059076e+02 
2.82967696130635e+00 3.27867290986455e+00 -2.20689674277167e+02 
2.83301384451544e+00 3.26831505903496e+00 -2.22801804381617e+02 
2.83635072772453e+00 3.25748292945135e+00 -2.24921537019538e+02 
2.83968761093362e+00 3.24616982775161e+00 -2.27048461190532e+02 
2.84302449414271e+00 3.23436913489505e+00 -2.29182152170597e+02 
2.84636137735179e+00 3.22207431347441e+00 -2.31322171448895e+02 
2.84969826056088e+00 3.20927891517345e+00 -2.33468066677955e+02 
2.85303514376997e+00 3.19597658836379e+00 -2.35619371637835e+02 
2.85637202697906e+00 3.18216108583475e+00 -2.37775606214809e+02 
2.85970891018814e+00 3.16782627264877e+00 -2.39936276395118e+02 
2.86304579339723e+00 3.15296613411508e+00 -2.42100874274315e+02 
2.86638267660632e+00 3.13757478387322e+00 -2.44268878082711e+02 
2.86971955981541e+00 3.12164647207790e+00 -2.46439752227443e+02 
2.87305644302449e+00 3.10517559367605e+00 -2.48612947351652e+02 
2.87639332623358e+00 3.08815669676640e+00 -2.50787900411246e+02 
2.87973020944267e+00 3.07058449103120e+00 -2.52964034769709e+02 
2.88306709265176e+00 3.05245385622982e+00 -2.55140760311394e+02 
2.88640397586085e+00 3.03375985074258e+00 -2.57317473573702e+02 
2.88974085906993e+00 3.01449772015354e+00 -2.59493557898585e+02 
2.89307774227902e+00 2.99466290585994e+00 -2.61668383603680e+02 
2.89641462548811e+00 2.97425105369575e+00 -2.63841308173475e+02 
2.89975150869720e+00 2.95325802255625e+00 -2.66011676470779e+02 
2.90308839190628e+00 2.93167989301043e+00 -2.68178820968802e+02 
2.90642527511537e+00 2.90951297588697e+00 -2.70342062004085e+02 
2.90976215832446e+00 2.88675382081996e+00 -2.72500708050504e+02 
2.91309904153355e+00 2.86339922473939e+00 -2.74654056014526e+02 
2.91643592474263e+00 2.83944624029181e+00 -2.76801391551865e+02 
2.91977280795172e+00 2.81489218417572e+00 -2.78941989405634e+02 
2.92310969116081e+00 2.78973464537605e+00 -2.81075113766078e+02 
2.92644657436990e+00 2.76397149328227e+00 -2.83200018651894e+02 
2.92978345757898e+00 2.73760088567377e+00 -2.85315948313128e+02 
2.93312034078807e+00 2.71062127655649e+00 -2.87422137655588e+02 
2.93645722399716e+00 2.68303142383443e+00 -2.89517812686664e+02 
2.93979410720625e+00 2.65483039679952e+00 -2.91602190982395e+02 
2.94313099041534e+00 2.62601758342328e+00 -2.93674482175593e+02 
2.94646787362442e+00 2.59659269743370e+00 -2.95733888464769e+02 
2.94980475683351e+00 2.56655578516070e+00 -2.97779605143565e+02 
2.95314164004260e+00 2.53590723213367e+00 -2.99810821150332e+02 
2.95647852325169e+00 2.50464776941460e+00 -3.01826719637490e+02 
2.95981540646077e+00 2.47277847965023e+00 -3.03826478560186e+02 
2.96315228966986e+00 2.44030080282738e+00 -3.05809271283776e+02 
2.96648917287895e+00 2.40721654171522e+00 -3.07774267209573e+02 
2.96982605608804e+00 2.37352786697874e+00 -3.09720632418276e+02 
2.97316293929712e+00 2.33923732194839e+00 -3.11647530330422e+02 
2.97649982250621e+00 2.30434782703017e+00 -3.13554122383157e+02 
2.97983670571530e+00 2.26886268374204e+00 -3.15439568722609e+02 
2.98317358892439e+00 2.23278557836227e+00 -3.17303028911046e+02 
2.98651047213348e+00 2.19612058517581e+00 -3.19143662647971e+02 
2.98984735534256e+00 2.15887216930565e+00 -3.20960630504299e+02 
2.99318423855165e+00 2.12104518911647e+00 -3.22753094668667e+02 
2.99652112176074e+00 2.08264489817844e+00 -3.24520219704872e+02 
2.99985800496983e+00 2.04367694678015e+00 -3.26261173319507e+02 
3.00319488817891e+00 2.00414738297936e+00 -3.27975127138617e+02 
3.00653177138800e+00 1.96406265318243e+00 -3.29661257492389e+02 
3.00986865459709e+00 1.92342960224263e+00 -3.31318746206686e+02 
3.01320553780618e+00 1.88225547306935e+00 -3.32946781400263e+02 
3.01654242101526e+00 1.84054790574059e+00 -3.34544558286484e+02 
3.01987930422435e+00 1.79831493611221e+00 -3.36111279978310e+02 
3.02321618743344e+00 1.75556499391835e+00 -3.37646158295297e+02 
3.02655307064253e+00 1.71230690035787e+00 -3.39148414571303e+02 
3.02988995385162e+00 1.66854986516373e+00 -3.40617280461671e+02 
3.03322683706070e+00 1.62430348315184e+00 -3.42051998748472e+02 
3.03656372026979e+00 1.57957773024825e+00 -3.43451824142585e+02 
3.03990060347888e+00 1.53438295899355e+00 -3.44816024081144e+02 
3.04323748668797e+00 1.48872989352501e+00 -3.46143879519112e+02 
3.04657436989705e+00 1.44262962403791e+00 -3.47434685713537e+02 
3.04991125310614e+00 1.39609360072850e+00 -3.48687752999149e+02 
3.05324813631523e+00 1.34913362722213e+00 -3.49902407553946e+02 
3.05658501952432e+00 1.30176185349145e+00 -3.51077992153398e+02 
3.05992190273340e+00 1.25399076827013e+00 -3.52213866911896e+02 
3.06325878594249e+00 1.20583319096929e+00 -3.53309410010119e+02 
3.06659566915158e+00 1.15730226310438e+00 -3.54364018407000e+02 
3.06993255236067e+00 1.10841143924171e+00 -3.55377108534942e+02 
3.07326943556976e+00 1.05917447747447e+00 -3.56348116977018e+02 
3.07660631877884e+00 1.00960542943987e+00 -3.57276501124888e+02 
3.07994320198793e+00 9.59718629889054e-01 -3.58161739816171e+02 
3.08328008519702e+00 9.09528685823400e-01 -3.59003333950084e+02 
3.08661696840611e+00 8.59050465211282e-01 -3.59800807080156e+02 
3.08995385161519e+00 8.08299085300390e-01 -3.60553705982869e+02 
3.09329073482428e+00 7.57289900541951e-01 -3.61261601201176e+02 
3.09662761803337e+00 7.06038490143580e-01 -3.61924087561774e+02 
3.09996450124246e+00 6.54560645268859e-01 -3.62540784665153e+02 
3.10330138445154e+00 6.02872355902288e-01 -3.63111337347488e+02 
3.10663826766063e+00 5.50989797399156e-01 -3.63635416113401e+02 
3.10997515086972e+00 4.98929316740470e-01 -3.64112717538803e+02 
3.11331203407881e+00 4.46707418514081e-01 -3.64542964642960e+02 
3.11664891728790e+00 3.94340750643501e-01 -3.64925907229096e+02 
3.11998580049698e+00 3.41846089886599e-01 -3.65261322192804e+02 
3.12332268370607e+00 2.89240327127059e-01 -3.65549013797689e+02 
3.12665956691516e+00 2.36540452481781e-01 -3.65788813917660e+02 
3.12999645012425e+00 1.83763540247965e-01 -3.65980582245389e+02 
3.13333333333333e+00 1.30926733713982e-01 -3.66124206466556e+02 
