Data Format: k_val_normalized w_real_normalized w_imag 
num_pts 690 
0.00000000000000e+00 -8.50222328357841e-17 -4.35204372508514e-15 
4.55205172186304e-03 4.55205172186292e-03 1.54588223456296e-14 
9.10410344372608e-03 9.10410344372614e-03 1.11223876400577e-14 
1.36561551655891e-02 1.36561551655891e-02 -1.07111685435132e-14 
1.82082068874522e-02 1.82082068874521e-02 -1.46220683973201e-14 
2.27602586093152e-02 2.27602586093151e-02 7.92693125432909e-15 
2.73123103311783e-02 2.73123103311782e-02 1.52149590946962e-14 
3.18643620530413e-02 3.18643620530413e-02 1.67469129173005e-14 
3.64164137749043e-02 3.64164137749042e-02 4.61452446853164e-15 
4.09684654967674e-02 4.09684654967676e-02 9.30379977705599e-16 
4.55205172186304e-02 4.55205172186305e-02 -1.33896163616133e-14 
5.00725689404935e-02 5.00725689404936e-02 -2.11859938706485e-14 
5.46246206623565e-02 5.46246206623566e-02 -1.46701635120904e-15 
5.91766723842196e-02 5.91766723842199e-02 -1.32506459767977e-15 
6.37287241060826e-02 6.37287241060827e-02 -7.37387991435683e-15 
6.82807758279456e-02 6.82807758279457e-02 1.07113912570821e-14 
7.28328275498087e-02 7.28328275498087e-02 1.29893177927493e-14 
7.73848792716717e-02 7.73848792716717e-02 1.99828888004790e-14 
8.19369309935348e-02 8.19369309935347e-02 1.69582209171312e-14 
8.64889827153978e-02 8.64889827153979e-02 5.39632891573081e-15 
9.10410344372608e-02 9.10410344372615e-02 -2.18909236201383e-14 
9.55930861591239e-02 9.55930861591241e-02 1.79187989301800e-14 
1.00145137880987e-01 1.00145137880987e-01 -5.36985160620489e-16 
1.04697189602850e-01 1.04697189602850e-01 1.78107579671521e-14 
1.09249241324713e-01 1.09249241324713e-01 -7.81708070060301e-15 
1.13801293046576e-01 1.13801293046575e-01 4.66769446048680e-15 
1.18353344768439e-01 1.18353344768438e-01 -2.09713644748520e-14 
1.22905396490302e-01 1.22905396490301e-01 -3.45046884853581e-14 
1.27457448212165e-01 1.27457448212163e-01 -1.55155550286852e-14 
1.32009499934028e-01 1.32009499934026e-01 -6.90526233178423e-14 
1.36561551655891e-01 1.36561551655888e-01 -7.20463596658950e-14 
1.41113603377754e-01 1.41113603377749e-01 -1.09497280805310e-13 
1.45665655099617e-01 1.45665655099609e-01 -1.29378630582806e-13 
1.50217706821480e-01 1.50217706821469e-01 -1.78506104777908e-13 
1.54769758543343e-01 1.54769758543328e-01 -2.19109584462571e-13 
1.59321810265207e-01 1.59321810265185e-01 -2.97757653948070e-13 
1.63873861987070e-01 1.63873861987040e-01 -3.71879711102814e-13 
1.68425913708933e-01 1.68425913708892e-01 -4.86699597483681e-13 
1.72977965430796e-01 1.72977965430740e-01 -6.17092769996415e-13 
1.77530017152659e-01 1.77530017152584e-01 -7.46852387013825e-13 
1.82082068874522e-01 1.82082068874422e-01 -9.47889962413983e-13 
1.86634120596385e-01 1.86634120596253e-01 -1.17384323155724e-12 
1.91186172318248e-01 1.91186172318075e-01 -1.42719848881649e-12 
1.95738224040111e-01 1.95738224039885e-01 -1.71333877344292e-12 
2.00290275761974e-01 2.00290275761680e-01 -2.07732029684919e-12 
2.04842327483837e-01 2.04842327483457e-01 -2.44860668311553e-12 
2.09394379205700e-01 2.09394379205212e-01 -2.91521458571553e-12 
2.13946430927563e-01 2.13946430926939e-01 -3.42551120495007e-12 
2.18498482649426e-01 2.18498482648632e-01 -3.99916051308385e-12 
2.23050534371289e-01 2.23050534370284e-01 -4.62798031159715e-12 
2.27602586093152e-01 2.27602586091886e-01 -5.30251244854624e-12 
2.32154637815015e-01 2.32154637813425e-01 -6.04050130022497e-12 
2.36706689536878e-01 2.36706689534892e-01 -6.81822709700293e-12 
2.41258741258741e-01 2.41258741256269e-01 -7.67128162286679e-12 
2.45810792980604e-01 2.45810792977540e-01 -8.51401617797604e-12 
2.50362844702467e-01 2.50362844698681e-01 -9.41757187972649e-12 
2.54914896424330e-01 2.54914896419670e-01 -1.03169136703696e-11 
2.59466948146193e-01 2.59466948140479e-01 -1.11852312671715e-11 
2.64018999868056e-01 2.64018999861072e-01 -1.19992760037876e-11 
2.68571051589920e-01 2.68571051581410e-01 -1.27956006741968e-11 
2.73123103311783e-01 2.73123103301449e-01 -1.34425734394129e-11 
2.77675155033646e-01 2.77675155021134e-01 -1.40058819133923e-11 
2.82227206755509e-01 2.82227206740405e-01 -1.43926569768138e-11 
2.86779258477372e-01 2.86779258459191e-01 -1.45322799618603e-11 
2.91331310199235e-01 2.91331310177412e-01 -1.44528657247409e-11 
2.95883361921098e-01 2.95883361894973e-01 -1.41065155904801e-11 
3.00435413642961e-01 3.00435413611768e-01 -1.34348783431255e-11 
3.04987465364824e-01 3.04987465327676e-01 -1.24637049438107e-11 
3.09539517086687e-01 3.09539517042555e-01 -1.11649500788908e-11 
3.14091568808550e-01 3.14091568756247e-01 -9.60178152530802e-12 
3.18643620530413e-01 3.18643620468572e-01 -7.75679883359311e-12 
3.23195672252276e-01 3.23195672179325e-01 -5.73831642082921e-12 
3.27747723974139e-01 3.27747723888274e-01 -3.72972910819156e-12 
3.32299775696002e-01 3.32299775595155e-01 -1.87879840181688e-12 
3.36851827417865e-01 3.36851827299672e-01 -5.36417249152605e-13 
3.41403879139728e-01 3.41403879001491e-01 -2.19388988909636e-15 
3.45955930861591e-01 3.45955930700236e-01 -8.18647076944347e-13 
3.50507982583454e-01 3.50507982395485e-01 -3.66722382187838e-12 
3.55060034305317e-01 3.55060034086764e-01 -9.31740489067795e-12 
3.59612086027180e-01 3.59612085773543e-01 -1.88655592824332e-11 
3.64164137749043e-01 3.64164137455229e-01 -3.35879355190675e-11 
3.68716189470906e-01 3.68716189131161e-01 -5.50588504453058e-11 
3.73268241192769e-01 3.73268240800599e-01 -8.52822360583565e-11 
3.77820292914632e-01 3.77820292462724e-01 -1.26560962916795e-10 
3.82372344636496e-01 3.82372344116622e-01 -1.81801315604687e-10 
3.86924396358359e-01 3.86924395761280e-01 -2.54328703448499e-10 
3.91476448080222e-01 3.91476447395575e-01 -3.48238993277115e-10 
3.96028499802085e-01 3.96028499018263e-01 -4.68340124422634e-10 
4.00580551523948e-01 4.00580550627970e-01 -6.20207256709982e-10 
4.05132603245811e-01 4.05132602223177e-01 -8.10495178285538e-10 
4.09684654967674e-01 4.09684653802211e-01 -1.04691627994722e-09 
4.14236706689537e-01 4.14236705363227e-01 -1.33841965159220e-09 
4.18788758411400e-01 4.18788756904198e-01 -1.69539845557286e-09 
4.23340810133263e-01 4.23340808422895e-01 -2.12983355844582e-09 
4.27892861855126e-01 4.27892859916870e-01 -2.65552829931304e-09 
4.32444913576989e-01 4.32444911383443e-01 -3.28831889685773e-09 
4.36996965298852e-01 4.36996962819678e-01 -4.04624623835737e-09 
4.41549017020715e-01 4.41549014222362e-01 -4.94987060808994e-09 
4.46101068742578e-01 4.46101065587985e-01 -6.02263675923474e-09 
4.50653120464441e-01 4.50653116912718e-01 -7.29103622805534e-09 
4.55205172186304e-01 4.55205168192384e-01 -8.78506628712450e-09 
4.59757223908167e-01 4.59757219422436e-01 -1.05384109231207e-08 
4.64309275630030e-01 4.64309270597921e-01 -1.25891454818369e-08 
4.68861327351893e-01 4.68861321713461e-01 -1.49798097700611e-08 
4.73413379073756e-01 4.73413372763212e-01 -1.77580596753865e-08 
4.77965430795619e-01 4.77965423740837e-01 -2.09771833334366e-08 
4.82517482517482e-01 4.82517474639462e-01 -2.46963617781514e-08 
4.87069534239346e-01 4.87069525451647e-01 -2.89815949692870e-08 
4.91621585961209e-01 4.91621576169340e-01 -3.39058681508283e-08 
4.96173637683072e-01 4.96173626783838e-01 -3.95500876264140e-08 
5.00725689404935e-01 5.00725677285739e-01 -4.60036535271495e-08 
5.05277741126798e-01 5.05277727664896e-01 -5.33649549280905e-08 
5.09829792848661e-01 5.09829777910369e-01 -6.17423234708342e-08 
5.14381844570524e-01 5.14381828010370e-01 -7.12547391338198e-08 
5.18933896292387e-01 5.18933877952203e-01 -8.20323634031119e-08 
5.23485948014250e-01 5.23485927722215e-01 -9.42177883067665e-08 
5.28037999736113e-01 5.28037977305723e-01 -1.07966441537044e-07 
5.32590051457976e-01 5.32590026686957e-01 -1.23447768168366e-07 
5.37142103179839e-01 5.37142075848981e-01 -1.40845945801175e-07 
5.41694154901702e-01 5.41694124773631e-01 -1.60360860345257e-07 
5.46246206623565e-01 5.46246173441427e-01 -1.82209102474075e-07 
5.50798258345428e-01 5.50798221831498e-01 -2.06624724785171e-07 
5.55350310067291e-01 5.55350269921493e-01 -2.33860427349512e-07 
5.59902361789154e-01 5.59902317687489e-01 -2.64188286187932e-07 
5.64454413511017e-01 5.64454365103898e-01 -2.97900934311912e-07 
5.69006465232880e-01 5.69006412143358e-01 -3.35312278176566e-07 
5.73558516954743e-01 5.73558458776635e-01 -3.76758537402205e-07 
5.78110568676606e-01 5.78110504972498e-01 -4.22599178000909e-07 
5.82662620398469e-01 5.82662550697607e-01 -4.73217644235292e-07 
5.87214672120332e-01 5.87214595916380e-01 -5.29022265226049e-07 
5.91766723842196e-01 5.91766640590856e-01 -5.90446846225798e-07 
5.96318775564059e-01 5.96318684680555e-01 -6.57951615402554e-07 
6.00870827285922e-01 6.00870728142323e-01 -7.32023416719508e-07 
6.05422879007785e-01 6.05422770930167e-01 -8.13176551088665e-07 
6.09974930729648e-01 6.09974812995082e-01 -9.01952865714311e-07 
6.14526982451511e-01 6.14526854284872e-01 -9.98922115173441e-07 
6.19079034173374e-01 6.19078894743947e-01 -1.10468198173955e-06 
6.23631085895237e-01 6.23630934313118e-01 -1.21985790058601e-06 
6.28183137617100e-01 6.28182972929371e-01 -1.34510292740251e-06 
6.32735189338963e-01 6.32735010525628e-01 -1.48109689201944e-06 
6.37287241060826e-01 6.37287047030499e-01 -1.62854597381747e-06 
6.41839292782689e-01 6.41839082368000e-01 -1.78818144327308e-06 
6.46391344504552e-01 6.46391116457267e-01 -1.96075836543756e-06 
6.50943396226415e-01 6.50943149212243e-01 -2.14705404474055e-06 
6.55495447948278e-01 6.55495180541340e-01 -2.34786599608987e-06 
6.60047499670141e-01 6.60047210347085e-01 -2.56400949231675e-06 
6.64599551392004e-01 6.64599238525734e-01 -2.79631495569886e-06 
6.69151603113867e-01 6.69151264966853e-01 -3.04562477947125e-06 
6.73703654835730e-01 6.73703289552883e-01 -3.31278955094058e-06 
6.78255706557593e-01 6.78255312158655e-01 -3.59866407811993e-06 
6.82807758279456e-01 6.82807332650883e-01 -3.90410275741232e-06 
6.87359810001319e-01 6.87359350887606e-01 -4.22995439355673e-06 
6.91911861723182e-01 6.91911366717604e-01 -4.57705640484558e-06 
6.96463913445046e-01 6.96463379979758e-01 -4.94622868003630e-06 
7.01015965166909e-01 7.01015390502351e-01 -5.33826664346443e-06 
7.05568016888772e-01 7.05567398102350e-01 -5.75393346625922e-06 
7.10120068610635e-01 7.10119402584598e-01 -6.19395223917701e-06 
7.14672120332498e-01 7.14671403740966e-01 -6.65899684791025e-06 
7.19224172054361e-01 7.19223401349424e-01 -7.14968247230976e-06 
7.23776223776224e-01 7.23775395173062e-01 -7.66655543590693e-06 
7.28328275498087e-01 7.28327384959014e-01 -8.21008237414801e-06 
7.32880327219950e-01 7.32879370437334e-01 -8.78063814627443e-06 
7.37432378941813e-01 7.37431351319731e-01 -9.37849421316659e-06 
7.41984430663676e-01 7.41983327298280e-01 -1.00038051195521e-05 
7.46536482385539e-01 7.46535298043979e-01 -1.06565952608163e-05 
7.51088534107402e-01 7.51087263205217e-01 -1.13367444339074e-05 
7.55640585829265e-01 7.55639222406154e-01 -1.20439730800504e-05 
7.60192637551128e-01 7.60191175244941e-01 -1.27778271679227e-05 
7.64744689272991e-01 7.64743121291831e-01 -1.35376621017409e-05 
7.69296740994854e-01 7.69295060087165e-01 -1.43226269198770e-05 
7.73848792716717e-01 7.73846991139177e-01 -1.51316476288543e-05 
7.78400844438580e-01 7.78398913921688e-01 -1.59634106216528e-05 
7.82952896160443e-01 7.82950827871599e-01 -1.68163462930728e-05 
7.87504947882306e-01 7.87502732386223e-01 -1.76886120817523e-05 
7.92056999604169e-01 7.92054626820436e-01 -1.85780764375484e-05 
7.96609051326032e-01 7.96606510483622e-01 -1.94823027987938e-05 
8.01161103047896e-01 8.01158382636421e-01 -2.03985346858908e-05 
8.05713154769759e-01 8.05710242487242e-01 -2.13236807986178e-05 
8.10265206491621e-01 8.10262089188556e-01 -2.22543026313310e-05 
8.14817258213484e-01 8.14813921832935e-01 -2.31866019758997e-05 
8.19369309935348e-01 8.19365739448848e-01 -2.41164115594178e-05 
8.23921361657211e-01 8.23917540996160e-01 -2.50391868824579e-05 
8.28473413379074e-01 8.28469325361362e-01 -2.59500009899986e-05 
8.33025465100937e-01 8.33021091352506e-01 -2.68435420270418e-05 
8.37577516822800e-01 8.37572837693796e-01 -2.77141146819215e-05 
8.42129568544663e-01 8.42124563019887e-01 -2.85556446966733e-05 
8.46681620266526e-01 8.46676265869797e-01 -2.93616885562261e-05 
8.51233671988389e-01 8.51227944680491e-01 -3.01254482253493e-05 
8.55785723710252e-01 8.55779597780058e-01 -3.08397913536258e-05 
8.60337775432115e-01 8.60331223380511e-01 -3.14972781863447e-05 
8.64889827153978e-01 8.64882819570173e-01 -3.20901957163617e-05 
8.69441878875841e-01 8.69434384305621e-01 -3.26105996233299e-05 
8.73993930597704e-01 8.73985915403193e-01 -3.30503656781026e-05 
8.78545982319567e-01 8.78537410530033e-01 -3.34012506529189e-05 
8.83098034041430e-01 8.83088867194661e-01 -3.36549643312487e-05 
8.87650085763293e-01 8.87640282737016e-01 -3.38032533327978e-05 
8.92202137485156e-01 8.92191654318022e-01 -3.38379984891098e-05 
8.96754189207019e-01 8.96742978908611e-01 -3.37513263855217e-05 
9.01306240928882e-01 9.01294253278171e-01 -3.35357364649045e-05 
9.05858292650745e-01 9.05845473982477e-01 -3.31842458649241e-05 
9.10410344372608e-01 9.10396637351000e-01 -3.26905520000087e-05 
9.14962396094471e-01 9.14947739473643e-01 -3.20492162524758e-05 
9.19514447816335e-01 9.19498776186870e-01 -3.12558686087024e-05 
9.24066499538198e-01 9.24049743059187e-01 -3.03074365406286e-05 
9.28618551260061e-01 9.28600635376030e-01 -2.92023988633454e-05 
9.33170602981924e-01 9.33151448123957e-01 -2.79410672347585e-05 
9.37722654703787e-01 9.37702175974219e-01 -2.65258966090220e-05 
9.42274706425650e-01 9.42252813265647e-01 -2.49618277231599e-05 
9.46826758147513e-01 9.46803353986864e-01 -2.32566627418565e-05 
9.51378809869376e-01 9.51353791757822e-01 -2.14214773388062e-05 
9.55930861591239e-01 9.55904119810653e-01 -1.94710708908761e-05 
9.60482913313102e-01 9.60454330969827e-01 -1.74244580262288e-05 
9.65034965034965e-01 9.65004417631630e-01 -1.53054034147207e-05 
9.69587016756828e-01 9.69554371742950e-01 -1.31430029672551e-05 
9.74139068478691e-01 9.74104184779396e-01 -1.09723145602594e-05 
9.78691120200554e-01 9.78653847722728e-01 -8.83504000012125e-06 
9.83243171922417e-01 9.83203351037643e-01 -6.78026295103094e-06 
9.87795223644280e-01 9.87752684647897e-01 -4.86524440563567e-06 
9.92347275366143e-01 9.92301837911823e-01 -3.15627998832672e-06 
9.96899327088006e-01 9.96850799597221e-01 -1.72962140050634e-06 
1.00145137880987e+00 1.00139955785568e+00 -6.72466425067202e-07 
1.00600343053173e+00 1.00594810019633e+00 -8.40198516373560e-08 
1.01055548225360e+00 1.01049641345910e+00 -7.66296269448682e-08 
1.01510753397546e+00 1.01504448378752e+00 -7.77001577333146e-07 
1.01965958569732e+00 1.01959229660101e+00 -2.32749575854531e-06 
1.02421163741918e+00 1.02413983656687e+00 -4.88750898484988e-06 
1.02876368914105e+00 1.02868708757191e+00 -8.63494651591602e-06 
1.03331574086291e+00 1.03323403269382e+00 -1.37677869370619e-05 
1.03786779258477e+00 1.03778065417232e+00 -2.05057435897942e-05 
1.04241984430664e+00 1.04232693338023e+00 -2.90920267144160e-05 
1.04697189602850e+00 1.04687285079445e+00 -3.97952093825482e-05 
1.05152394775036e+00 1.05141838596704e+00 -5.29112013559856e-05 
1.05607599947223e+00 1.05596351749637e+00 -6.87653340651972e-05 
1.06062805119409e+00 1.06050822299857e+00 -8.77145603445254e-05 
1.06518010291595e+00 1.06505247907932e+00 -1.10149771837706e-04 
1.06973215463781e+00 1.06959626130607e+00 -1.36498238142604e-04 
1.07428420635968e+00 1.07413954418092e+00 -1.67226169995358e-04 
1.07883625808154e+00 1.07868230111413e+00 -2.02841409435201e-04 
1.08338830980340e+00 1.08322450439863e+00 -2.43896250163481e-04 
1.08794036152527e+00 1.08776612518544e+00 -2.90990389900995e-04 
1.09249241324713e+00 1.09230713346028e+00 -3.44774017364038e-04 
1.09704446496899e+00 1.09684749802159e+00 -4.05951035173042e-04 
1.10159651669086e+00 1.10138718645996e+00 -4.75282421171295e-04 
1.10614856841272e+00 1.10592616513934e+00 -5.53589727989097e-04 
1.11070062013458e+00 1.11046439918008e+00 -6.41758722628573e-04 
1.11525267185645e+00 1.11500185244409e+00 -7.40743166370540e-04 
1.11980472357831e+00 1.11953848752220e+00 -8.51568733724767e-04 
1.12435677530017e+00 1.12407426572417e+00 -9.75337071486158e-04 
1.12890882702203e+00 1.12860914707117e+00 -1.11322999437637e-03 
1.13346087874390e+00 1.13314309029142e+00 -1.26651381834738e-03 
1.13801293046576e+00 1.13767605281883e+00 -1.43654382587991e-03 
1.14256498218762e+00 1.14220799079505e+00 -1.62476886256466e-03 
1.14711703390949e+00 1.14673885907518e+00 -1.83273606048885e-03 
1.15166908563135e+00 1.15126861123725e+00 -2.06209568226722e-03 
1.15622113735321e+00 1.15579719959583e+00 -2.31460608352703e-03 
1.16077318907508e+00 1.16032457521993e+00 -2.59213878447535e-03 
1.16532524079694e+00 1.16485068795546e+00 -2.89668364561778e-03 
1.16987729251880e+00 1.16937548645246e+00 -3.23035413879733e-03 
1.17442934424066e+00 1.17389891819733e+00 -3.59539270530791e-03 
1.17898139596253e+00 1.17842092955027e+00 -3.99417619156535e-03 
1.18353344768439e+00 1.18294146578817e+00 -4.42922135133674e-03 
1.18808549940625e+00 1.18746047115314e+00 -4.90319040316058e-03 
1.19263755112812e+00 1.19197788890689e+00 -5.41889663172130e-03 
1.19718960284998e+00 1.19649366139103e+00 -5.97931001816514e-03 
1.20174165457184e+00 1.20100773009365e+00 -6.58756288683805e-03 
1.20629370629371e+00 1.20552003572217e+00 -7.24695555292356e-03 
1.21084575801557e+00 1.21003051828263e+00 -7.96096195442320e-03 
1.21539780973743e+00 1.21453911716558e+00 -8.73323525391746e-03 
1.21994986145930e+00 1.21904577123855e+00 -9.56761338991115e-03 
1.22450191318116e+00 1.22355041894525e+00 -1.04681245628629e-02 
1.22905396490302e+00 1.22805299841156e+00 -1.14389926348138e-02 
1.23360601662488e+00 1.23255344755816e+00 -1.24846424242299e-02 
1.23815806834675e+00 1.23705170421993e+00 -1.36097048777245e-02 
1.24271012006861e+00 1.24154770627203e+00 -1.48190220957975e-02 
1.24726217179047e+00 1.24604139176251e+00 -1.61176521955789e-02 
1.25181422351234e+00 1.25053269905137e+00 -1.75108739873598e-02 
1.25636627523420e+00 1.25502156695590e+00 -1.90041914466099e-02 
1.26091832695606e+00 1.25950793490212e+00 -2.06033379593625e-02 
1.26547037867793e+00 1.26399174308205e+00 -2.23142803224962e-02 
1.27002243039979e+00 1.26847293261660e+00 -2.41432224777140e-02 
1.27457448212165e+00 1.27295144572365e+00 -2.60966089608194e-02 
1.27912653384351e+00 1.27742722589115e+00 -2.81811280479521e-02 
1.28367858556538e+00 1.28190021805467e+00 -3.04037145800583e-02 
1.28823063728724e+00 1.28637036877912e+00 -3.27715524497796e-02 
1.29278268900910e+00 1.29083762644416e+00 -3.52920767349062e-02 
1.29733474073097e+00 1.29530194143269e+00 -3.79729754630272e-02 
1.30188679245283e+00 1.29976326632211e+00 -4.08221909972381e-02 
1.30643884417469e+00 1.30422155607764e+00 -4.38479210269808e-02 
1.31099089589656e+00 1.30867676824718e+00 -4.70586191593061e-02 
1.31554294761842e+00 1.31312886315717e+00 -5.04629950987396e-02 
1.32009499934028e+00 1.31757780410869e+00 -5.40700144116321e-02 
1.32464705106215e+00 1.32202355757340e+00 -5.78888978711726e-02 
1.32919910278401e+00 1.32646609338839e+00 -6.19291203798829e-02 
1.33375115450587e+00 1.33090538494956e+00 -6.62004094712806e-02 
1.33830320622773e+00 1.33534140940273e+00 -7.07127433918402e-02 
1.34285525794960e+00 1.33977414783182e+00 -7.54763487691905e-02 
1.34740730967146e+00 1.34420358544350e+00 -8.05016978724064e-02 
1.35195936139332e+00 1.34862971174771e+00 -8.57995054746087e-02 
1.35651141311519e+00 1.35305252073336e+00 -9.13807253278467e-02 
1.36106346483705e+00 1.35747201103850e+00 -9.72565462655624e-02 
1.36561551655891e+00 1.36188818611475e+00 -1.03438387946075e-01 
1.37016756828078e+00 1.36630105438494e+00 -1.09937896257486e-01 
1.37471962000264e+00 1.37071062939380e+00 -1.16766938400042e-01 
1.37927167172450e+00 1.37511692995115e+00 -1.23937597670213e-01 
1.38382372344636e+00 1.37951998026695e+00 -1.31462167967975e-01 
1.38837577516823e+00 1.38391981007806e+00 -1.39353148050921e-01 
1.39292782689009e+00 1.38831645476620e+00 -1.47623235562633e-01 
1.39747987861195e+00 1.39270995546679e+00 -1.56285320860708e-01 
1.40203193033382e+00 1.39710035916850e+00 -1.65352480671426e-01 
1.40658398205568e+00 1.40148771880324e+00 -1.74837971601688e-01 
1.41113603377754e+00 1.40587209332632e+00 -1.84755223534515e-01 
1.41568808549941e+00 1.41025354778694e+00 -1.95117832939303e-01 
1.42024013722127e+00 1.41463215338865e+00 -2.05939556123845e-01 
1.42479218894313e+00 1.41900798754001e+00 -2.17234302460089e-01 
1.42934424066500e+00 1.42338113389534e+00 -2.29016127609675e-01 
1.43389629238686e+00 1.42775168238570e+00 -2.41299226779786e-01 
1.43844834410872e+00 1.43211972924032e+00 -2.54097928035002e-01 
1.44300039583058e+00 1.43648537699857e+00 -2.67426685694277e-01 
1.44755244755245e+00 1.44084873451274e+00 -2.81300073835630e-01 
1.45210449927431e+00 1.44520991694187e+00 -2.95732779937098e-01 
1.45665655099617e+00 1.44956904573707e+00 -3.10739598673067e-01 
1.46120860271804e+00 1.45392624861853e+00 -3.26335425891553e-01 
1.46576065443990e+00 1.45828165954462e+00 -3.42535252789377e-01 
1.47031270616176e+00 1.46263541867361e+00 -3.59354160307142e-01 
1.47486475788363e+00 1.46698767231834e+00 -3.76807313757614e-01 
1.47941680960549e+00 1.47133857289421e+00 -3.94909957706395e-01 
1.48396886132735e+00 1.47568827886125e+00 -4.13677411114208e-01 
1.48852091304921e+00 1.48003695466039e+00 -4.33125062755755e-01 
1.49307296477108e+00 1.48438477064470e+00 -4.53268366923351e-01 
1.49762501649294e+00 1.48873190300597e+00 -4.74122839423232e-01 
1.50217706821480e+00 1.49307853369719e+00 -4.95704053870700e-01 
1.50672911993667e+00 1.49742485035132e+00 -5.18027638288465e-01 
1.51128117165853e+00 1.50177104619703e+00 -5.41109272011230e-01 
1.51583322338039e+00 1.50611731997174e+00 -5.64964682896549e-01 
1.52038527510226e+00 1.51046387583248e+00 -5.89609644841540e-01 
1.52493732682412e+00 1.51481092326511e+00 -6.15059975603659e-01 
1.52948937854598e+00 1.51915867699224e+00 -6.41331534921049e-01 
1.53404143026785e+00 1.52350735688032e+00 -6.68440222927924e-01 
1.53859348198971e+00 1.52785718784643e+00 -6.96401978858192e-01 
1.54314553371157e+00 1.53220839976492e+00 -7.25232780030097e-01 
1.54769758543343e+00 1.53656122737454e+00 -7.54948641102903e-01 
1.55224963715530e+00 1.54091591018622e+00 -7.85565613596111e-01 
1.55680168887716e+00 1.54527269239186e+00 -8.17099785660727e-01 
1.56135374059902e+00 1.54963182277452e+00 -8.49567282090962e-01 
1.56590579232089e+00 1.55399355462015e+00 -8.82984264564024e-01 
1.57045784404275e+00 1.55835814563121e+00 -9.17366932097446e-01 
1.57500989576461e+00 1.56272585784227e+00 -9.52731521706417e-01 
1.57956194748648e+00 1.56709695753799e+00 -9.89094309253036e-01 
1.58411399920834e+00 1.57147171517339e+00 -1.02647161046887e+00 
1.58866605093020e+00 1.57585040529671e+00 -1.06487978213965e+00 
1.59321810265206e+00 1.58023330647494e+00 -1.10433522343674e+00 
1.59777015437393e+00 1.58462070122210e+00 -1.14485437738057e+00 
1.60232220609579e+00 1.58901287593021e+00 -1.18645373242308e+00 
1.60687425781765e+00 1.59341012080320e+00 -1.22914982413338e+00 
1.61142630953952e+00 1.59781272979361e+00 -1.27295923697352e+00 
1.61597836126138e+00 1.60222100054203e+00 -1.31789860615000e+00 
1.62053041298324e+00 1.60663523431940e+00 -1.36398461952720e+00 
1.62508246470511e+00 1.61105573597191e+00 -1.41123401959008e+00 
1.62963451642697e+00 1.61548281386859e+00 -1.45966360544228e+00 
1.63418656814883e+00 1.61991677985130e+00 -1.50929023482735e+00 
1.63873861987070e+00 1.62435794918722e+00 -1.56013082616120e+00 
1.64329067159256e+00 1.62880664052339e+00 -1.61220236056473e+00 
1.64784272331442e+00 1.63326317584338e+00 -1.66552188388311e+00 
1.65239477503628e+00 1.63772788042586e+00 -1.72010650868540e+00 
1.65694682675815e+00 1.64220108280474e+00 -1.77597341623077e+00 
1.66149887848001e+00 1.64668311473071e+00 -1.83313985839385e+00 
1.66605093020187e+00 1.65117431113410e+00 -1.89162315954150e+00 
1.67060298192374e+00 1.65567501008853e+00 -1.95144071835195e+00 
1.67515503364560e+00 1.66018555277533e+00 -2.01261000956964e+00 
1.67970708536746e+00 1.66470628344833e+00 -2.07514858569020e+00 
1.68425913708933e+00 1.66923754939868e+00 -2.13907407857009e+00 
1.68881118881119e+00 1.67377970091958e+00 -2.20440420095509e+00 
1.69336324053305e+00 1.67833309127042e+00 -2.27115674792745e+00 
1.69791529225491e+00 1.68289807664008e+00 -2.33934959826430e+00 
1.70246734397678e+00 1.68747501610911e+00 -2.40900071570977e+00 
1.70701939569864e+00 1.69206427161038e+00 -2.48012815015810e+00 
1.71157144742050e+00 1.69666620788792e+00 -2.55275003874820e+00 
1.71612349914237e+00 1.70128119245345e+00 -2.62688460687083e+00 
1.72067555086423e+00 1.70590959554059e+00 -2.70255016909165e+00 
1.72522760258609e+00 1.71055179005598e+00 -2.77976512999213e+00 
1.72977965430796e+00 1.71520815152722e+00 -2.85854798493375e+00 
1.73433170602982e+00 1.71987905804731e+00 -2.93891732075080e+00 
1.73888375775168e+00 1.72456489021500e+00 -3.02089181637811e+00 
1.74343580947355e+00 1.72926603107098e+00 -3.10449024342162e+00 
1.74798786119541e+00 1.73398286602940e+00 -3.18973146668115e+00 
1.75253991291727e+00 1.73871578280441e+00 -3.27663444463439e+00 
1.75709196463913e+00 1.74346517133152e+00 -3.36521822989344e+00 
1.76164401636100e+00 1.74823142368332e+00 -3.45550196964792e+00 
1.76619606808286e+00 1.75301493397930e+00 -3.54750490610360e+00 
1.77074811980472e+00 1.75781609828959e+00 -3.64124637693637e+00 
1.77530017152659e+00 1.76263531453221e+00 -3.73674581577169e+00 
1.77985222324845e+00 1.76747298236375e+00 -3.83402275271028e+00 
1.78440427497031e+00 1.77232950306306e+00 -3.93309681491333e+00 
1.78895632669218e+00 1.77720527940789e+00 -4.03398772726931e+00 
1.79350837841404e+00 1.78210071554436e+00 -4.13671531315737e+00 
1.79806043013590e+00 1.78701621684886e+00 -4.24129949533031e+00 
1.80261248185776e+00 1.79195218978258e+00 -4.34776029693611e+00 
1.80716453357963e+00 1.79690904173829e+00 -4.45611784269869e+00 
1.81171658530149e+00 1.80188718087958e+00 -4.56639236028000e+00 
1.81626863702335e+00 1.80688701597229e+00 -4.67860418184568e+00 
1.82082068874522e+00 1.81190895620835e+00 -4.79277374585460e+00 
1.82537274046708e+00 1.81695341102188e+00 -4.90892159909671e+00 
1.82992479218894e+00 1.82202078989787e+00 -5.02706839900003e+00 
1.83447684391081e+00 1.82711150217332e+00 -5.14723491622956e+00 
1.83902889563267e+00 1.83222595683114e+00 -5.26944203759912e+00 
1.84358094735453e+00 1.83736456228706e+00 -5.39371076931781e+00 
1.84813299907640e+00 1.84252772616957e+00 -5.52006224059377e+00 
1.85268505079826e+00 1.84771585509341e+00 -5.64851770761086e+00 
1.85723710252012e+00 1.85292935442673e+00 -5.77909855790266e+00 
1.86178915424198e+00 1.85816862805243e+00 -5.91182631513765e+00 
1.86634120596385e+00 1.86343407812382e+00 -6.04672264433466e+00 
1.87089325768571e+00 1.86872610481535e+00 -6.18380935752419e+00 
1.87544530940757e+00 1.87404510606849e+00 -6.32310841986759e+00 
1.87999736112944e+00 1.87939147733346e+00 -6.46464195624872e+00 
1.88454941285130e+00 1.88476561130726e+00 -6.60843225834801e+00 
1.88910146457316e+00 1.89016789766841e+00 -6.75450179220593e+00 
1.89365351629503e+00 1.89559872280901e+00 -6.90287320628586e+00 
1.89820556801689e+00 1.90105846956470e+00 -7.05356934003676e+00 
1.90275761973875e+00 1.90654751694292e+00 -7.20661323296190e+00 
1.90730967146061e+00 1.91206623985017e+00 -7.36202813419105e+00 
1.91186172318248e+00 1.91761500881872e+00 -7.51983751255559e+00 
1.91641377490434e+00 1.92319418973342e+00 -7.68006506716075e+00 
1.92096582662620e+00 1.92880414355902e+00 -7.84273473844986e+00 
1.92551787834807e+00 1.93444522606860e+00 -8.00787071974984e+00 
1.93006993006993e+00 1.94011778757367e+00 -8.17549746928745e+00 
1.93462198179179e+00 1.94582217265624e+00 -8.34563972266312e+00 
1.93917403351366e+00 1.95155871990354e+00 -8.51832250576570e+00 
1.94372608523552e+00 1.95732776164565e+00 -8.69357114811115e+00 
1.94827813695738e+00 1.96312962369649e+00 -8.87141129658581e+00 
1.95283018867924e+00 1.96896462509849e+00 -9.05186892957042e+00 
1.95738224040111e+00 1.97483307787131e+00 -9.23497037142690e+00 
1.96193429212297e+00 1.98073528676472e+00 -9.42074230731665e+00 
1.96648634384483e+00 1.98667154901609e+00 -9.60921179832981e+00 
1.97103839556670e+00 1.99264215411237e+00 -9.80040629689626e+00 
1.97559044728856e+00 1.99864738355684e+00 -9.99435366244995e+00 
1.98014249901042e+00 2.00468751064073e+00 -1.01910821773179e+01 
1.98469455073229e+00 2.01076280021940e+00 -1.03906205628062e+01 
1.98924660245415e+00 2.01687350849348e+00 -1.05929979954510e+01 
1.99379865417601e+00 2.02301988279442e+00 -1.07982441234047e+01 
1.99835070589788e+00 2.02920216137456e+00 -1.10063890829304e+01 
2.00290275761974e+00 2.03542057320130e+00 -1.12174635149704e+01 
2.00745480934160e+00 2.04167533775530e+00 -1.14314985817624e+01 
2.01200686106346e+00 2.04796666483216e+00 -1.16485259834749e+01 
2.01655891278533e+00 2.05429475434735e+00 -1.18685779748312e+01 
2.02111096450719e+00 2.06065979614389e+00 -1.20916873816976e+01 
2.02566301622905e+00 2.06706196980232e+00 -1.23178876176079e+01 
2.03021506795092e+00 2.07350144445248e+00 -1.25472127001989e+01 
2.03476711967278e+00 2.07997837858646e+00 -1.27796972675347e+01 
2.03931917139464e+00 2.08649291987230e+00 -1.30153765942955e+01 
2.04387122311651e+00 2.09304520496756e+00 -1.32542866078111e+01 
2.04842327483837e+00 2.09963535933239e+00 -1.34964639039174e+01 
2.05297532656023e+00 2.10626349704127e+00 -1.37419457626200e+01 
2.05752737828210e+00 2.11292972059268e+00 -1.39907701635456e+01 
2.06207943000396e+00 2.11963412071620e+00 -1.42429758011678e+01 
2.06663148172582e+00 2.12637677617612e+00 -1.44986020997922e+01 
2.07118353344768e+00 2.13315775357083e+00 -1.47576892282886e+01 
2.07573558516955e+00 2.13997710712745e+00 -1.50202781145595e+01 
2.08028763689141e+00 2.14683487849071e+00 -1.52864104597339e+01 
2.08483968861327e+00 2.15373109650547e+00 -1.55561287520800e+01 
2.08939174033514e+00 2.16066577699213e+00 -1.58294762806273e+01 
2.09394379205700e+00 2.16763892251414e+00 -1.61064971484939e+01 
2.09849584377886e+00 2.17465052213693e+00 -1.63872362859107e+01 
2.10304789550073e+00 2.18170055117746e+00 -1.66717394629439e+01 
2.10759994722259e+00 2.18878897094379e+00 -1.69600533019042e+01 
2.11215199894445e+00 2.19591572846386e+00 -1.72522252894474e+01 
2.11670405066631e+00 2.20308075620288e+00 -1.75483037883612e+01 
2.12125610238818e+00 2.21028397176851e+00 -1.78483380490338e+01 
2.12580815411004e+00 2.21752527760343e+00 -1.81523782206089e+01 
2.13036020583190e+00 2.22480456066435e+00 -1.84604753618192e+01 
2.13491225755377e+00 2.23212169208713e+00 -1.87726814515039e+01 
2.13946430927563e+00 2.23947652683711e+00 -1.90890493988016e+01 
2.14401636099749e+00 2.24686890334437e+00 -1.94096330530268e+01 
2.14856841271936e+00 2.25429864312310e+00 -1.97344872132191e+01 
2.15312046444122e+00 2.26176555037463e+00 -2.00636676373691e+01 
2.15767251616308e+00 2.26926941157364e+00 -2.03972310513180e+01 
2.16222456788494e+00 2.27680999503684e+00 -2.07352351573260e+01 
2.16677661960681e+00 2.28438705047397e+00 -2.10777386423085e+01 
2.17132867132867e+00 2.29200030852016e+00 -2.14248011857343e+01 
2.17588072305053e+00 2.29964948024965e+00 -2.17764834671816e+01 
2.18043277477240e+00 2.30733425667006e+00 -2.21328471735454e+01 
2.18498482649426e+00 2.31505430819708e+00 -2.24939550058900e+01 
2.18953687821612e+00 2.32280928410885e+00 -2.28598706859384e+01 
2.19408892993799e+00 2.33059881197986e+00 -2.32306589621885e+01 
2.19864098165985e+00 2.33842249709387e+00 -2.36063856156469e+01 
2.20319303338171e+00 2.34627992183554e+00 -2.39871174651703e+01 
2.20774508510358e+00 2.35417064506026e+00 -2.43729223723957e+01 
2.21229713682544e+00 2.36209420144204e+00 -2.47638692462530e+01 
2.21684918854730e+00 2.37005010079888e+00 -2.51600280470383e+01 
2.22140124026916e+00 2.37803782739548e+00 -2.55614697900319e+01 
2.22595329199103e+00 2.38605683922291e+00 -2.59682665486452e+01 
2.23050534371289e+00 2.39410656725483e+00 -2.63804914570715e+01 
2.23505739543475e+00 2.40218641468013e+00 -2.67982187124211e+01 
2.23960944715662e+00 2.41029575611158e+00 -2.72215235763188e+01 
2.24416149887848e+00 2.41843393677027e+00 -2.76504823759343e+01 
2.24871355060034e+00 2.42660027164555e+00 -2.80851725044213e+01 
2.25326560232221e+00 2.43479404463021e+00 -2.85256724207355e+01 
2.25781765404407e+00 2.44301450763072e+00 -2.89720616488006e+01 
2.26236970576593e+00 2.45126087965219e+00 -2.94244207759905e+01 
2.26692175748780e+00 2.45953234585800e+00 -2.98828314508926e+01 
2.27147380920966e+00 2.46782805660365e+00 -3.03473763803155e+01 
2.27602586093152e+00 2.47614712644493e+00 -3.08181393255034e+01 
2.28057791265338e+00 2.48448863312009e+00 -3.12952050975191e+01 
2.28512996437525e+00 2.49285161650573e+00 -3.17786595517484e+01 
2.28968201609711e+00 2.50123507754659e+00 -3.22685895814865e+01 
2.29423406781897e+00 2.50963797715883e+00 -3.27650831105592e+01 
2.29878611954084e+00 2.51805923510687e+00 -3.32682290849280e+01 
2.30333817126270e+00 2.52649772885364e+00 -3.37781174632341e+01 
2.30789022298456e+00 2.53495229238426e+00 -3.42948392062226e+01 
2.31244227470643e+00 2.54342171500301e+00 -3.48184862649978e+01 
2.31699432642829e+00 2.55190474010383e+00 -3.53491515680535e+01 
2.32154637815015e+00 2.56040006391397e+00 -3.58869290070113e+01 
2.32609842987201e+00 2.56890633421144e+00 -3.64319134210204e+01 
2.33065048159388e+00 2.57742214901572e+00 -3.69842005797411e+01 
2.33520253331574e+00 2.58594605525247e+00 -3.75438871648610e+01 
2.33975458503760e+00 2.59447654739196e+00 -3.81110707500636e+01 
2.34430663675947e+00 2.60301206606170e+00 -3.86858497793928e+01 
2.34885868848133e+00 2.61155099663348e+00 -3.92683235439317e+01 
2.35341074020319e+00 2.62009166778510e+00 -3.98585921567308e+01 
2.35796279192506e+00 2.62863235003717e+00 -4.04567565259010e+01 
2.36251484364692e+00 2.63717125426547e+00 -4.10629183258040e+01 
2.36706689536878e+00 2.64570653018930e+00 -4.16771799662544e+01 
2.37161894709065e+00 2.65423626483634e+00 -4.22996445596504e+01 
2.37617099881251e+00 2.66275848098470e+00 -4.29304158859575e+01 
2.38072305053437e+00 2.67127113558280e+00 -4.35695983554490e+01 
2.38527510225623e+00 2.67977211814784e+00 -4.42172969691271e+01 
2.38982715397810e+00 2.68825924914372e+00 -4.48736172767265e+01 
2.39437920569996e+00 2.69673027833930e+00 -4.55386653322138e+01 
2.39893125742182e+00 2.70518288314799e+00 -4.62125476466908e+01 
2.40348330914369e+00 2.71361466694979e+00 -4.68953711386037e+01 
2.40803536086555e+00 2.72202315739700e+00 -4.75872430811677e+01 
2.41258741258741e+00 2.73040580470480e+00 -4.82882710469055e+01 
2.41713946430928e+00 2.73875997992810e+00 -4.89985628492010e+01 
2.42169151603114e+00 2.74708297322633e+00 -4.97182264807750e+01 
2.42624356775300e+00 2.75537199211749e+00 -5.04473700489730e+01 
2.43079561947486e+00 2.76362415972345e+00 -5.11861017077712e+01 
2.43534767119673e+00 2.77183651300828e+00 -5.19345295863946e+01 
2.43989972291859e+00 2.78000600101149e+00 -5.26927617144456e+01 
2.44445177464045e+00 2.78812948307840e+00 -5.34609059434383e+01 
2.44900382636232e+00 2.79620372708991e+00 -5.42390698646404e+01 
2.45355587808418e+00 2.80422540769398e+00 -5.50273607231117e+01 
2.45810792980604e+00 2.81219110454149e+00 -5.58258853278433e+01 
2.46265998152791e+00 2.82009730052899e+00 -5.66347499578913e+01 
2.46721203324977e+00 2.82794038005136e+00 -5.74540602644059e+01 
2.47176408497163e+00 2.83571662726740e+00 -5.82839211684547e+01 
2.47631613669349e+00 2.84342222438132e+00 -5.91244367545397e+01 
2.48086818841536e+00 2.85105324994381e+00 -5.99757101597153e+01 
2.48542024013722e+00 2.85860567717588e+00 -6.08378434582109e+01 
2.48997229185908e+00 2.86607537231943e+00 -6.17109375414608e+01 
2.49452434358095e+00 2.87345809301832e+00 -6.25950919934623e+01 
2.49907639530281e+00 2.88074948673402e+00 -6.34904049613669e+01 
2.50362844702467e+00 2.88794508920012e+00 -6.43969730212287e+01 
2.50818049874654e+00 2.89504032292011e+00 -6.53148910388256e+01 
2.51273255046840e+00 2.90203049571325e+00 -6.62442520254908e+01 
2.51728460219026e+00 2.90891079931297e+00 -6.71851469888739e+01 
2.52183665391213e+00 2.91567630802340e+00 -6.81376647785797e+01 
2.52638870563399e+00 2.92232197743876e+00 -6.91018919266241e+01 
2.53094075735585e+00 2.92884264323131e+00 -7.00779124826595e+01 
2.53549280907771e+00 2.93523302001347e+00 -7.10658078439283e+01 
2.54004486079958e+00 2.94148770027987e+00 -7.20656565799107e+01 
2.54459691252144e+00 2.94760115343538e+00 -7.30775342516418e+01 
2.54914896424330e+00 2.95356772491538e+00 -7.41015132256852e+01 
2.55370101596517e+00 2.95938163540465e+00 -7.51376624827519e+01 
2.55825306768703e+00 2.96503698016143e+00 -7.61860474209799e+01 
2.56280511940889e+00 2.97052772845357e+00 -7.72467296538783e+01 
2.56735717113076e+00 2.97584772311353e+00 -7.83197668029763e+01 
2.57190922285262e+00 2.98099068021953e+00 -7.94052122852096e+01 
2.57646127457448e+00 2.98595018891006e+00 -8.05031150951071e+01 
2.58101332629635e+00 2.99071971133914e+00 -8.16135195818402e+01 
2.58556537801821e+00 2.99529258278004e+00 -8.27364652212210e+01 
2.59011742974007e+00 2.99966201188514e+00 -8.38719863827561e+01 
2.59466948146193e+00 3.00382108110955e+00 -8.50201120918535e+01 
2.59922153318380e+00 3.00776274730687e+00 -8.61808657873434e+01 
2.60377358490566e+00 3.01147984250473e+00 -8.73542650744379e+01 
2.60832563662752e+00 3.01496507486835e+00 -8.85403214733150e+01 
2.61287768834939e+00 3.01821102986044e+00 -8.97390401635103e+01 
2.61742974007125e+00 3.02121017160536e+00 -9.09504197243276e+01 
2.62198179179311e+00 3.02395484446612e+00 -9.21744518714942e+01 
2.62653384351498e+00 3.02643727484200e+00 -9.34111211903167e+01 
2.63108589523684e+00 3.02864957319560e+00 -9.46604048656063e+01 
2.63563794695870e+00 3.03058373631682e+00 -9.59222724086680e+01 
2.64018999868056e+00 3.03223164983232e+00 -9.71966853816762e+01 
2.64474205040243e+00 3.03358509096828e+00 -9.84835971197692e+01 
2.64929410212429e+00 3.03463573157424e+00 -9.97829524512407e+01 
2.65384615384615e+00 3.03537514141591e+00 -1.01094687416201e+02 
2.65839820556802e+00 3.03579479174411e+00 -1.02418728984136e+02 
2.66295025728988e+00 3.03588605914758e+00 -1.03754994770793e+02 
2.66750230901174e+00 3.03564022969619e+00 -1.05103392754861e+02 
2.67205436073361e+00 3.03504850338162e+00 -1.06463820994933e+02 
2.67660641245547e+00 3.03410199886180e+00 -1.07836167347256e+02 
2.68115846417733e+00 3.03279175851501e+00 -1.09220309184823e+02 
2.68571051589920e+00 3.03110875380958e+00 -1.10616113118351e+02 
2.69026256762106e+00 3.02904389099396e+00 -1.12023434719742e+02 
2.69481461934292e+00 3.02658801711231e+00 -1.13442118248638e+02 
2.69936667106478e+00 3.02373192634937e+00 -1.14871996382701e+02 
2.70391872278665e+00 3.02046636670864e+00 -1.16312889952278e+02 
2.70847077450851e+00 3.01678204702654e+00 -1.17764607680128e+02 
2.71302282623037e+00 3.01266964432522e+00 -1.19226945926916e+02 
2.71757487795224e+00 3.00811981150556e+00 -1.20699688443191e+02 
2.72212692967410e+00 3.00312318538130e+00 -1.22182606128598e+02 
2.72667898139596e+00 2.99767039505476e+00 -1.23675456799066e+02 
2.73123103311783e+00 2.99175207063338e+00 -1.25177984962766e+02 
2.73578308483969e+00 2.98535885228559e+00 -1.26689921605623e+02 
2.74033513656155e+00 2.97848139963400e+00 -1.28210983987188e+02 
2.74488718828341e+00 2.97111040148245e+00 -1.29740875447678e+02 
2.74943924000528e+00 2.96323658587289e+00 -1.31279285227032e+02 
2.75399129172714e+00 2.95485073046698e+00 -1.32825888296796e+02 
2.75854334344900e+00 2.94594367324623e+00 -1.34380345205696e+02 
2.76309539517087e+00 2.93650632352357e+00 -1.35942301939734e+02 
2.76764744689273e+00 2.92652967325794e+00 -1.37511389797656e+02 
2.77219949861459e+00 2.91600480866298e+00 -1.39087225282644e+02 
2.77675155033646e+00 2.90492292209895e+00 -1.40669410011063e+02 
2.78130360205832e+00 2.89327532423660e+00 -1.42257530639107e+02 
2.78585565378018e+00 2.88105345648036e+00 -1.43851158808174e+02 
2.79040770550204e+00 2.86824890363671e+00 -1.45449851109768e+02 
2.79495975722391e+00 2.85485340681320e+00 -1.47053149070748e+02 
2.79951180894577e+00 2.84085887653161e+00 -1.48660579159699e+02 
2.80406386066763e+00 2.82625740603812e+00 -1.50271652815167e+02 
2.80861591238950e+00 2.81104128479206e+00 -1.51885866496526e+02 
2.81316796411136e+00 2.79520301211372e+00 -1.53502701758166e+02 
2.81772001583322e+00 2.77873531097033e+00 -1.55121625347672e+02 
2.82227206755509e+00 2.76163114187863e+00 -1.56742089328666e+02 
2.82682411927695e+00 2.74388371690108e+00 -1.58363531228889e+02 
2.83137617099881e+00 2.72548651371161e+00 -1.59985374214103e+02 
2.83592822272068e+00 2.70643328970640e+00 -1.61607027288338e+02 
2.84048027444254e+00 2.68671809613326e+00 -1.63227885520959e+02 
2.84503232616440e+00 2.66633529221310e+00 -1.64847330300957e+02 
2.84958437788626e+00 2.64527955922572e+00 -1.66464729618880e+02 
2.85413642960813e+00 2.62354591453118e+00 -1.68079438376675e+02 
2.85868848132999e+00 2.60112972549781e+00 -1.69690798725736e+02 
2.86324053305185e+00 2.57802672330624e+00 -1.71298140433321e+02 
2.86779258477372e+00 2.55423301659938e+00 -1.72900781277507e+02 
2.87234463649558e+00 2.52974510494680e+00 -1.74498027470715e+02 
2.87689668821744e+00 2.50455989209178e+00 -1.76089174111827e+02 
2.88144873993931e+00 2.47867469894910e+00 -1.77673505666810e+02 
2.88600079166117e+00 2.45208727632092e+00 -1.79250296477702e+02 
2.89055284338303e+00 2.42479581729823e+00 -1.80818811299748e+02 
2.89510489510489e+00 2.39679896931490e+00 -1.82378305866375e+02 
2.89965694682676e+00 2.36809584582167e+00 -1.83928027481648e+02 
2.90420899854862e+00 2.33868603754712e+00 -1.85467215639748e+02 
2.90876105027048e+00 2.30856962331301e+00 -1.86995102670942e+02 
2.91331310199235e+00 2.27774718037163e+00 -1.88510914413442e+02 
2.91786515371421e+00 2.24621979423301e+00 -1.90013870910456e+02 
2.92241720543607e+00 2.21398906795067e+00 -1.91503187131672e+02 
2.92696925715794e+00 2.18105713083461e+00 -1.92978073718321e+02 
2.93152130887980e+00 2.14742664656139e+00 -1.94437737750906e+02 
2.93607336060166e+00 2.11310082065174e+00 -1.95881383538569e+02 
2.94062541232353e+00 2.07808340728700e+00 -1.97308213429056e+02 
2.94517746404539e+00 2.04237871543692e+00 -1.98717428638096e+02 
2.94972951576725e+00 2.00599161427186e+00 -2.00108230096979e+02 
2.95428156748911e+00 1.96892753783449e+00 -2.01479819317036e+02 
2.95883361921098e+00 1.93119248894674e+00 -2.02831399269667e+02 
2.96338567093284e+00 1.89279304232915e+00 -2.04162175280467e+02 
2.96793772265470e+00 1.85373634691195e+00 -2.05471355935975e+02 
2.97248977437657e+00 1.81403012731762e+00 -2.06758154001488e+02 
2.97704182609843e+00 1.77368268449763e+00 -2.08021787348331e+02 
2.98159387782029e+00 1.73270289550682e+00 -2.09261479888928e+02 
2.98614592954216e+00 1.69110021240129e+00 -2.10476462517961e+02 
2.99069798126402e+00 1.64888466024702e+00 -2.11665974057871e+02 
2.99525003298588e+00 1.60606683422931e+00 -2.12829262206910e+02 
2.99980208470775e+00 1.56265789585404e+00 -2.13965584487911e+02 
3.00435413642961e+00 1.51866956823470e+00 -2.15074209195936e+02 
3.00890618815147e+00 1.47411413046097e+00 -2.16154416342899e+02 
3.01345823987333e+00 1.42900441104651e+00 -2.17205498597287e+02 
3.01801029159520e+00 1.38335378045657e+00 -2.18226762217049e+02 
3.02256234331706e+00 1.33717614271739e+00 -2.19217527973731e+02 
3.02711439503892e+00 1.29048592611234e+00 -2.20177132065938e+02 
3.03166644676079e+00 1.24329807297156e+00 -2.21104927020181e+02 
3.03621849848265e+00 1.19562802856441e+00 -2.22000282577206e+02 
3.04077055020451e+00 1.14749172910620e+00 -2.22862586561889e+02 
3.04532260192638e+00 1.09890558889288e+00 -2.23691245734810e+02 
3.04987465364824e+00 1.04988648657994e+00 -2.24485686623646e+02 
3.05442670537010e+00 1.00045175062339e+00 -2.25245356332549e+02 
3.05897875709196e+00 9.50619143903729e-01 -2.25969723327710e+02 
3.06353080881383e+00 9.00406847555071e-01 -2.26658278197348e+02 
3.06808286053569e+00 8.49833444024510e-01 -2.27310534384422e+02 
3.07263491225755e+00 7.98917899388248e-01 -2.27926028890385e+02 
3.07718696397942e+00 7.47679544953464e-01 -2.28504322948414e+02 
3.08173901570128e+00 6.96138058176472e-01 -2.29045002664527e+02 
3.08629106742314e+00 6.44313442929903e-01 -2.29547679625151e+02 
3.09084311914501e+00 5.92226009153127e-01 -2.30011991469715e+02 
3.09539517086687e+00 5.39896351922045e-01 -2.30437602426936e+02 
3.09994722258873e+00 4.87345329975863e-01 -2.30824203813575e+02 
3.10449927431059e+00 4.34594043739967e-01 -2.31171514494451e+02 
3.10905132603246e+00 3.81663812885431e-01 -2.31479281302676e+02 
3.11360337775432e+00 3.28576153467081e-01 -2.31747279419103e+02 
3.11815542947618e+00 2.75352754682906e-01 -2.31975312710091e+02 
3.12270748119805e+00 2.22015455299035e-01 -2.32163214022779e+02 
3.12725953291991e+00 1.68586219785243e-01 -2.32310845437208e+02 
3.13181158464177e+00 1.15087114206644e-01 -2.32418098474638e+02 
3.13636363636364e+00 6.15402819182207e-02 -2.32484894261604e+02 
