Data Format: k_val_normalized w_real_normalized w_imag 
num_pts 940 
0.00000000000000e+00 1.87080314560723e-16 2.38052107972135e-14 
3.33688320908768e-03 3.33688320908749e-03 -2.06428408436651e-14 
6.67376641817536e-03 6.67376641817527e-03 2.34054203269910e-14 
1.00106496272630e-02 1.00106496272631e-02 1.27842519588176e-14 
1.33475328363507e-02 1.33475328363505e-02 2.78530516348110e-14 
1.66844160454384e-02 1.66844160454385e-02 -5.06349619648115e-16 
2.00212992545261e-02 2.00212992545259e-02 9.44329061393926e-15 
2.33581824636138e-02 2.33581824636138e-02 1.06334894018068e-14 
2.66950656727015e-02 2.66950656727015e-02 3.82808473512342e-14 
3.00319488817891e-02 3.00319488817891e-02 2.74996891411231e-14 
3.33688320908768e-02 3.33688320908767e-02 2.01872011547312e-14 
3.67057152999645e-02 3.67057152999646e-02 3.25683772865625e-16 
4.00425985090522e-02 4.00425985090525e-02 -1.94540083162160e-14 
4.33794817181399e-02 4.33794817181397e-02 2.84683845214185e-14 
4.67163649272275e-02 4.67163649272278e-02 -6.26695658813038e-15 
5.00532481363152e-02 5.00532481363155e-02 4.40484929255032e-15 
5.33901313454029e-02 5.33901313454031e-02 -1.98882500492646e-14 
5.67270145544906e-02 5.67270145544908e-02 8.00222347229720e-15 
6.00638977635783e-02 6.00638977635782e-02 1.99034303078056e-14 
6.34007809726660e-02 6.34007809726660e-02 4.00853857752169e-15 
6.67376641817536e-02 6.67376641817539e-02 3.25513826604953e-14 
7.00745473908413e-02 7.00745473908415e-02 2.64828296180985e-14 
7.34114305999290e-02 7.34114305999291e-02 2.70236221359564e-14 
7.67483138090167e-02 7.67483138090168e-02 -5.14900292844663e-15 
8.00851970181044e-02 8.00851970181042e-02 1.68946636321040e-14 
8.34220802271921e-02 8.34220802271919e-02 1.23903555661988e-14 
8.67589634362797e-02 8.67589634362796e-02 3.46419505114775e-14 
9.00958466453674e-02 9.00958466453676e-02 2.44231562216951e-14 
9.34327298544551e-02 9.34327298544550e-02 1.74416029754924e-14 
9.67696130635428e-02 9.67696130635425e-02 4.14190377335034e-14 
1.00106496272630e-01 1.00106496272631e-01 1.99667436025925e-14 
1.03443379481718e-01 1.03443379481718e-01 2.54215000425695e-14 
1.06780262690806e-01 1.06780262690806e-01 -2.43617963548611e-15 
1.10117145899894e-01 1.10117145899894e-01 1.03654330234255e-14 
1.13454029108981e-01 1.13454029108981e-01 2.79062659173953e-14 
1.16790912318069e-01 1.16790912318069e-01 2.22772452785565e-14 
1.20127795527157e-01 1.20127795527156e-01 1.62513283082507e-14 
1.23464678736244e-01 1.23464678736244e-01 2.75963190366382e-14 
1.26801561945332e-01 1.26801561945332e-01 1.25265708939803e-14 
1.30138445154420e-01 1.30138445154419e-01 -3.21476223077254e-15 
1.33475328363507e-01 1.33475328363506e-01 1.79308355453197e-14 
1.36812211572595e-01 1.36812211572594e-01 8.71526280471723e-15 
1.40149094781683e-01 1.40149094781681e-01 4.51191536825972e-15 
1.43485977990770e-01 1.43485977990769e-01 8.58361314354693e-15 
1.46822861199858e-01 1.46822861199857e-01 1.00196708065468e-14 
1.50159744408946e-01 1.50159744408943e-01 -7.96254845721261e-15 
1.53496627618033e-01 1.53496627618029e-01 -4.39229643965943e-15 
1.56833510827121e-01 1.56833510827116e-01 -4.16094321718076e-15 
1.60170394036209e-01 1.60170394036202e-01 -1.58236322987024e-14 
1.63507277245296e-01 1.63507277245288e-01 -1.13771942511907e-14 
1.66844160454384e-01 1.66844160454374e-01 1.07359831052229e-14 
1.70181043663472e-01 1.70181043663458e-01 -2.71595914823470e-14 
1.73517926872559e-01 1.73517926872543e-01 -2.63009307553251e-14 
1.76854810081647e-01 1.76854810081627e-01 -1.69493295871669e-15 
1.80191693290735e-01 1.80191693290709e-01 -1.98121423855373e-14 
1.83528576499823e-01 1.83528576499791e-01 -3.15480293612605e-14 
1.86865459708910e-01 1.86865459708871e-01 -8.96507813581135e-15 
1.90202342917998e-01 1.90202342917950e-01 -2.13014228831074e-14 
1.93539226127086e-01 1.93539226127027e-01 -2.77880697815565e-14 
1.96876109336173e-01 1.96876109336102e-01 -3.94894072189999e-14 
2.00212992545261e-01 2.00212992545175e-01 -8.96933989683207e-15 
2.03549875754349e-01 2.03549875754244e-01 -1.47748991743263e-14 
2.06886758963436e-01 2.06886758963310e-01 -5.31635583933471e-15 
2.10223642172524e-01 2.10223642172373e-01 1.20549004897042e-14 
2.13560525381612e-01 2.13560525381430e-01 3.56748306759844e-14 
2.16897408590699e-01 2.16897408590482e-01 5.83620222480077e-15 
2.20234291799787e-01 2.20234291799529e-01 9.44889907918023e-15 
2.23571175008875e-01 2.23571175008568e-01 3.62486736733753e-14 
2.26908058217962e-01 2.26908058217599e-01 1.03110043727497e-14 
2.30244941427050e-01 2.30244941426620e-01 -1.40575701164766e-14 
2.33581824636138e-01 2.33581824635631e-01 -9.31506508295534e-15 
2.36918707845225e-01 2.36918707844630e-01 -3.29845873674357e-14 
2.40255591054313e-01 2.40255591053614e-01 -9.76395520984632e-14 
2.43592474263401e-01 2.43592474262582e-01 -1.73489479328440e-13 
2.46929357472488e-01 2.46929357471532e-01 -2.90884166181760e-13 
2.50266240681576e-01 2.50266240680462e-01 -4.15857548985429e-13 
2.53603123890664e-01 2.53603123889367e-01 -6.15574588037799e-13 
2.56940007099752e-01 2.56940007098247e-01 -8.87996234718436e-13 
2.60276890308839e-01 2.60276890307096e-01 -1.20079172134221e-12 
2.63613773517927e-01 2.63613773515911e-01 -1.67810869620319e-12 
2.66950656727015e-01 2.66950656724689e-01 -2.21372197089550e-12 
2.70287539936102e-01 2.70287539933424e-01 -2.89992060468496e-12 
2.73624423145190e-01 2.73624423142110e-01 -3.75236087626189e-12 
2.76961306354278e-01 2.76961306350744e-01 -4.84843969566300e-12 
2.80298189563365e-01 2.80298189559317e-01 -6.15116033473692e-12 
2.83635072772453e-01 2.83635072767824e-01 -7.81494637286203e-12 
2.86971955981541e-01 2.86971955976255e-01 -9.74797484080125e-12 
2.90308839190628e-01 2.90308839184604e-01 -1.21217212863170e-11 
2.93645722399716e-01 2.93645722392860e-01 -1.49309301561448e-11 
2.96982605608804e-01 2.96982605601014e-01 -1.82922568169529e-11 
3.00319488817891e-01 3.00319488809054e-01 -2.23060336178693e-11 
3.03656372026979e-01 3.03656372016970e-01 -2.70467760837918e-11 
3.06993255236067e-01 3.06993255224746e-01 -3.26315742083593e-11 
3.10330138445154e-01 3.10330138432368e-01 -3.91483344610567e-11 
3.13667021654242e-01 3.13667021639821e-01 -4.67776525867389e-11 
3.17003904863330e-01 3.17003904847089e-01 -5.56459602960339e-11 
3.20340788072418e-01 3.20340788054150e-01 -6.59385247251233e-11 
3.23677671281505e-01 3.23677671260987e-01 -7.78215889048547e-11 
3.27014554490593e-01 3.27014554467576e-01 -9.14979557084578e-11 
3.30351437699681e-01 3.30351437673895e-01 -1.07195029815519e-10 
3.33688320908768e-01 3.33688320879918e-01 -1.25205938887373e-10 
3.37025204117856e-01 3.37025204085614e-01 -1.45694432898757e-10 
3.40362087326944e-01 3.40362087290956e-01 -1.69093047701047e-10 
3.43698970536031e-01 3.43698970495910e-01 -1.95611955287666e-10 
3.47035853745119e-01 3.47035853700443e-01 -2.25705438767716e-10 
3.50372736954207e-01 3.50372736904515e-01 -2.59645913575858e-10 
3.53709620163294e-01 3.53709620108084e-01 -2.97856818809684e-10 
3.57046503372382e-01 3.57046503311107e-01 -3.40811233302317e-10 
3.60383386581470e-01 3.60383386513538e-01 -3.89044582357938e-10 
3.63720269790557e-01 3.63720269715324e-01 -4.42950490690824e-10 
3.67057152999645e-01 3.67057152916411e-01 -5.03131066711347e-10 
3.70394036208733e-01 3.70394036116741e-01 -5.70155672879867e-10 
3.73730919417820e-01 3.73730919316248e-01 -6.44620678459590e-10 
3.77067802626908e-01 3.77067802514866e-01 -7.27198229105780e-10 
3.80404685835996e-01 3.80404685712523e-01 -8.18602475039495e-10 
3.83741569045083e-01 3.83741568909139e-01 -9.19538024442596e-10 
3.87078452254171e-01 3.87078452104630e-01 -1.03068911988745e-09 
3.90415335463259e-01 3.90415335298909e-01 -1.15300135085998e-09 
3.93752218672346e-01 3.93752218491879e-01 -1.28727373821088e-09 
3.97089101881434e-01 3.97089101683435e-01 -1.43429302371277e-09 
4.00425985090522e-01 4.00425984873470e-01 -1.59507995298286e-09 
4.03762868299610e-01 4.03762868061866e-01 -1.77050952925393e-09 
4.07099751508697e-01 4.07099751248496e-01 -1.96152401726444e-09 
4.10436634717785e-01 4.10436634433225e-01 -2.16920837062359e-09 
4.13773517926873e-01 4.13773517615912e-01 -2.39454286765397e-09 
4.17110401135960e-01 4.17110400796400e-01 -2.63855340372066e-09 
4.20447284345048e-01 4.20447283974528e-01 -2.90227886989995e-09 
4.23784167554136e-01 4.23784167150120e-01 -3.18678038039201e-09 
4.27121050763223e-01 4.27121050322987e-01 -3.49314035094853e-09 
4.30457933972311e-01 4.30457933492932e-01 -3.82243484207987e-09 
4.33794817181399e-01 4.33794816659738e-01 -4.17563120034556e-09 
4.37131700390486e-01 4.37131699823180e-01 -4.55383465888757e-09 
4.40468583599574e-01 4.40468582983014e-01 -4.95801056314614e-09 
4.43805466808662e-01 4.43805466138980e-01 -5.38909450585742e-09 
4.47142350017749e-01 4.47142349290799e-01 -5.84799156114490e-09 
4.50479233226837e-01 4.50479232438178e-01 -6.33557546891652e-09 
4.53816116435925e-01 4.53816115580799e-01 -6.85263444533127e-09 
4.57152999645012e-01 4.57152998718325e-01 -7.39980846064393e-09 
4.60489882854100e-01 4.60489881850398e-01 -7.97766356585394e-09 
4.63826766063188e-01 4.63826764976632e-01 -8.58673687486475e-09 
4.67163649272275e-01 4.67163648096616e-01 -9.22730502251672e-09 
4.70500532481363e-01 4.70500531209916e-01 -9.89956524080942e-09 
4.73837415690451e-01 4.73837414316063e-01 -1.06035454894974e-08 
4.77174298899539e-01 4.77174297414559e-01 -1.13391416269075e-08 
4.80511182108626e-01 4.80511180504874e-01 -1.21059086364003e-08 
4.83848065317714e-01 4.83848063586439e-01 -1.29033299929679e-08 
4.87184948526802e-01 4.87184946658651e-01 -1.37305676701703e-08 
4.90521831735889e-01 4.90521829720863e-01 -1.45866166804211e-08 
4.93858714944977e-01 4.93858712772388e-01 -1.54700508002249e-08 
4.97195598154065e-01 4.97195595812491e-01 -1.63793481870202e-08 
5.00532481363152e-01 5.00532478840390e-01 -1.73124772595725e-08 
5.03869364572240e-01 5.03869361855248e-01 -1.82672317192651e-08 
5.07206247781328e-01 5.07206244856175e-01 -1.92409841890347e-08 
5.10543130990415e-01 5.10543127842223e-01 -2.02308192608874e-08 
5.13880014199503e-01 5.13880010812380e-01 -2.12333634764095e-08 
5.17216897408591e-01 5.17216893765565e-01 -2.22448779447312e-08 
5.20553780617678e-01 5.20553776700631e-01 -2.32613232381332e-08 
5.23890663826766e-01 5.23890659616353e-01 -2.42781287316251e-08 
5.27227547035854e-01 5.27227542511425e-01 -2.52903613921403e-08 
5.30564430244941e-01 5.30564425384460e-01 -2.62927908108267e-08 
5.33901313454029e-01 5.33901308233979e-01 -2.72796154544736e-08 
5.37238196663117e-01 5.37238191058405e-01 -2.82446458496662e-08 
5.40575079872205e-01 5.40575073856065e-01 -2.91814482017036e-08 
5.43911963081292e-01 5.43911956625177e-01 -3.00831090094454e-08 
5.47248846290380e-01 5.47248839363844e-01 -3.09423326023740e-08 
5.50585729499467e-01 5.50585722070053e-01 -3.17515399010656e-08 
5.53922612708555e-01 5.53922604741659e-01 -3.25028731792446e-08 
5.57259495917643e-01 5.57259487376388e-01 -3.31881962614858e-08 
5.60596379126731e-01 5.60596369971824e-01 -3.37992016337997e-08 
5.63933262335818e-01 5.63933252525399e-01 -3.43273675313360e-08 
5.67270145544906e-01 5.67270135034390e-01 -3.47642451127855e-08 
5.70607028753994e-01 5.70607017495907e-01 -3.51011503748924e-08 
5.73943911963081e-01 5.73943899906886e-01 -3.53297756723693e-08 
5.77280795172169e-01 5.77280782264082e-01 -3.54417643880248e-08 
5.80617678381257e-01 5.80617664564048e-01 -3.54291621523064e-08 
5.83954561590344e-01 5.83954546803143e-01 -3.52844819933400e-08 
5.87291444799432e-01 5.87291428977508e-01 -3.50007792084681e-08 
5.90628328008520e-01 5.90628311083059e-01 -3.45717679028577e-08 
5.93965211217607e-01 5.93965193115480e-01 -3.39921638896039e-08 
5.97302094426695e-01 5.97302075070205e-01 -3.32576435683775e-08 
6.00638977635783e-01 6.00638956942411e-01 -3.23652842348849e-08 
6.03975860844871e-01 6.03975838727005e-01 -3.13135660893743e-08 
6.07312744053958e-01 6.07312720418610e-01 -3.01027372106431e-08 
6.10649627263046e-01 6.10649602011556e-01 -2.87351199780502e-08 
6.13986510472133e-01 6.13986483499860e-01 -2.72151622810755e-08 
6.17323393681221e-01 6.17323364877220e-01 -2.55499276458398e-08 
6.20660276890309e-01 6.20660246136995e-01 -2.37494556615114e-08 
6.23997160099397e-01 6.23997127272199e-01 -2.18268521602794e-08 
6.27334043308484e-01 6.27334008275473e-01 -1.97988772431741e-08 
6.30670926517572e-01 6.30670889139084e-01 -1.76862177193088e-08 
6.34007809726660e-01 6.34007769854903e-01 -1.55139535658211e-08 
6.37344692935747e-01 6.37344650414389e-01 -1.33118256776095e-08 
6.40681576144835e-01 6.40681530808578e-01 -1.11148615856121e-08 
6.44018459353923e-01 6.44018411028061e-01 -8.96377354910035e-09 
6.47355342563010e-01 6.47355291062970e-01 -6.90532490241409e-09 
6.50692225772098e-01 6.50692170902965e-01 -4.99309481970787e-09 
6.54029108981186e-01 6.54029050537212e-01 -3.28763391423334e-09 
6.57365992190273e-01 6.57365929954369e-01 -1.85746477342065e-09 
6.60702875399361e-01 6.60702809142568e-01 -7.79083425563154e-10 
6.64039758608449e-01 6.64039688089392e-01 -1.38042334673521e-10 
6.67376641817536e-01 6.67376566781877e-01 -2.93047564977801e-11 
6.70713525026624e-01 6.70713445206460e-01 -5.57840018374350e-10 
6.74050408235712e-01 6.74050323348998e-01 -1.83923266478530e-09 
6.77387291444799e-01 6.77387201194720e-01 -4.00046381100382e-09 
6.80724174653887e-01 6.80724078728231e-01 -7.18019834753884e-09 
6.84061057862975e-01 6.84060955933477e-01 -1.15298639996727e-08 
6.87397941072062e-01 6.87397832793732e-01 -1.72139271246850e-08 
6.90734824281150e-01 6.90734709291585e-01 -2.44108233023831e-08 
6.94071707490238e-01 6.94071585408913e-01 -3.33131805880310e-08 
6.97408590699326e-01 6.97408461126865e-01 -4.41287912916554e-08 
7.00745473908413e-01 7.00745336425838e-01 -5.70812331223097e-08 
7.04082357117501e-01 7.04082211285471e-01 -7.24101058724987e-08 
7.07419240326589e-01 7.07419085684606e-01 -9.03720445813617e-08 
7.10756123535676e-01 7.10755959601283e-01 -1.11240899943006e-07 
7.14093006744764e-01 7.14092833012710e-01 -1.35308497738704e-07 
7.17429889953852e-01 7.17429705895254e-01 -1.62884841956194e-07 
7.20766773162939e-01 7.20766578224404e-01 -1.94298889019619e-07 
7.24103656372027e-01 7.24103449974765e-01 -2.29898647303298e-07 
7.27440539581115e-01 7.27440321120029e-01 -2.70051627586071e-07 
7.30777422790202e-01 7.30777191632947e-01 -3.15145137299887e-07 
7.34114305999290e-01 7.34114061485322e-01 -3.65586185563449e-07 
7.37451189208378e-01 7.37450930647966e-01 -4.21802090745902e-07 
7.40788072417465e-01 7.40787799090693e-01 -4.84240103604784e-07 
7.44124955626553e-01 7.44124666782285e-01 -5.53367496520010e-07 
7.47461838835641e-01 7.47461533690463e-01 -6.29671507820796e-07 
7.50798722044728e-01 7.50798399781870e-01 -7.13658688516904e-07 
7.54135605253816e-01 7.54135265022031e-01 -8.05855064944789e-07 
7.57472488462904e-01 7.57472129375331e-01 -9.06805249943083e-07 
7.60809371671991e-01 7.60808992804982e-01 -1.01707198984605e-06 
7.64146254881079e-01 7.64145855272985e-01 -1.13723503571588e-06 
7.67483138090167e-01 7.67482716740102e-01 -1.26789073635353e-06 
7.70820021299255e-01 7.70819577165814e-01 -1.40965063605705e-06 
7.74156904508342e-01 7.74156436508279e-01 -1.56314013822867e-06 
7.77493787717430e-01 7.77493294724297e-01 -1.72899732481010e-06 
7.80830670926518e-01 7.80830151769258e-01 -1.90787107505362e-06 
7.84167554135605e-01 7.84167007597094e-01 -2.10041960600536e-06 
7.87504437344693e-01 7.87503862160228e-01 -2.30730806914182e-06 
7.90841320553781e-01 7.90840715409521e-01 -2.52920667904590e-06 
7.94178203762868e-01 7.94177567294203e-01 -2.76678804935032e-06 
7.97515086971956e-01 7.97514417761818e-01 -3.02072469498502e-06 
8.00851970181044e-01 8.00851266758149e-01 -3.29168621235035e-06 
8.04188853390131e-01 8.04188114227140e-01 -3.58033598326124e-06 
8.07525736599219e-01 8.07524960110821e-01 -3.88732807690767e-06 
8.10862619808307e-01 8.10861804349216e-01 -4.21330350554681e-06 
8.14199503017395e-01 8.14198646880253e-01 -4.55888685502156e-06 
8.17536386226482e-01 8.17535487639655e-01 -4.92468151608942e-06 
8.20873269435570e-01 8.20872326560842e-01 -5.31126621934898e-06 
8.24210152644657e-01 8.24209163574800e-01 -5.71918997334204e-06 
8.27547035853745e-01 8.27545998609968e-01 -6.14896761679448e-06 
8.30883919062833e-01 8.30882831592095e-01 -6.60107495921365e-06 
8.34220802271921e-01 8.34219662444092e-01 -7.07594315830622e-06 
8.37557685481008e-01 8.37556491085881e-01 -7.57395378217929e-06 
8.40894568690096e-01 8.40893317434225e-01 -8.09543313161441e-06 
8.44231451899184e-01 8.44230141402545e-01 -8.64064629956926e-06 
8.47568335108271e-01 8.47566962900738e-01 -9.20979138304592e-06 
8.50905218317359e-01 8.50903781834956e-01 -9.80299325956095e-06 
8.54242101526447e-01 8.54240598107398e-01 -1.04202974356775e-05 
8.57578984735534e-01 8.57577411616073e-01 -1.10616635709510e-05 
8.60915867944622e-01 8.60914222254549e-01 -1.17269591325228e-05 
8.64252751153710e-01 8.64251029911687e-01 -1.24159527057789e-05 
8.67589634362797e-01 8.67587834471359e-01 -1.31283076085471e-05 
8.70926517571885e-01 8.70924635812150e-01 -1.38635750190618e-05 
8.74263400780973e-01 8.74261433807036e-01 -1.46211877893175e-05 
8.77600283990060e-01 8.77598228323048e-01 -1.54004535614802e-05 
8.80937167199148e-01 8.80935019220920e-01 -1.62005487086642e-05 
8.84274050408236e-01 8.84271806354697e-01 -1.70205119914957e-05 
8.87610933617323e-01 8.87608589571358e-01 -1.78592382541291e-05 
8.90947816826411e-01 8.90945368710373e-01 -1.87154731621087e-05 
8.94284700035499e-01 8.94282143603281e-01 -1.95878071739047e-05 
8.97621583244586e-01 8.97618914073209e-01 -2.04746708890254e-05 
9.00958466453674e-01 9.00955679934391e-01 -2.13743301630188e-05 
9.04295349662762e-01 9.04292440991650e-01 -2.22848816485145e-05 
9.07632232871849e-01 9.07629197039863e-01 -2.32042496731537e-05 
9.10969116080937e-01 9.10965947863403e-01 -2.41301829143988e-05 
9.14305999290025e-01 9.14302693235531e-01 -2.50602520787416e-05 
9.17642882499113e-01 9.17639432917807e-01 -2.59918486048670e-05 
9.20979765708200e-01 9.20976166659429e-01 -2.69221838802795e-05 
9.24316648917288e-01 9.24312894196576e-01 -2.78482895314643e-05 
9.27653532126376e-01 9.27649615251709e-01 -2.87670189873512e-05 
9.30990415335463e-01 9.30986329532854e-01 -2.96750498488815e-05 
9.34327298544551e-01 9.34323036732847e-01 -3.05688874209842e-05 
9.37664181753639e-01 9.37659736528573e-01 -3.14448703561148e-05 
9.41001064962726e-01 9.40996428580145e-01 -3.22991766149791e-05 
9.44337948171814e-01 9.44333112530097e-01 -3.31278316942921e-05 
9.47674831380902e-01 9.47669788002516e-01 -3.39267184935115e-05 
9.51011714589989e-01 9.51006454602169e-01 -3.46915882495468e-05 
9.54348597799077e-01 9.54343111913598e-01 -3.54180742963611e-05 
9.57685481008165e-01 9.57679759500191e-01 -3.61017071663268e-05 
9.61022364217252e-01 9.61016396903234e-01 -3.67379315687743e-05 
9.64359247426340e-01 9.64353023640928e-01 -3.73221260932082e-05 
9.67696130635428e-01 9.67689639207406e-01 -3.78496250590191e-05 
9.71033013844515e-01 9.71026243071710e-01 -3.83157423686611e-05 
9.74369897053603e-01 9.74362834676749e-01 -3.87157981732940e-05 
9.77706780262691e-01 9.77699413438268e-01 -3.90451481362088e-05 
9.81043663471779e-01 9.81035978743765e-01 -3.92992152416620e-05 
9.84380546680866e-01 9.84372529951404e-01 -3.94735245036809e-05 
9.87717429889954e-01 9.87709066388950e-01 -3.95637406075621e-05 
9.91054313099042e-01 9.91045587352638e-01 -3.95657081253677e-05 
9.94391196308129e-01 9.94382092106085e-01 -3.94754954010673e-05 
9.97728079517217e-01 9.97718579879155e-01 -3.92894409238733e-05 
1.00106496272630e+00 1.00105504986687e+00 -3.90042034886889e-05 
1.00440184593539e+00 1.00439150122826e+00 -3.86168149648158e-05 
1.00773872914448e+00 1.00772793308530e+00 -3.81247370241239e-05 
1.01107561235357e+00 1.01106434452176e+00 -3.75259205451634e-05 
1.01441249556266e+00 1.01440073458214e+00 -3.68188690378866e-05 
1.01774937877174e+00 1.01773710227056e+00 -3.60027048331742e-05 
1.02108626198083e+00 1.02107344654974e+00 -3.50772391012370e-05 
1.02442314518992e+00 1.02440976633991e+00 -3.40430451819932e-05 
1.02776002839901e+00 1.02774606051786e+00 -3.29015346333270e-05 
1.03109691160809e+00 1.03108232791586e+00 -3.16550378312348e-05 
1.03443379481718e+00 1.03441856732078e+00 -3.03068865896807e-05 
1.03777067802627e+00 1.03775477747314e+00 -2.88615005544773e-05 
1.04110756123536e+00 1.04109095706626e+00 -2.73244766060798e-05 
1.04444444444444e+00 1.04442710474539e+00 -2.57026811439336e-05 
1.04778132765353e+00 1.04776321910696e+00 -2.40043449461003e-05 
1.05111821086262e+00 1.05109929869786e+00 -2.22391612226433e-05 
1.05445509407171e+00 1.05443534201473e+00 -2.04183855416951e-05 
1.05779197728080e+00 1.05777134750345e+00 -1.85549383839081e-05 
1.06112886048988e+00 1.06110731355849e+00 -1.66635092833028e-05 
1.06446574369897e+00 1.06444323852256e+00 -1.47606633673706e-05 
1.06780262690806e+00 1.06777912068617e+00 -1.28649483176276e-05 
1.07113951011715e+00 1.07111495828732e+00 -1.09970036015939e-05 
1.07447639332623e+00 1.07445074951133e+00 -9.17966933362584e-06 
1.07781327653532e+00 1.07778649249069e+00 -7.43809634831337e-06 
1.08115015974441e+00 1.08112218530505e+00 -5.79985565279345e-06 
1.08448704295350e+00 1.08445782598125e+00 -4.29504760999549e-06 
1.08782392616258e+00 1.08779341249352e+00 -2.95641037360868e-06 
1.09116080937167e+00 1.09112894276377e+00 -1.81942573241191e-06 
1.09449769258076e+00 1.09446441466190e+00 -9.22424429830919e-07 
1.09783457578985e+00 1.09779982600637e+00 -3.06687517213927e-07 
1.10117145899893e+00 1.10113517456474e+00 -1.65449940753547e-08 
1.10450834220802e+00 1.10447045805440e+00 -9.94706498071894e-08 
1.10784522541711e+00 1.10780567414340e+00 -6.06171213128093e-07 
1.11118210862620e+00 1.11114082045138e+00 -1.59067230470953e-06 
1.11451899183529e+00 1.11447589455060e+00 -3.11039494609472e-06 
1.11785587504437e+00 1.11781089396714e+00 -5.22622884885245e-06 
1.12119275825346e+00 1.12114581618212e+00 -8.00259493963147e-06 
1.12452964146255e+00 1.12448065863313e+00 -1.15075007732367e-05 
1.12786652467164e+00 1.12781541871564e+00 -1.58125862635927e-05 
1.13120340788072e+00 1.13115009378467e+00 -2.09931581180632e-05 
1.13454029108981e+00 1.13448468115637e+00 -2.71282145464745e-05 
1.13787717429890e+00 1.13781917810983e+00 -3.43004557305106e-05 
1.14121405750799e+00 1.14115358188893e+00 -4.25962820393139e-05 
1.14455094071707e+00 1.14448788970419e+00 -5.21057777989338e-05 
1.14788782392616e+00 1.14782209873480e+00 -6.29226790115745e-05 
1.15122470713525e+00 1.15115620613063e+00 -7.51443254910847e-05 
1.15456159034434e+00 1.15449020901423e+00 -8.88715948685075e-05 
1.15789847355343e+00 1.15782410448297e+00 -1.04208817419839e-04 
1.16123535676251e+00 1.16115788961113e+00 -1.21263672889448e-04 
1.16457223997160e+00 1.16449156145191e+00 -1.40147064803680e-04 
1.16790912318069e+00 1.16782511703953e+00 -1.60972973573043e-04 
1.17124600638978e+00 1.17115855339123e+00 -1.83858286958791e-04 
1.17458288959886e+00 1.17449186750918e+00 -2.08922605491021e-04 
1.17791977280795e+00 1.17782505638229e+00 -2.36288024996023e-04 
1.18125665601704e+00 1.18115811698798e+00 -2.66078889693240e-04 
1.18459353922613e+00 1.18449104629370e+00 -2.98421521593315e-04 
1.18793042243521e+00 1.18782384125832e+00 -3.33443919787139e-04 
1.19126730564430e+00 1.19115649883332e+00 -3.71275431209514e-04 
1.19460418885339e+00 1.19448901596374e+00 -4.12046392425007e-04 
1.19794107206248e+00 1.19782138958879e+00 -4.55887739412927e-04 
1.20127795527157e+00 1.20115361664226e+00 -5.02930587739738e-04 
1.20461483848065e+00 1.20448569405244e+00 -5.53305778509133e-04 
1.20795172168974e+00 1.20781761874177e+00 -6.07143394072162e-04 
1.21128860489883e+00 1.21114938762598e+00 -6.64572238666559e-04 
1.21462548810792e+00 1.21448099761272e+00 -7.25719287313190e-04 
1.21796237131700e+00 1.21781244559976e+00 -7.90709098671101e-04 
1.22129925452609e+00 1.22114372847246e+00 -8.59663196538851e-04 
1.22463613773518e+00 1.22447484310078e+00 -9.32699415892214e-04 
1.22797302094427e+00 1.22780578633540e+00 -1.00993121420858e-03 
1.23130990415335e+00 1.23113655500326e+00 -1.09146695153191e-03 
1.23464678736244e+00 1.23446714590224e+00 -1.17740913503490e-03 
1.23798367057153e+00 1.23779755579491e+00 -1.26785363206893e-03 
1.24132055378062e+00 1.24112778140144e+00 -1.36288885105235e-03 
1.24465743698971e+00 1.24445781939147e+00 -1.46259489182645e-03 
1.24799432019879e+00 1.24778766637495e+00 -1.56704266533990e-03 
1.25133120340788e+00 1.25111731889180e+00 -1.67629298589768e-03 
1.25466808661697e+00 1.25444677340042e+00 -1.79039563620157e-03 
1.25800496982606e+00 1.25777602626493e+00 -1.90938840802714e-03 
1.26134185303514e+00 1.26110507374107e+00 -2.03329611984897e-03 
1.26467873624423e+00 1.26443391196061e+00 -2.16212961407437e-03 
1.26801561945332e+00 1.26776253691441e+00 -2.29588473717843e-03 
1.27135250266241e+00 1.27109094443379e+00 -2.43454130539919e-03 
1.27468938587149e+00 1.27441913017030e+00 -2.57806205875525e-03 
1.27802626908058e+00 1.27774708957384e+00 -2.72639160815157e-03 
1.28136315228967e+00 1.28107481786882e+00 -2.87945537819543e-03 
1.28470003549876e+00 1.28440231002864e+00 -3.03715855262139e-03 
1.28803691870785e+00 1.28772956074808e+00 -3.19938502356360e-03 
1.29137380191693e+00 1.29105656441370e+00 -3.36599635304247e-03 
1.29471068512602e+00 1.29438331507216e+00 -3.53683075071334e-03 
1.29804756833511e+00 1.29770980639634e+00 -3.71170207386036e-03 
1.30138445154420e+00 1.30103603164920e+00 -3.89039885697956e-03 
1.30472133475328e+00 1.30436198364535e+00 -4.07268337684493e-03 
1.30805821796237e+00 1.30768765471019e+00 -4.25829076117674e-03 
1.31139510117146e+00 1.31101303663658e+00 -4.44692814931709e-03 
1.31473198438055e+00 1.31433812063907e+00 -4.63827391104800e-03 
1.31806886758963e+00 1.31766289730544e+00 -4.83197693577315e-03 
1.32140575079872e+00 1.32098735654568e+00 -5.02765599911139e-03 
1.32474263400781e+00 1.32431148753827e+00 -5.22489921690447e-03 
1.32807951721690e+00 1.32763527867372e+00 -5.42326359985079e-03 
1.33141640042599e+00 1.33095871749531e+00 -5.62227471593903e-03 
1.33475328363507e+00 1.33428179063715e+00 -5.82142647615461e-03 
1.33809016684416e+00 1.33760448375929e+00 -6.02018105259867e-03 
1.34142705005325e+00 1.34092678148009e+00 -6.21796894438449e-03 
1.34476393326234e+00 1.34424866730572e+00 -6.41418920364974e-03 
1.34810081647142e+00 1.34757012355685e+00 -6.60820983514795e-03 
1.35143769968051e+00 1.35089113129255e+00 -6.79936838590415e-03 
1.35477458288960e+00 1.35421167023137e+00 -6.98697273715609e-03 
1.35811146609869e+00 1.35753171866980e+00 -7.17030211795114e-03 
1.36144834930777e+00 1.36085125339797e+00 -7.34860835389188e-03 
1.36478523251686e+00 1.36417024961284e+00 -7.52111736905219e-03 
1.36812211572595e+00 1.36748868082888e+00 -7.68703095738156e-03 
1.37145899893504e+00 1.37080651878642e+00 -7.84552884331235e-03 
1.37479588214412e+00 1.37412373335778e+00 -7.99577104690936e-03 
1.37813276535321e+00 1.37744029245130e+00 -8.13690057448039e-03 
1.38146964856230e+00 1.38075616191358e+00 -8.26804645186476e-03 
1.38480653177139e+00 1.38407130542998e+00 -8.38832712016297e-03 
1.38814341498048e+00 1.38738568442376e+00 -8.49685421247139e-03 
1.39148029818956e+00 1.39069925795407e+00 -8.59273673055823e-03 
1.39481718139865e+00 1.39401198261306e+00 -8.67508564140161e-03 
1.39815406460774e+00 1.39732381242245e+00 -8.74301891136822e-03 
1.40149094781683e+00 1.40063469873004e+00 -8.79566699748758e-03 
1.40482783102591e+00 1.40394459010636e+00 -8.83217881213077e-03 
1.40816471423500e+00 1.40725343224204e+00 -8.85172818043775e-03 
1.41150159744409e+00 1.41056116784635e+00 -8.85352080582970e-03 
1.41483848065318e+00 1.41386773654734e+00 -8.83680175838666e-03 
1.41817536386226e+00 1.41717307479424e+00 -8.80086350185873e-03 
1.42151224707135e+00 1.42047711576261e+00 -8.74505447089746e-03 
1.42484913028044e+00 1.42377978926300e+00 -8.66878820882340e-03 
1.42818601348953e+00 1.42708102165353e+00 -8.57155307634739e-03 
1.43152289669862e+00 1.43038073575744e+00 -8.45292253671403e-03 
1.43485977990770e+00 1.43367885078611e+00 -8.31256602151427e-03 
1.43819666311679e+00 1.43697528226831e+00 -8.15026037790186e-03 
1.44153354632588e+00 1.44026994198672e+00 -7.96590189578506e-03 
1.44487042953497e+00 1.44356273792237e+00 -7.75951890893295e-03 
1.44820731274405e+00 1.44685357420787e+00 -7.53128495968341e-03 
1.45154419595314e+00 1.45014235109046e+00 -7.28153251503431e-03 
1.45488107916223e+00 1.45342896490573e+00 -7.01076721385068e-03 
1.45821796237132e+00 1.45671330806289e+00 -6.71968262405773e-03 
1.46155484558040e+00 1.45999526904264e+00 -6.40917547888903e-03 
1.46489172878949e+00 1.46327473240846e+00 -6.08036136132121e-03 
1.46822861199858e+00 1.46655157883238e+00 -5.73459079539432e-03 
1.47156549520767e+00 1.46982568513607e+00 -5.37346569748111e-03 
1.47490237841676e+00 1.47309692434814e+00 -4.99885614074610e-03 
1.47823926162584e+00 1.47636516577856e+00 -4.61291736959432e-03 
1.48157614483493e+00 1.47963027511100e+00 -4.21810700344089e-03 
1.48491302804402e+00 1.48289211451377e+00 -3.81720235804971e-03 
1.48824991125311e+00 1.48615054277019e+00 -3.41331780876673e-03 
1.49158679446219e+00 1.48940541542875e+00 -3.00992211216213e-03 
1.49492367767128e+00 1.49265658497390e+00 -2.61085559765677e-03 
1.49826056088037e+00 1.49590390101746e+00 -2.22034713633957e-03 
1.50159744408946e+00 1.49914721051130e+00 -1.84303078612947e-03 
1.50493432729854e+00 1.50238635798109e+00 -1.48396201259451e-03 
1.50827121050763e+00 1.50562118578137e+00 -1.14863337551673e-03 
1.51160809371672e+00 1.50885153437155e+00 -8.42989573894797e-04 
1.51494497692581e+00 1.51207724261262e+00 -5.73441734410070e-04 
1.51828186013490e+00 1.51529814808403e+00 -3.46880833730088e-04 
1.52161874334398e+00 1.51851408741991e+00 -1.70690137684869e-04 
1.52495562655307e+00 1.52172489666388e+00 -5.27565489389449e-05 
1.52829250976216e+00 1.52493041164127e+00 -1.48075093591294e-06 
1.53162939297125e+00 1.52813046834738e+00 -2.57860448733780e-05 
1.53496627618033e+00 1.53132490335047e+00 -1.35125776953430e-04 
1.53830315938942e+00 1.53451355420759e+00 -3.39489264608577e-04 
1.54164004259851e+00 1.53769625989159e+00 -6.49406133725888e-04 
1.54497692580760e+00 1.54087286122710e+00 -1.07594899130258e-03 
1.54831380901668e+00 1.54404320133339e+00 -1.63073436759435e-03 
1.55165069222577e+00 1.54720712607183e+00 -2.32592187322081e-03 
1.55498757543486e+00 1.55036448449538e+00 -3.17421153008312e-03 
1.55832445864395e+00 1.55351512929767e+00 -4.18883924938589e-03 
1.56166134185304e+00 1.55665891725904e+00 -5.38357044368247e-03 
1.56499822506212e+00 1.55979570968687e+00 -6.77269177478591e-03 
1.56833510827121e+00 1.56292537284752e+00 -8.37100106043187e-03 
1.57167199148030e+00 1.56604777838732e+00 -1.01937953678611e-02 
1.57500887468939e+00 1.56916280373986e+00 -1.22568573494190e-02 
1.57834575789847e+00 1.57227033251717e+00 -1.45764398879106e-02 
1.58168264110756e+00 1.57537025488229e+00 -1.71692491280629e-02 
1.58501952431665e+00 1.57846246790107e+00 -2.00524259954129e-02 
1.58835640752574e+00 1.58154687587081e+00 -2.32435263100519e-02 
1.59169329073482e+00 1.58462339062418e+00 -2.67604996182133e-02 
1.59503017394391e+00 1.58769193180634e+00 -3.06216668745426e-02 
1.59836705715300e+00 1.59075242712400e+00 -3.48456971183760e-02 
1.60170394036209e+00 1.59380481256508e+00 -3.94515832965324e-02 
1.60504082357118e+00 1.59684903258800e+00 -4.44586173843246e-02 
1.60837770678026e+00 1.59988504027996e+00 -4.98863649744261e-02 
1.61171458998935e+00 1.60291279748354e+00 -5.57546394883504e-02 
1.61505147319844e+00 1.60593227489180e+00 -6.20834761817007e-02 
1.61838835640753e+00 1.60894345211173e+00 -6.88931061027372e-02 
1.62172523961661e+00 1.61194631769638e+00 -7.62039301654710e-02 
1.62506212282570e+00 1.61494086914661e+00 -8.40364934900506e-02 
1.62839900603479e+00 1.61792711288290e+00 -9.24114601645194e-02 
1.63173588924388e+00 1.62090506418866e+00 -1.01349588561040e-01 
1.63507277245296e+00 1.62387474712609e+00 -1.10871707347139e-01 
1.63840965566205e+00 1.62683619442615e+00 -1.20998692305687e-01 
1.64174653887114e+00 1.62978944735428e+00 -1.31751444081344e-01 
1.64508342208023e+00 1.63273455555357e+00 -1.43150866946979e-01 
1.64842030528931e+00 1.63567157686730e+00 -1.55217848680689e-01 
1.65175718849840e+00 1.63860057714276e+00 -1.67973241624819e-01 
1.65509407170749e+00 1.64152163001839e+00 -1.81437844992154e-01 
1.65843095491658e+00 1.64443481669628e+00 -1.95632388463000e-01 
1.66176783812567e+00 1.64734022570208e+00 -2.10577517115730e-01 
1.66510472133475e+00 1.65023795263445e+00 -2.26293777709948e-01 
1.66844160454384e+00 1.65312809990595e+00 -2.42801606339445e-01 
1.67177848775293e+00 1.65601077647751e+00 -2.60121317453643e-01 
1.67511537096202e+00 1.65888609758824e+00 -2.78273094241238e-01 
1.67845225417110e+00 1.66175418448261e+00 -2.97276980357514e-01 
1.68178913738019e+00 1.66461516413660e+00 -3.17152872968101e-01 
1.68512602058928e+00 1.66746916898465e+00 -3.37920517076817e-01 
1.68846290379837e+00 1.67031633664878e+00 -3.59599501093181e-01 
1.69179978700745e+00 1.67315680967159e+00 -3.82209253594690e-01 
1.69513667021654e+00 1.67599073525416e+00 -4.05769041229467e-01 
1.69847355342563e+00 1.67881826500043e+00 -4.30297967703026e-01 
1.70181043663472e+00 1.68163955466890e+00 -4.55814973787442e-01 
1.70514731984381e+00 1.68445476393269e+00 -4.82338838290041e-01 
1.70848420305289e+00 1.68726405614899e+00 -5.09888179915727e-01 
1.71182108626198e+00 1.69006759813844e+00 -5.38481459955230e-01 
1.71515796947107e+00 1.69286555997528e+00 -5.68136985731675e-01 
1.71849485268016e+00 1.69565811478872e+00 -5.98872914737408e-01 
1.72183173588924e+00 1.69844543857595e+00 -6.30707259392242e-01 
1.72516861909833e+00 1.70122771002730e+00 -6.63657892356001e-01 
1.72850550230742e+00 1.70400511036368e+00 -6.97742552329713e-01 
1.73184238551651e+00 1.70677782318648e+00 -7.32978850278770e-01 
1.73517926872559e+00 1.70954603434020e+00 -7.69384276015898e-01 
1.73851615193468e+00 1.71230993178762e+00 -8.06976205081558e-01 
1.74185303514377e+00 1.71506970549776e+00 -8.45771905863128e-01 
1.74518991835286e+00 1.71782554734626e+00 -8.85788546892898e-01 
1.74852680156195e+00 1.72057765102832e+00 -9.27043204272212e-01 
1.75186368477103e+00 1.72332621198384e+00 -9.69552869167131e-01 
1.75520056798012e+00 1.72607142733455e+00 -1.01333445532468e+00 
1.75853745118921e+00 1.72881349583302e+00 -1.05840480656138e+00 
1.76187433439830e+00 1.73155261782309e+00 -1.10478070417757e+00 
1.76521121760738e+00 1.73428899521140e+00 -1.15247887425229e+00 
1.76854810081647e+00 1.73702283144992e+00 -1.20151599477850e+00 
1.77188498402556e+00 1.73975433152866e+00 -1.25190870259525e+00 
1.77522186723465e+00 1.74248370197858e+00 -1.30367360008246e+00 
1.77855875044373e+00 1.74521115088411e+00 -1.35682726157854e+00 
1.78189563365282e+00 1.74793688790475e+00 -1.41138623948643e+00 
1.78523251686191e+00 1.75066112430551e+00 -1.46736707003782e+00 
1.78856940007100e+00 1.75338407299554e+00 -1.52478627868039e+00 
1.79190628328009e+00 1.75610594857450e+00 -1.58366038505979e+00 
1.79524316648917e+00 1.75882696738636e+00 -1.64400590756887e+00 
1.79858004969826e+00 1.76154734757971e+00 -1.70583936743328e+00 
1.80191693290735e+00 1.76426730917455e+00 -1.76917729231155e+00 
1.80525381611644e+00 1.76698707413453e+00 -1.83403621938125e+00 
1.80859069932552e+00 1.76970686644447e+00 -1.90043269789111e+00 
1.81192758253461e+00 1.77242691219231e+00 -1.96838329115333e+00 
1.81526446574370e+00 1.77514743965495e+00 -2.03790457795653e+00 
1.81860134895279e+00 1.77786867938756e+00 -2.10901315338098e+00 
1.82193823216187e+00 1.78059086431528e+00 -2.18172562899381e+00 
1.82527511537096e+00 1.78331422982712e+00 -2.25605863240983e+00 
1.82861199858005e+00 1.78603901387107e+00 -2.33202880620264e+00 
1.83194888178914e+00 1.78876545704972e+00 -2.40965280614791e+00 
1.83528576499823e+00 1.79149380271585e+00 -2.48894729879093e+00 
1.83862264820731e+00 1.79422429706692e+00 -2.56992895832468e+00 
1.84195953141640e+00 1.79695718923793e+00 -2.65261446277138e+00 
1.84529641462549e+00 1.79969273139169e+00 -2.73702048945933e+00 
1.84863329783458e+00 1.80243117880557e+00 -2.82316370979426e+00 
1.85197018104366e+00 1.80517278995409e+00 -2.91106078331896e+00 
1.85530706425275e+00 1.80791782658622e+00 -3.00072835106922e+00 
1.85864394746184e+00 1.81066655379644e+00 -3.09218302822420e+00 
1.86198083067093e+00 1.81341924008889e+00 -3.18544139606539e+00 
1.86531771388001e+00 1.81617615743322e+00 -3.28051999325282e+00 
1.86865459708910e+00 1.81893758131148e+00 -3.37743530643632e+00 
1.87199148029819e+00 1.82170379075483e+00 -3.47620376022207e+00 
1.87532836350728e+00 1.82447506836916e+00 -3.57684170652020e+00 
1.87866524671637e+00 1.82725170034853e+00 -3.67936541330388e+00 
1.88200212992545e+00 1.83003397647543e+00 -3.78379105281472e+00 
1.88533901313454e+00 1.83282219010681e+00 -3.89013468925792e+00 
1.88867589634363e+00 1.83561663814499e+00 -3.99841226603050e+00 
1.89201277955272e+00 1.83841762099227e+00 -4.10863959254154e+00 
1.89534966276180e+00 1.84122544248856e+00 -4.22083233067515e+00 
1.89868654597089e+00 1.84404040983084e+00 -4.33500598097001e+00 
1.90202342917998e+00 1.84686283347396e+00 -4.45117586858147e+00 
1.90536031238907e+00 1.84969302701165e+00 -4.56935712910544e+00 
1.90869719559815e+00 1.85253130703736e+00 -4.68956469434806e+00 
1.91203407880724e+00 1.85537799298417e+00 -4.81181327813099e+00 
1.91537096201633e+00 1.85823340694330e+00 -4.93611736222575e+00 
1.91870784522542e+00 1.86109787346090e+00 -5.06249118252011e+00 
1.92204472843450e+00 1.86397171931290e+00 -5.19094871551894e+00 
1.92538161164359e+00 1.86685527325776e+00 -5.32150366528963e+00 
1.92871849485268e+00 1.86974886576725e+00 -5.45416945096390e+00 
1.93205537806177e+00 1.87265282873546e+00 -5.58895919491224e+00 
1.93539226127086e+00 1.87556749516655e+00 -5.72588571170375e+00 
1.93872914447994e+00 1.87849319884162e+00 -5.86496149797198e+00 
1.94206602768903e+00 1.88143027396582e+00 -6.00619872329978e+00 
1.94540291089812e+00 1.88437905479629e+00 -6.14960922223927e+00 
1.94873979410721e+00 1.88733987525252e+00 -6.29520448757591e+00 
1.95207667731629e+00 1.89031306851021e+00 -6.44299566494573e+00 
1.95541356052538e+00 1.89329896658027e+00 -6.59299354890230e+00 
1.95875044373447e+00 1.89629789987487e+00 -6.74520858053047e+00 
1.96208732694356e+00 1.89931019676227e+00 -6.89965084668966e+00 
1.96542421015264e+00 1.90233618311264e+00 -7.05633008096066e+00 
1.96876109336173e+00 1.90537618183715e+00 -7.21525566635955e+00 
1.97209797657082e+00 1.90843051242257e+00 -7.37643663987030e+00 
1.97543485977991e+00 1.91149949046405e+00 -7.53988169883267e+00 
1.97877174298900e+00 1.91458342719857e+00 -7.70559920920810e+00 
1.98210862619808e+00 1.91768262904157e+00 -7.87359721573179e+00 
1.98544550940717e+00 1.92079739712970e+00 -8.04388345394321e+00 
1.98878239261626e+00 1.92392802687210e+00 -8.21646536407006e+00 
1.99211927582535e+00 1.92707480751304e+00 -8.39135010672707e+00 
1.99545615903443e+00 1.93023802170830e+00 -8.56854458037424e+00 
1.99879304224352e+00 1.93341794511800e+00 -8.74805544045780e+00 
2.00212992545261e+00 1.93661484601809e+00 -8.92988912015582e+00 
2.00546680866170e+00 1.93982898493283e+00 -9.11405185262010e+00 
2.00880369187078e+00 1.94306061429016e+00 -9.30054969460391e+00 
2.01214057507987e+00 1.94630997810204e+00 -9.48938855134835e+00 
2.01547745828896e+00 1.94957731167114e+00 -9.68057420259317e+00 
2.01881434149805e+00 1.95286284132550e+00 -9.87411232956346e+00 
2.02215122470714e+00 1.95616678418212e+00 -1.00700085427829e+01 
2.02548810791622e+00 1.95948934794043e+00 -1.02682684105541e+01 
2.02882499112531e+00 1.96283073070626e+00 -1.04688974879448e+01 
2.03216187433440e+00 1.96619112084672e+00 -1.06719013461182e+01 
2.03549875754349e+00 1.96957069687574e+00 -1.08772856018429e+01 
2.03883564075257e+00 1.97296962737054e+00 -1.10850559470242e+01 
2.04217252396166e+00 1.97638807091807e+00 -1.12952181780965e+01 
2.04550940717075e+00 1.97982617609120e+00 -1.15077782251297e+01 
2.04884629037984e+00 1.98328408145326e+00 -1.17227421805008e+01 
2.05218317358892e+00 1.98676191559011e+00 -1.19401163269974e+01 
2.05552005679801e+00 1.99025979716828e+00 -1.21599071652240e+01 
2.05885694000710e+00 1.99377783501768e+00 -1.23821214401983e+01 
2.06219382321619e+00 1.99731612823718e+00 -1.26067661670258e+01 
2.06553070642528e+00 2.00087476632141e+00 -1.28338486555681e+01 
2.06886758963436e+00 2.00445382930673e+00 -1.30633765340153e+01 
2.07220447284345e+00 2.00805338793460e+00 -1.32953577712981e+01 
2.07554135605254e+00 2.01167350383026e+00 -1.35298006982841e+01 
2.07887823926163e+00 2.01531422969472e+00 -1.37667140277110e+01 
2.08221512247071e+00 2.01897560950803e+00 -1.40061068728274e+01 
2.08555200567980e+00 2.02265767874189e+00 -1.42479887647199e+01 
2.08888888888889e+00 2.02636046457948e+00 -1.44923696683162e+01 
2.09222577209798e+00 2.03008398614080e+00 -1.47392599970682e+01 
2.09556265530706e+00 2.03382825471160e+00 -1.49886706263221e+01 
2.09889953851615e+00 2.03759327397395e+00 -1.52406129053975e+01 
2.10223642172524e+00 2.04137904023714e+00 -1.54950986684034e+01 
2.10557330493433e+00 2.04518554266696e+00 -1.57521402438223e+01 
2.10891018814341e+00 2.04901276351221e+00 -1.60117504629092e+01 
2.11224707135250e+00 2.05286067832690e+00 -1.62739426669455e+01 
2.11558395456159e+00 2.05672925618691e+00 -1.65387307134026e+01 
2.11892083777068e+00 2.06061845990008e+00 -1.68061289810705e+01 
2.12225772097977e+00 2.06452824620874e+00 -1.70761523742007e+01 
2.12559460418885e+00 2.06845856598362e+00 -1.73488163257362e+01 
2.12893148739794e+00 2.07240936440855e+00 -1.76241367996764e+01 
2.13226837060703e+00 2.07638058115517e+00 -1.79021302926438e+01 
2.13560525381612e+00 2.08037215054724e+00 -1.81828138347151e+01 
2.13894213702520e+00 2.08438400171386e+00 -1.84662049895760e+01 
2.14227902023429e+00 2.08841605873140e+00 -1.87523218540576e+01 
2.14561590344338e+00 2.09246824075383e+00 -1.90411830571170e+01 
2.14895278665247e+00 2.09654046213126e+00 -1.93328077583174e+01 
2.15228966986155e+00 2.10063263251650e+00 -1.96272156458599e+01 
2.15562655307064e+00 2.10474465695968e+00 -1.99244269342250e+01 
2.15896343627973e+00 2.10887643599082e+00 -2.02244623614695e+01 
2.16230031948882e+00 2.11302786569055e+00 -2.05273431862266e+01 
2.16563720269791e+00 2.11719883774907e+00 -2.08330911844590e+01 
2.16897408590699e+00 2.12138923951328e+00 -2.11417286459971e+01 
2.17231096911608e+00 2.12559895402265e+00 -2.14532783709129e+01 
2.17564785232517e+00 2.12982786003377e+00 -2.17677636657549e+01 
2.17898473553426e+00 2.13407583203390e+00 -2.20852083396868e+01 
2.18232161874334e+00 2.13834274024383e+00 -2.24056367005521e+01 
2.18565850195243e+00 2.14262845061034e+00 -2.27290735508973e+01 
2.18899538516152e+00 2.14693282478849e+00 -2.30555441839778e+01 
2.19233226837061e+00 2.15125572011417e+00 -2.33850743797668e+01 
2.19566915157969e+00 2.15559698956709e+00 -2.37176904009893e+01 
2.19900603478878e+00 2.15995648172465e+00 -2.40534189891970e+01 
2.20234291799787e+00 2.16433404070695e+00 -2.43922873608996e+01 
2.20567980120696e+00 2.16872950611323e+00 -2.47343232037659e+01 
2.20901668441605e+00 2.17314271295025e+00 -2.50795546729048e+01 
2.21235356762513e+00 2.17757349155250e+00 -2.54280103872351e+01 
2.21569045083422e+00 2.18202166749510e+00 -2.57797194259526e+01 
2.21902733404331e+00 2.18648706149918e+00 -2.61347113250966e+01 
2.22236421725240e+00 2.19096948933034e+00 -2.64930160742238e+01 
2.22570110046148e+00 2.19546876169034e+00 -2.68546641131905e+01 
2.22903798367057e+00 2.19998468410224e+00 -2.72196863290406e+01 
2.23237486687966e+00 2.20451705678940e+00 -2.75881140530052e+01 
2.23571175008875e+00 2.20906567454834e+00 -2.79599790576084e+01 
2.23904863329783e+00 2.21363032661601e+00 -2.83353135538782e+01 
2.24238551650692e+00 2.21821079653124e+00 -2.87141501886580e+01 
2.24572239971601e+00 2.22280686199098e+00 -2.90965220420180e+01 
2.24905928292510e+00 2.22741829470132e+00 -2.94824626247561e+01 
2.25239616613419e+00 2.23204486022349e+00 -2.98720058759886e+01 
2.25573304934327e+00 2.23668631781494e+00 -3.02651861608180e+01 
2.25906993255236e+00 2.24134242026579e+00 -3.06620382680779e+01 
2.26240681576145e+00 2.24601291373063e+00 -3.10625974081420e+01 
2.26574369897054e+00 2.25069753755594e+00 -3.14668992107910e+01 
2.26908058217962e+00 2.25539602410313e+00 -3.18749797231327e+01 
2.27241746538871e+00 2.26010809856734e+00 -3.22868754075584e+01 
2.27575434859780e+00 2.26483347879210e+00 -3.27026231397375e+01 
2.27909123180689e+00 2.26957187507996e+00 -3.31222602066313e+01 
2.28242811501597e+00 2.27432298999913e+00 -3.35458243045208e+01 
2.28576499822506e+00 2.27908651818610e+00 -3.39733535370417e+01 
2.28910188143415e+00 2.28386214614459e+00 -3.44048864132088e+01 
2.29243876464324e+00 2.28864955204054e+00 -3.48404618454283e+01 
2.29577564785233e+00 2.29344840549330e+00 -3.52801191474805e+01 
2.29911253106141e+00 2.29825836736331e+00 -3.57238980324683e+01 
2.30244941427050e+00 2.30307908953578e+00 -3.61718386107162e+01 
2.30578629747959e+00 2.30791021470090e+00 -3.66239813876125e+01 
2.30912318068868e+00 2.31275137613034e+00 -3.70803672613825e+01 
2.31246006389776e+00 2.31760219745009e+00 -3.75410375207807e+01 
2.31579694710685e+00 2.32246229240963e+00 -3.80060338426949e+01 
2.31913383031594e+00 2.32733126464755e+00 -3.84753982896441e+01 
2.32247071352503e+00 2.33220870745352e+00 -3.89491733071688e+01 
2.32580759673411e+00 2.33709420352660e+00 -3.94274017210925e+01 
2.32914447994320e+00 2.34198732472995e+00 -3.99101267346507e+01 
2.33248136315229e+00 2.34688763184193e+00 -4.03973919254695e+01 
2.33581824636138e+00 2.35179467430356e+00 -4.08892412423904e+01 
2.33915512957046e+00 2.35670798996228e+00 -4.13857190021207e+01 
2.34249201277955e+00 2.36162710481218e+00 -4.18868698857047e+01 
2.34582889598864e+00 2.36655153273043e+00 -4.23927389347987e+01 
2.34916577919773e+00 2.37148077521015e+00 -4.29033715477460e+01 
2.35250266240682e+00 2.37641432108959e+00 -4.34188134754246e+01 
2.35583954561590e+00 2.38135164627757e+00 -4.39391108168776e+01 
2.35917642882499e+00 2.38629221347528e+00 -4.44643100146915e+01 
2.36251331203408e+00 2.39123547189440e+00 -4.49944578501262e+01 
2.36585019524317e+00 2.39618085697152e+00 -4.55296014379751e+01 
2.36918707845225e+00 2.40112779007873e+00 -4.60697882211488e+01 
2.37252396166134e+00 2.40607567823074e+00 -4.66150659649644e+01 
2.37586084487043e+00 2.41102391378810e+00 -4.71654827511312e+01 
2.37919772807952e+00 2.41597187415685e+00 -4.77210869714180e+01 
2.38253461128861e+00 2.42091892148441e+00 -4.82819273209891e+01 
2.38587149449769e+00 2.42586440235181e+00 -4.88480527913972e+01 
2.38920837770678e+00 2.43080764746234e+00 -4.94195126632142e+01 
2.39254526091587e+00 2.43574797132642e+00 -4.99963564982968e+01 
2.39588214412496e+00 2.44068467194296e+00 -5.05786341316593e+01 
2.39921902733404e+00 2.44561703047713e+00 -5.11663956629525e+01 
2.40255591054313e+00 2.45054431093448e+00 -5.17596914475240e+01 
2.40589279375222e+00 2.45546575983163e+00 -5.23585720870534e+01 
2.40922967696131e+00 2.46038060586353e+00 -5.29630884197435e+01 
2.41256656017039e+00 2.46528805956712e+00 -5.35732915100514e+01 
2.41590344337948e+00 2.47018731298176e+00 -5.41892326379499e+01 
2.41924032658857e+00 2.47507753930641e+00 -5.48109632876993e+01 
2.42257720979766e+00 2.47995789255329e+00 -5.54385351361129e+01 
2.42591409300675e+00 2.48482750719874e+00 -5.60720000403091e+01 
2.42925097621583e+00 2.48968549783076e+00 -5.67114100249222e+01 
2.43258785942492e+00 2.49453095879356e+00 -5.73568172687658e+01 
2.43592474263401e+00 2.49936296382934e+00 -5.80082740909272e+01 
2.43926162584310e+00 2.50418056571721e+00 -5.86658329362791e+01 
2.44259850905218e+00 2.50898279590942e+00 -5.93295463603888e+01 
2.44593539226127e+00 2.51376866416507e+00 -5.99994670138113e+01 
2.44927227547036e+00 2.51853715818143e+00 -6.06756476257481e+01 
2.45260915867945e+00 2.52328724322292e+00 -6.13581409870563e+01 
2.45594604188853e+00 2.52801786174801e+00 -6.20469999325821e+01 
2.45928292509762e+00 2.53272793303421e+00 -6.27422773228170e+01 
2.46261980830671e+00 2.53741635280116e+00 -6.34440260248436e+01 
2.46595669151580e+00 2.54208199283227e+00 -6.41522988925575e+01 
2.46929357472488e+00 2.54672370059483e+00 -6.48671487461612e+01 
2.47263045793397e+00 2.55134029885902e+00 -6.55886283508827e+01 
2.47596734114306e+00 2.55593058531588e+00 -6.63167903949322e+01 
2.47930422435215e+00 2.56049333219462e+00 -6.70516874666561e+01 
2.48264110756124e+00 2.56502728587932e+00 -6.77933720308818e+01 
2.48597799077032e+00 2.56953116652557e+00 -6.85418964044291e+01 
2.48931487397941e+00 2.57400366767697e+00 -6.92973127307722e+01 
2.49265175718850e+00 2.57844345588209e+00 -7.00596729538342e+01 
2.49598864039759e+00 2.58284917031198e+00 -7.08290287908930e+01 
2.49932552360667e+00 2.58721942237867e+00 -7.16054317045807e+01 
2.50266240681576e+00 2.59155279535497e+00 -7.23889328739629e+01 
2.50599929002485e+00 2.59584784399579e+00 -7.31795831646713e+01 
2.50933617323394e+00 2.60010309416156e+00 -7.39774330980751e+01 
2.51267305644302e+00 2.60431704244406e+00 -7.47825328194785e+01 
2.51600993965211e+00 2.60848815579479e+00 -7.55949320653137e+01 
2.51934682286120e+00 2.61261487115680e+00 -7.64146801293229e+01 
2.52268370607029e+00 2.61669559509991e+00 -7.72418258277057e+01 
2.52602058927938e+00 2.62072870346019e+00 -7.80764174632182e+01 
2.52935747248846e+00 2.62471254098377e+00 -7.89185027882004e+01 
2.53269435569755e+00 2.62864542097583e+00 -7.97681289665213e+01 
2.53603123890664e+00 2.63252562495501e+00 -8.06253425344219e+01 
2.53936812211573e+00 2.63635140231393e+00 -8.14901893602421e+01 
2.54270500532481e+00 2.64012096998623e+00 -8.23627146030115e+01 
2.54604188853390e+00 2.64383251212090e+00 -8.32429626698953e+01 
2.54937877174299e+00 2.64748417976416e+00 -8.41309771724730e+01 
2.55271565495208e+00 2.65107409054984e+00 -8.50268008818426e+01 
2.55605253816116e+00 2.65460032839870e+00 -8.59304756825344e+01 
2.55938942137025e+00 2.65806094322725e+00 -8.68420425252155e+01 
2.56272630457934e+00 2.66145395066705e+00 -8.77615413781885e+01 
2.56606318778843e+00 2.66477733179482e+00 -8.86890111776528e+01 
2.56940007099752e+00 2.66802903287430e+00 -8.96244897767333e+01 
2.57273695420660e+00 2.67120696511053e+00 -9.05680138932625e+01 
2.57607383741569e+00 2.67430900441730e+00 -9.15196190563076e+01 
2.57941072062478e+00 2.67733299119841e+00 -9.24793395514264e+01 
2.58274760383387e+00 2.68027673014395e+00 -9.34472083646663e+01 
2.58608448704295e+00 2.68313799004186e+00 -9.44232571252803e+01 
2.58942137025204e+00 2.68591450360602e+00 -9.54075160471646e+01 
2.59275825346113e+00 2.68860396732157e+00 -9.64000138690181e+01 
2.59609513667022e+00 2.69120404130836e+00 -9.74007777932163e+01 
2.59943201987930e+00 2.69371234920348e+00 -9.84098334234048e+01 
2.60276890308839e+00 2.69612647806371e+00 -9.94272047008108e+01 
2.60610578629748e+00 2.69844397828886e+00 -1.00452913839280e+02 
2.60944266950657e+00 2.70066236356711e+00 -1.01486981259037e+02 
2.61277955271566e+00 2.70277911084304e+00 -1.02529425519186e+02 
2.61611643592474e+00 2.70479166030962e+00 -1.03580263248947e+02 
2.61945331913383e+00 2.70669741542518e+00 -1.04639509077664e+02 
2.62279020234292e+00 2.70849374295599e+00 -1.05707175563553e+02 
2.62612708555201e+00 2.71017797304621e+00 -1.06783273121259e+02 
2.62946396876109e+00 2.71174739931565e+00 -1.07867809948196e+02 
2.63280085197018e+00 2.71319927898672e+00 -1.08960791949716e+02 
2.63613773517927e+00 2.71453083304173e+00 -1.10062222663108e+02 
2.63947461838836e+00 2.71573924641136e+00 -1.11172103180473e+02 
2.64281150159744e+00 2.71682166819591e+00 -1.12290432070488e+02 
2.64614838480653e+00 2.71777521191992e+00 -1.13417205299086e+02 
2.64948526801562e+00 2.71859695582176e+00 -1.14552416149099e+02 
2.65282215122471e+00 2.71928394317912e+00 -1.15696055138885e+02 
2.65615903443379e+00 2.71983318267161e+00 -1.16848109939988e+02 
2.65949591764288e+00 2.72024164878169e+00 -1.18008565293859e+02 
2.66283280085197e+00 2.72050628223512e+00 -1.19177402927698e+02 
2.66616968406106e+00 2.72062399048197e+00 -1.20354601469456e+02 
2.66950656727015e+00 2.72059164821960e+00 -1.21540136362044e+02 
2.67284345047923e+00 2.72040609795856e+00 -1.22733979776813e+02 
2.67618033368832e+00 2.72006415063277e+00 -1.23936100526354e+02 
2.67951721689741e+00 2.71956258625505e+00 -1.25146463976685e+02 
2.68285410010650e+00 2.71889815461923e+00 -1.26365031958888e+02 
2.68619098331558e+00 2.71806757604992e+00 -1.27591762680260e+02 
2.68952786652467e+00 2.71706754220116e+00 -1.28826610635056e+02 
2.69286474973376e+00 2.71589471690500e+00 -1.30069526514899e+02 
2.69620163294285e+00 2.71454573707123e+00 -1.31320457118931e+02 
2.69953851615193e+00 2.71301721363923e+00 -1.32579345263795e+02 
2.70287539936102e+00 2.71130573258312e+00 -1.33846129693534e+02 
2.70621228257011e+00 2.70940785597113e+00 -1.35120744989492e+02 
2.70954916577920e+00 2.70732012308026e+00 -1.36403121480327e+02 
2.71288604898829e+00 2.70503905156735e+00 -1.37693185152213e+02 
2.71622293219737e+00 2.70256113869724e+00 -1.38990857559358e+02 
2.71955981540646e+00 2.69988286262898e+00 -1.40296055734927e+02 
2.72289669861555e+00 2.69700068376136e+00 -1.41608692102497e+02 
2.72623358182464e+00 2.69391104613778e+00 -1.42928674388137e+02 
2.72957046503372e+00 2.69061037891212e+00 -1.44255905533264e+02 
2.73290734824281e+00 2.68709509787561e+00 -1.45590283608363e+02 
2.73624423145190e+00 2.68336160704579e+00 -1.46931701727732e+02 
2.73958111466099e+00 2.67940630031796e+00 -1.48280047965355e+02 
2.74291799787007e+00 2.67522556317969e+00 -1.49635205272052e+02 
2.74625488107916e+00 2.67081577448893e+00 -1.50997051394054e+02 
2.74959176428825e+00 2.66617330831598e+00 -1.52365458793114e+02 
2.75292864749734e+00 2.66129453584976e+00 -1.53740294568336e+02 
2.75626553070642e+00 2.65617582736854e+00 -1.55121420379851e+02 
2.75960241391551e+00 2.65081355427526e+00 -1.56508692374493e+02 
2.76293929712460e+00 2.64520409119769e+00 -1.57901961113638e+02 
2.76627618033369e+00 2.63934381815308e+00 -1.59301071503364e+02 
2.76961306354278e+00 2.63322912277753e+00 -1.60705862727087e+02 
2.77294994675186e+00 2.62685640261957e+00 -1.62116168180847e+02 
2.77628682996095e+00 2.62022206749774e+00 -1.63531815411402e+02 
2.77962371317004e+00 2.61332254192191e+00 -1.64952626057311e+02 
2.78296059637913e+00 2.60615426757728e+00 -1.66378415793162e+02 
2.78629747958821e+00 2.59871370587122e+00 -1.67808994277135e+02 
2.78963436279730e+00 2.59099734054119e+00 -1.69244165102068e+02 
2.79297124600639e+00 2.58300168032374e+00 -1.70683725750191e+02 
2.79630812921548e+00 2.57472326168304e+00 -1.72127467551733e+02 
2.79964501242457e+00 2.56615865159779e+00 -1.73575175647552e+02 
2.80298189563365e+00 2.55730445040570e+00 -1.75026628955988e+02 
2.80631877884274e+00 2.54815729470335e+00 -1.76481600144102e+02 
2.80965566205183e+00 2.53871386030078e+00 -1.77939855603493e+02 
2.81299254526092e+00 2.52897086522826e+00 -1.79401155430867e+02 
2.81632942847000e+00 2.51892507279411e+00 -1.80865253413533e+02 
2.81966631167909e+00 2.50857329469110e+00 -1.82331897020004e+02 
2.82300319488818e+00 2.49791239414966e+00 -1.83800827395882e+02 
2.82634007809727e+00 2.48693928913531e+00 -1.85271779365198e+02 
2.82967696130635e+00 2.47565095558834e+00 -1.86744481437367e+02 
2.83301384451544e+00 2.46404443070255e+00 -1.88218655819949e+02 
2.83635072772453e+00 2.45211681624120e+00 -1.89694018437362e+02 
2.83968761093362e+00 2.43986528188638e+00 -1.91170278955701e+02 
2.84302449414271e+00 2.42728706861953e+00 -1.92647140813852e+02 
2.84636137735179e+00 2.41437949212961e+00 -1.94124301261020e+02 
2.84969826056088e+00 2.40113994624565e+00 -1.95601451400829e+02 
2.85303514376997e+00 2.38756590639045e+00 -1.97078276242149e+02 
2.85637202697906e+00 2.37365493305147e+00 -1.98554454756761e+02 
2.85970891018814e+00 2.35940467526562e+00 -2.00029659944014e+02 
2.86304579339723e+00 2.34481287411370e+00 -2.01503558902577e+02 
2.86638267660632e+00 2.32987736622081e+00 -2.02975812909414e+02 
2.86971955981541e+00 2.31459608725826e+00 -2.04446077506077e+02 
2.87305644302449e+00 2.29896707544319e+00 -2.05914002592436e+02 
2.87639332623358e+00 2.28298847503090e+00 -2.07379232527907e+02 
2.87973020944267e+00 2.26665853979602e+00 -2.08841406240288e+02 
2.88306709265176e+00 2.24997563649736e+00 -2.10300157342255e+02 
2.88640397586085e+00 2.23293824832209e+00 -2.11755114255579e+02 
2.88974085906993e+00 2.21554497830418e+00 -2.13205900343135e+02 
2.89307774227902e+00 2.19779455271243e+00 -2.14652134048718e+02 
2.89641462548811e+00 2.17968582440257e+00 -2.16093429044702e+02 
2.89975150869720e+00 2.16121777612904e+00 -2.17529394387562e+02 
2.90308839190628e+00 2.14238952381060e+00 -2.18959634681269e+02 
2.90642527511537e+00 2.12320031974497e+00 -2.20383750248529e+02 
2.90976215832446e+00 2.10364955576695e+00 -2.21801337309868e+02 
2.91309904153355e+00 2.08373676634484e+00 -2.23211988170501e+02 
2.91643592474263e+00 2.06346163160952e+00 -2.24615291414983e+02 
2.91977280795172e+00 2.04282398031123e+00 -2.26010832109510e+02 
2.92310969116081e+00 2.02182379269787e+00 -2.27398192011881e+02 
2.92644657436990e+00 2.00046120331026e+00 -2.28776949788936e+02 
2.92978345757898e+00 1.97873650368810e+00 -2.30146681241454e+02 
2.93312034078807e+00 1.95665014498174e+00 -2.31506959536335e+02 
2.93645722399716e+00 1.93420274046400e+00 -2.32857355445935e+02 
2.93979410720625e+00 1.91139506793691e+00 -2.34197437594448e+02 
2.94313099041534e+00 1.88822807202783e+00 -2.35526772711116e+02 
2.94646787362442e+00 1.86470286636988e+00 -2.36844925890133e+02 
2.94980475683351e+00 1.84082073566116e+00 -2.38151460857009e+02 
2.95314164004260e+00 1.81658313759805e+00 -2.39445940241234e+02 
2.95647852325169e+00 1.79199170467710e+00 -2.40727925854969e+02 
2.95981540646077e+00 1.76704824586103e+00 -2.41996978977559e+02 
2.96315228966986e+00 1.74175474810374e+00 -2.43252660645601e+02 
2.96648917287895e+00 1.71611337772963e+00 -2.44494531948307e+02 
2.96982605608804e+00 1.69012648166308e+00 -2.45722154327873e+02 
2.97316293929712e+00 1.66379658850315e+00 -2.46935089884571e+02 
2.97649982250621e+00 1.63712640943977e+00 -2.48132901686238e+02 
2.97983670571530e+00 1.61011883900726e+00 -2.49315154081849e+02 
2.98317358892439e+00 1.58277695567117e+00 -2.50481413018862e+02 
2.98651047213348e+00 1.55510402224498e+00 -2.51631246363930e+02 
2.98984735534256e+00 1.52710348613338e+00 -2.52764224226690e+02 
2.99318423855165e+00 1.49877897939859e+00 -2.53879919286206e+02 
2.99652112176074e+00 1.47013431864707e+00 -2.54977907119711e+02 
2.99985800496983e+00 1.44117350473372e+00 -2.56057766533249e+02 
3.00319488817891e+00 1.41190072228136e+00 -2.57119079893814e+02 
3.00653177138800e+00 1.38232033901309e+00 -2.58161433462582e+02 
3.00986865459709e+00 1.35243690489558e+00 -2.59184417728805e+02 
3.01320553780618e+00 1.32225515109207e+00 -2.60187627743961e+02 
3.01654242101526e+00 1.29177998872321e+00 -2.61170663455702e+02 
3.01987930422435e+00 1.26101650743505e+00 -2.62133130041175e+02 
3.02321618743344e+00 1.22996997377349e+00 -2.63074638239281e+02 
3.02655307064253e+00 1.19864582936454e+00 -2.63994804681389e+02 
3.02988995385162e+00 1.16704968890037e+00 -2.64893252220097e+02 
3.03322683706070e+00 1.13518733793160e+00 -2.65769610255547e+02 
3.03656372026979e+00 1.10306473046606e+00 -2.66623515058847e+02 
3.03990060347888e+00 1.07068798637505e+00 -2.67454610092161e+02 
3.04323748668797e+00 1.03806338860839e+00 -2.68262546324983e+02 
3.04657436989705e+00 1.00519738021956e+00 -2.69046982546132e+02 
3.04991125310614e+00 9.72096561203153e-01 -2.69807585671060e+02 
3.05324813631523e+00 9.38767685146463e-01 -2.70544031043957e+02 
3.05658501952432e+00 9.05217655698065e-01 -2.71256002734243e+02 
3.05992190273340e+00 8.71453522856161e-01 -2.71943193826997e+02 
3.06325878594249e+00 8.37482479079713e-01 -2.72605306706872e+02 
3.06659566915158e+00 8.03311855226304e-01 -2.73242053335067e+02 
3.06993255236067e+00 7.68949116320127e-01 -2.73853155518955e+02 
3.07326943556976e+00 7.34401857154566e-01 -2.74438345173899e+02 
3.07660631877884e+00 6.99677797733759e-01 -2.74997364576904e+02 
3.07994320198793e+00 6.64784778557945e-01 -2.75529966611674e+02 
3.08328008519702e+00 6.29730755757673e-01 -2.76035915004698e+02 
3.08661696840611e+00 5.94523796082144e-01 -2.76514984551995e+02 
3.08995385161519e+00 5.59172071747652e-01 -2.76966961336149e+02 
3.09329073482428e+00 5.23683855151640e-01 -2.77391642933299e+02 
3.09662761803337e+00 4.88067513458872e-01 -2.77788838609733e+02 
3.09996450124246e+00 4.52331503066070e-01 -2.78158369507793e+02 
3.10330138445154e+00 4.16484363951591e-01 -2.78500068820768e+02 
3.10663826766063e+00 3.80534713917262e-01 -2.78813781956511e+02 
3.10997515086972e+00 3.44491242729300e-01 -2.79099366689487e+02 
3.11331203407881e+00 3.08362706165712e-01 -2.79356693301032e+02 
3.11664891728790e+00 2.72157919977738e-01 -2.79585644707572e+02 
3.11998580049698e+00 2.35885753772901e-01 -2.79786116576603e+02 
3.12332268370607e+00 1.99555124827661e-01 -2.79958017430237e+02 
3.12665956691516e+00 1.63174991837430e-01 -2.80101268736131e+02 
3.12999645012425e+00 1.26754348612287e-01 -2.80215804985676e+02 
3.13333333333333e+00 9.03022177264816e-02 -2.80301573759294e+02 
