w_real w_imag 
-2.67326034829664e+01 8.75605329360608e+01 
-2.67326034829664e+01 -8.75605329360608e+01 
-2.37547696825139e+01 8.65617636832603e+01 
-2.37547696825139e+01 -8.65617636832603e+01 
-2.84670856172064e+01 8.39819169042598e+01 
-2.84670856172064e+01 -8.39819169042598e+01 
-2.43371437100033e+01 8.27716790583333e+01 
-2.43371437100033e+01 -8.27716790583333e+01 
-1.43993876155260e+00 5.18010423199174e+01 
-1.43993876155260e+00 -5.18010423199174e+01 
-6.44965017229279e+00 4.96647213274737e+01 
-6.44965017229279e+00 -4.96647213274737e+01 
-2.09378265586558e-01 4.87145089124405e+01 
-2.09378265586558e-01 -4.87145089124405e+01 
-2.01730997723981e-03 4.36303365796739e+01 
-2.01730997723981e-03 -4.36303365796739e+01 
-1.78228520213216e+01 3.24699892161508e+01 
-1.78228520213216e+01 -3.24699892161508e+01 
-8.17334712612920e-02 3.75765209582715e+01 
-8.17334712612920e-02 -3.75765209582715e+01 
-2.27651868161365e+01 0.00000000000000e+00 
-9.83125202809276e-03 3.13800304175030e+01 
-9.83125202809276e-03 -3.13800304175030e+01 
-9.83495145505664e-05 2.51280008489502e+01 
-9.83495145505664e-05 -2.51280008489502e+01 
-9.91511562196123e-04 1.88493867237862e+01 
-9.91511562196123e-04 -1.88493867237862e+01 
4.89515142558704e-15 0.00000000000000e+00 
-7.12733686514255e-07 6.28318460602027e+00 
-7.12733686514255e-07 -6.28318460602027e+00 
-6.97957013681416e-05 1.25663192085092e+01 
-6.97957013681416e-05 -1.25663192085092e+01 
