w_real w_imag 
-3.89179533945088e+01 1.08812920499693e+02 
-3.89179533945088e+01 -1.08812920499693e+02 
-3.20715433058287e+01 1.10707519444934e+02 
-3.20715433058287e+01 -1.10707519444934e+02 
-2.88878110260375e+01 1.04005203837337e+02 
-2.88878110260375e+01 -1.04005203837337e+02 
-3.62002903979346e+01 9.87829186510170e+01 
-3.62002903979346e+01 -9.87829186510170e+01 
-1.99632288159074e+01 4.52852244911632e+01 
-1.99632288159074e+01 -4.52852244911632e+01 
-4.95295809788353e+00 5.63449237101550e+01 
-4.95295809788353e+00 -5.63449237101550e+01 
-1.22598646575946e+00 5.47424184358777e+01 
-1.22598646575946e+00 -5.47424184358777e+01 
-3.28292254688702e+01 0.00000000000000e+00 
-3.59271191858921e-01 4.97855579329655e+01 
-3.59271191858921e-01 -4.97855579329655e+01 
-7.24808024277834e-02 4.38117620148106e+01 
-7.24808024277834e-02 -4.38117620148106e+01 
-2.83618145329534e-03 3.76865357517813e+01 
-2.83618145329534e-03 -3.76865357517813e+01 
-3.47910446710564e-03 3.14170800775201e+01 
-3.47910446710564e-03 -3.14170800775201e+01 
-1.62142545649679e-03 2.51330067954484e+01 
-1.62142545649679e-03 -2.51330067954484e+01 
-5.51888122362065e-05 1.88494354560754e+01 
-5.51888122362065e-05 -1.88494354560754e+01 
-6.30281222645855e-15 0.00000000000000e+00 
-7.41788164226875e-09 6.28318532069249e+00 
-7.41788164226875e-09 -6.28318532069249e+00 
-3.69213133399882e-08 1.25663705355449e+01 
-3.69213133399882e-08 -1.25663705355449e+01 
