w_real w_imag 
-4.63305810211683e+01 1.32209232052512e+02 
-4.63305810211683e+01 -1.32209232052512e+02 
-3.47314415280388e+01 1.29261781215110e+02 
-3.47314415280388e+01 -1.29261781215110e+02 
-5.01562675785067e+01 1.13734380864726e+02 
-5.01562675785067e+01 -1.13734380864726e+02 
-3.24265777116440e+01 1.15637318063605e+02 
-3.24265777116440e+01 -1.15637318063605e+02 
-4.38631110024127e+01 0.00000000000000e+00 
-1.90162445541672e+01 5.62489234907871e+01 
-1.90162445541672e+01 -5.62489234907871e+01 
-4.10930005248157e+00 6.07978509155929e+01 
-4.10930005248157e+00 -6.07978509155929e+01 
-1.23162944579667e+00 5.66516034689386e+01 
-1.23162944579667e+00 -5.66516034689386e+01 
-6.16564589430121e-01 5.05353311919770e+01 
-6.16564589430121e-01 -5.05353311919770e+01 
-2.86018787950626e-01 4.38344237998503e+01 
-2.86018787950626e-01 -4.38344237998503e+01 
-6.91129453627704e-03 3.76714811590587e+01 
-6.91129453627704e-03 -3.76714811590587e+01 
-7.73176329982306e-06 3.14146235979836e+01 
-7.73176329982306e-06 -3.14146235979836e+01 
-1.35852116081914e-04 2.51328770122258e+01 
-1.35852116081914e-04 -2.51328770122258e+01 
-1.65211529807863e-05 1.88495477564683e+01 
-1.65211529807863e-05 -1.88495477564683e+01 
-1.24858332062328e-07 1.25663704816366e+01 
-1.24858332062328e-07 -1.25663704816366e+01 
1.51183765373344e-14 0.00000000000000e+00 
-6.49226228333077e-11 6.28318530709538e+00 
-6.49226228333077e-11 -6.28318530709538e+00 
