5.00000000000000e-02 1.46869912851920e-15
1.00000000000000e-01 4.02988250400893e-16
1.50000000000000e-01 9.00830135110297e-17
2.00000000000000e-01 1.54850406217230e-17
2.50000000000000e-01 1.87071479791820e-18
3.00000000000000e-01 1.36524783769789e-19
3.50000000000000e-01 4.52996690674479e-21
4.00000000000000e-01 3.60828393221556e-23
4.50000000000000e-01 8.98853412947105e-27
5.00000000000000e-01 6.42081527789040e-31
5.50000000000000e-01 8.99051444214403e-27
6.00000000000000e-01 3.60828393221556e-23
6.50000000000000e-01 4.52996690674479e-21
7.00000000000000e-01 1.36524782431670e-19
7.50000000000000e-01 1.87071479791820e-18
8.00000000000000e-01 1.54850407515655e-17
8.50000000000000e-01 9.00830135110297e-17
9.00000000000000e-01 4.02988250400893e-16
9.50000000000000e-01 1.46869912898219e-15
1.00000000000000e+00 4.53452300132956e-15
1.05000000000000e+00 1.21909009124265e-14
1.10000000000000e+00 2.91151142820998e-14
1.15000000000000e+00 6.26968918108483e-14
1.20000000000000e+00 1.23139071663870e-13
1.25000000000000e+00 2.22649719382218e-13
1.30000000000000e+00 3.73786744116366e-13
1.35000000000000e+00 5.88146098693068e-13
1.40000000000000e+00 8.78572361790892e-13
1.45000000000000e+00 1.27084125363330e-12
1.50000000000000e+00 1.83383599728663e-12
1.55000000000000e+00 2.73962052922022e-12
1.60000000000000e+00 4.36502200668859e-12
1.65000000000000e+00 7.44262439221676e-12
1.70000000000000e+00 1.32598799832087e-11
1.75000000000000e+00 2.38896529678531e-11
1.80000000000000e+00 4.24148410328129e-11
1.85000000000000e+00 7.30870648497893e-11
1.90000000000000e+00 1.21340848206895e-10
1.95000000000000e+00 1.93578947704549e-10
2.00000000000000e+00 2.96661901782601e-10
2.05000000000000e+00 4.37085536195637e-10
2.10000000000000e+00 6.19921008022936e-10
2.15000000000000e+00 8.47723252182727e-10
2.20000000000000e+00 1.11977545346086e-09
2.25000000000000e+00 1.43220644078683e-09
2.30000000000000e+00 1.77965771814388e-09
2.35000000000000e+00 2.15923799842644e-09
2.40000000000000e+00 2.57742950652777e-09
2.45000000000000e+00 3.06034828351047e-09
2.50000000000000e+00 3.66727183347283e-09
2.55000000000000e+00 4.50662374859115e-09
2.60000000000000e+00 5.75268428239702e-09
2.65000000000000e+00 7.66027438319175e-09
2.70000000000000e+00 1.05736989660488e-08
2.75000000000000e+00 1.49255539789622e-08
2.80000000000000e+00 2.12208649395770e-08
2.85000000000000e+00 3.00027068504203e-08
2.90000000000000e+00 4.17971959280036e-08
2.95000000000000e+00 5.70386882069998e-08
3.00000000000000e+00 7.59801584200990e-08
3.05000000000000e+00 9.85988394187814e-08
3.10000000000000e+00 1.24512794910367e-07
3.15000000000000e+00 1.52929421443263e-07
3.20000000000000e+00 1.82650928206760e-07
3.25000000000000e+00 2.12163453667634e-07
3.30000000000000e+00 2.39834433617460e-07
3.35000000000000e+00 2.64236061909679e-07
3.40000000000000e+00 2.84600466187062e-07
3.45000000000000e+00 3.01394430978418e-07
3.50000000000000e+00 3.16978826129084e-07
3.55000000000000e+00 3.36292005232164e-07
3.60000000000000e+00 3.67470044972643e-07
3.65000000000000e+00 4.22293514330045e-07
3.70000000000000e+00 5.16334975169807e-07
3.75000000000000e+00 6.68678473681580e-07
3.80000000000000e+00 9.01096527043179e-07
3.85000000000000e+00 1.23660525481242e-06
3.90000000000000e+00 1.69737633327896e-06
3.95000000000000e+00 2.30206482188267e-06
4.00000000000000e+00 3.06271087995924e-06
4.05000000000000e+00 3.98148357737964e-06
4.10000000000000e+00 5.04764531409417e-06
4.15000000000000e+00 6.23521140754374e-06
4.20000000000000e+00 7.50184443631557e-06
4.25000000000000e+00 8.78953935826639e-06
4.30000000000000e+00 1.00276068595082e-05
4.35000000000000e+00 1.11383360545019e-05
4.40000000000000e+00 1.20455069682789e-05
4.45000000000000e+00 1.26856303003379e-05
4.50000000000000e+00 1.30214296385733e-05
4.55000000000000e+00 1.30566743664553e-05
4.60000000000000e+00 1.28510568310385e-05
4.65000000000000e+00 1.25334324208407e-05
4.70000000000000e+00 1.23114612130693e-05
4.75000000000000e+00 1.24755629751732e-05
4.80000000000000e+00 1.33951786145494e-05
4.85000000000000e+00 1.55056653835341e-05
4.90000000000000e+00 1.92847669094185e-05
4.95000000000000e+00 2.52184935623238e-05
5.00000000000000e+00 3.37573931964182e-05
5.05000000000000e+00 4.52655205603939e-05
5.10000000000000e+00 5.99658227347960e-05
5.15000000000000e+00 7.78870113790440e-05
5.20000000000000e+00 9.88181279627713e-05
5.25000000000000e+00 1.22277749269093e-04
5.30000000000000e+00 1.47504953491107e-04
5.35000000000000e+00 1.73478620407673e-04
5.40000000000000e+00 1.98970264005617e-04
5.45000000000000e+00 2.22633348678595e-04
5.50000000000000e+00 2.43128960232516e-04
5.55000000000000e+00 2.59283926796199e-04
5.60000000000000e+00 2.70273251967882e-04
5.65000000000000e+00 2.75814372400009e-04
5.70000000000000e+00 2.76356708811349e-04
5.75000000000000e+00 2.73246725835793e-04
5.80000000000000e+00 2.68846755389155e-04
5.85000000000000e+00 2.66585646483792e-04
5.90000000000000e+00 2.70921276517901e-04
5.95000000000000e+00 2.87199352227940e-04
6.00000000000000e+00 3.21399808983181e-04
6.05000000000000e+00 3.79771316028804e-04
6.10000000000000e+00 4.68365479654386e-04
6.15000000000000e+00 5.92494600975017e-04
6.20000000000000e+00 7.56149330399634e-04
6.25000000000000e+00 9.61424098649520e-04
6.30000000000000e+00 1.20800749235980e-03
6.35000000000000e+00 1.49280044663122e-03
6.40000000000000e+00 1.80972600395528e-03
6.45000000000000e+00 2.14978942220542e-03
6.50000000000000e+00 2.50143595277237e-03
6.55000000000000e+00 2.85123549559692e-03
6.60000000000000e+00 3.18489900951611e-03
6.65000000000000e+00 3.48860211392313e-03
6.70000000000000e+00 3.75055853607448e-03
6.75000000000000e+00 3.96275234014657e-03
6.80000000000000e+00 4.12270613665226e-03
6.85000000000000e+00 4.23513596645819e-03
6.90000000000000e+00 4.31332562998142e-03
6.95000000000000e+00 4.38004704434216e-03
7.00000000000000e+00 4.46786140538670e-03
7.05000000000000e+00 4.61866032328886e-03
7.10000000000000e+00 4.88234737752807e-03
7.15000000000000e+00 5.31461801531104e-03
7.20000000000000e+00 5.97386718112852e-03
7.25000000000000e+00 6.91733571716729e-03
7.30000000000000e+00 8.19669311815667e-03
7.35000000000000e+00 9.85333908805725e-03
7.40000000000000e+00 1.19137820505763e-02
7.45000000000000e+00 1.43855114240856e-02
7.50000000000000e+00 1.72538143968639e-02
7.55000000000000e+00 2.04799903195171e-02
7.60000000000000e+00 2.40013814308517e-02
7.65000000000000e+00 2.77335644509251e-02
7.70000000000000e+00 3.15749334133092e-02
7.75000000000000e+00 3.54137529840576e-02
7.80000000000000e+00 3.91375798564462e-02
7.85000000000000e+00 4.26447474048267e-02
7.90000000000000e+00 4.58573984350642e-02
7.95000000000000e+00 4.87353477850721e-02
8.00000000000000e+00 5.12898774055933e-02
8.05000000000000e+00 5.35964284538159e-02
8.10000000000000e+00 5.58050739950923e-02
8.15000000000000e+00 5.81476459561195e-02
8.20000000000000e+00 6.09404611638252e-02
8.25000000000000e+00 6.45817489015841e-02
8.30000000000000e+00 6.95431258063386e-02
8.35000000000000e+00 7.63547859974102e-02
8.40000000000000e+00 8.55844612485063e-02
8.45000000000000e+00 9.78106375682442e-02
8.50000000000000e+00 1.13590964952281e-01
8.55000000000000e+00 1.33427236298244e-01
8.60000000000000e+00 1.57728707100441e-01
8.65000000000000e+00 1.86775846882962e-01
8.70000000000000e+00 2.20686825858681e-01
8.75000000000000e+00 2.59389120111611e-01
8.80000000000000e+00 3.02598546760236e-01
8.85000000000000e+00 3.49807807159407e-01
8.90000000000000e+00 4.00286221899046e-01
8.95000000000000e+00 4.53091798291827e-01
9.00000000000000e+00 5.07096102931263e-01
9.05000000000000e+00 5.61021653328214e-01
9.10000000000000e+00 6.13490737440593e-01
9.15000000000000e+00 6.63083768791012e-01
9.20000000000000e+00 7.08404542256806e-01
9.25000000000000e+00 7.48149126076311e-01
9.30000000000000e+00 7.81174659928087e-01
9.35000000000000e+00 8.06564070207674e-01
9.40000000000000e+00 8.23682693648031e-01
9.45000000000000e+00 8.32223036657476e-01
9.50000000000000e+00 8.32234391088656e-01
9.55000000000000e+00 8.24134760826051e-01
9.60000000000000e+00 8.08703493206193e-01
9.65000000000000e+00 7.87054104244313e-01
9.70000000000000e+00 7.60587972705079e-01
9.75000000000000e+00 7.30930781157897e-01
9.80000000000000e+00 6.99854723096780e-01
9.85000000000000e+00 6.69190494972912e-01
9.90000000000000e+00 6.40733877372418e-01
9.95000000000000e+00 6.16152218624529e-01
1.00000000000000e+01 5.96896321088687e-01
1.00500000000000e+01 5.84123069664089e-01
1.01000000000000e+01 5.78633631002042e-01
1.01500000000000e+01 5.80831211852037e-01
1.02000000000000e+01 5.90701240845438e-01
1.02500000000000e+01 6.07815496006477e-01
1.03000000000000e+01 6.31360223956856e-01
1.03500000000000e+01 6.60186781802902e-01
1.04000000000000e+01 6.92881880406448e-01
1.04500000000000e+01 7.27853218140609e-01
1.05000000000000e+01 7.63425258792412e-01
1.05500000000000e+01 7.97939202147233e-01
1.06000000000000e+01 8.29850875912660e-01
1.06500000000000e+01 8.57820372213852e-01
1.07000000000000e+01 8.80787761619955e-01
1.07500000000000e+01 8.98030113990017e-01
1.08000000000000e+01 9.09196281931476e-01
1.08500000000000e+01 9.14317378511981e-01
1.09000000000000e+01 9.13792506166766e-01
1.09500000000000e+01 9.08350956435514e-01
1.10000000000000e+01 8.98993683941025e-01
1.10500000000000e+01 8.86918250755351e-01
1.11000000000000e+01 8.73432539295702e-01
1.11500000000000e+01 8.59863263393788e-01
1.12000000000000e+01 8.47465614499784e-01
1.12500000000000e+01 8.37340239784353e-01
1.13000000000000e+01 8.30363170291957e-01
1.13500000000000e+01 8.27133341483104e-01
1.14000000000000e+01 8.27941046041094e-01
1.14500000000000e+01 8.32759124617831e-01
1.15000000000000e+01 8.41257046605336e-01
1.15500000000000e+01 8.52836381539501e-01
1.16000000000000e+01 8.66684633927882e-01
1.16500000000000e+01 8.81843122596708e-01
1.17000000000000e+01 8.97283624874069e-01
1.17500000000000e+01 9.11987945954668e-01
1.18000000000000e+01 9.25024454206686e-01
1.18500000000000e+01 9.35615950162475e-01
1.19000000000000e+01 9.43193982728392e-01
1.19500000000000e+01 9.47435831163287e-01
1.20000000000000e+01 9.48281748753498e-01
1.20500000000000e+01 9.45931606446420e-01
1.21000000000000e+01 9.40821662369941e-01
1.21500000000000e+01 9.33583693631409e-01
1.22000000000000e+01 9.24990044177691e-01
1.22500000000000e+01 9.15889166623248e-01
1.23000000000000e+01 9.07136890141135e-01
1.23500000000000e+01 8.99528883555019e-01
1.24000000000000e+01 8.93739588549769e-01
1.24500000000000e+01 8.90272292393298e-01
1.25000000000000e+01 8.89424045044761e-01
1.25500000000000e+01 8.91267882371160e-01
1.26000000000000e+01 8.95653397263415e-01
1.26500000000000e+01 9.02225218836981e-01
1.27000000000000e+01 9.10457535668763e-01
1.27500000000000e+01 9.19701545562104e-01
1.28000000000000e+01 9.29241730294713e-01
1.28500000000000e+01 9.38356215211043e-01
1.29000000000000e+01 9.46376227753102e-01
1.29500000000000e+01 9.52739831170723e-01
1.30000000000000e+01 9.57035661505545e-01
1.30500000000000e+01 9.59033287719460e-01
1.31000000000000e+01 9.58697969481930e-01
1.31500000000000e+01 9.56188906832045e-01
1.32000000000000e+01 9.51841450320232e-01
1.32500000000000e+01 9.46135055564409e-01
1.33000000000000e+01 9.39649914713502e-01
1.33500000000000e+01 9.33016086276050e-01
1.34000000000000e+01 9.26859503779982e-01
1.34500000000000e+01 9.21749430531839e-01
1.35000000000000e+01 9.18151731480672e-01
1.35500000000000e+01 9.16391775032229e-01
1.36000000000000e+01 9.16629908756137e-01
1.36500000000000e+01 9.18851349878832e-01
1.37000000000000e+01 9.22871089655030e-01
1.37500000000000e+01 9.28353136181466e-01
1.38000000000000e+01 9.34842220592314e-01
1.38500000000000e+01 9.41805067020974e-01
1.39000000000000e+01 9.48677561540197e-01
1.39500000000000e+01 9.54913710982045e-01
1.40000000000000e+01 9.60032192746760e-01
1.40500000000000e+01 9.63656564673180e-01
1.41000000000000e+01 9.65545802594813e-01
1.41500000000000e+01 9.65612707368553e-01
1.42000000000000e+01 9.63928795100033e-01
1.42500000000000e+01 9.60715460157956e-01
1.43000000000000e+01 9.56322378689925e-01
1.43500000000000e+01 9.51195199975642e-01
1.44000000000000e+01 9.45835462878303e-01
1.44500000000000e+01 9.40756300947749e-01
1.45000000000000e+01 9.36437811896287e-01
1.45500000000000e+01 9.33285942258229e-01
1.46000000000000e+01 9.31598382341892e-01
1.46500000000000e+01 9.31540314767892e-01
1.47000000000000e+01 9.33131971752305e-01
1.47500000000000e+01 9.36248911319739e-01
1.48000000000000e+01 9.40634812918482e-01
1.48500000000000e+01 9.45925515073632e-01
1.49000000000000e+01 9.51682064476592e-01
1.49500000000000e+01 9.57429798106322e-01
1.50000000000000e+01 9.62699999678739e-01
1.50500000000000e+01 9.67070497049745e-01
1.51000000000000e+01 9.70201709290853e-01
1.51500000000000e+01 9.71865094502902e-01
1.52000000000000e+01 9.71961649633012e-01
1.52500000000000e+01 9.70529007323428e-01
1.53000000000000e+01 9.67736681839226e-01
1.53500000000000e+01 9.63870047272152e-01
1.54000000000000e+01 9.59304596460468e-01
1.54500000000000e+01 9.54472845331172e-01
1.55000000000000e+01 9.49826845748918e-01
1.55500000000000e+01 9.45799601546463e-01
1.56000000000000e+01 9.42768722356845e-01
1.56500000000000e+01 9.41025399214078e-01
1.57000000000000e+01 9.40751271144610e-01
1.57500000000000e+01 9.42005022421839e-01
1.58000000000000e+01 9.44719673203924e-01
1.58500000000000e+01 9.48710581239087e-01
1.59000000000000e+01 9.53693243259952e-01
1.59500000000000e+01 9.59309152895787e-01
1.60000000000000e+01 9.65157308789743e-01
1.60500000000000e+01 9.70828527408365e-01
1.61000000000000e+01 9.75939534314737e-01
1.61500000000000e+01 9.80163896493249e-01
1.62000000000000e+01 9.83257203607422e-01
1.62500000000000e+01 9.85074472233149e-01
1.63000000000000e+01 9.85578479519237e-01
1.63500000000000e+01 9.84838562950535e-01
1.64000000000000e+01 9.83020275029985e-01
1.64500000000000e+01 9.80367079324722e-01
1.65000000000000e+01 9.77175947343596e-01
1.65500000000000e+01 9.73769206562670e-01
1.66000000000000e+01 9.70465258518518e-01
1.66500000000000e+01 9.67550812973649e-01
1.67000000000000e+01 9.65257072624063e-01
1.67500000000000e+01 9.63741877080240e-01
1.68000000000000e+01 9.63079218237621e-01
1.68500000000000e+01 9.63256829625684e-01
1.69000000000000e+01 9.64181796947105e-01
1.69500000000000e+01 9.65693405669457e-01
1.70000000000000e+01 9.67581800476201e-01
1.70500000000000e+01 9.69610537276213e-01
1.71000000000000e+01 9.71540803341529e-01
1.71500000000000e+01 9.73154988806205e-01
1.72000000000000e+01 9.74277416960032e-01
1.72500000000000e+01 9.74790365207559e-01
1.73000000000000e+01 9.74643998759887e-01
1.73500000000000e+01 9.73859445954100e-01
1.74000000000000e+01 9.72524908586828e-01
1.74500000000000e+01 9.70785359650182e-01
1.75000000000000e+01 9.68826972972909e-01
1.75500000000000e+01 9.66857900538461e-01
1.76000000000000e+01 9.65087322051701e-01
1.76500000000000e+01 9.63704812034375e-01
1.77000000000000e+01 9.62861994835972e-01
1.77500000000000e+01 9.62658198435718e-01
1.78000000000000e+01 9.63131401907908e-01
1.78500000000000e+01 9.64255241250495e-01
1.79000000000000e+01 9.65942246232397e-01
1.79500000000000e+01 9.68052884170936e-01
1.80000000000000e+01 9.70409441681218e-01
1.80500000000000e+01 9.72813333089500e-01
1.81000000000000e+01 9.75064124402422e-01
1.81500000000000e+01 9.76978430279444e-01
1.82000000000000e+01 9.78406887743171e-01
1.82500000000000e+01 9.79247626714657e-01
1.83000000000000e+01 9.79455020181006e-01
1.83500000000000e+01 9.79042968683559e-01
1.84000000000000e+01 9.78082507906057e-01
1.84500000000000e+01 9.76694072385102e-01
1.85000000000000e+01 9.75035250644996e-01
1.85500000000000e+01 9.73285280182880e-01
1.86000000000000e+01 9.71627816857858e-01
1.86500000000000e+01 9.70233647349868e-01
1.87000000000000e+01 9.69244985436330e-01
1.87500000000000e+01 9.68762808589994e-01
1.88000000000000e+01 9.68838371440211e-01
1.88500000000000e+01 9.69469610248738e-01
1.89000000000000e+01 9.70602670274034e-01
1.89500000000000e+01 9.72138293278878e-01
1.90000000000000e+01 9.73942343342270e-01
1.90500000000000e+01 9.75859369125322e-01
1.91000000000000e+01 9.77727834914319e-01
1.91500000000000e+01 9.79395524509938e-01
1.92000000000000e+01 9.80733640952653e-01
1.92500000000000e+01 9.81648286292646e-01
1.93000000000000e+01 9.82088290496916e-01
1.93500000000000e+01 9.82048736810437e-01
1.94000000000000e+01 9.81569963602779e-01
1.94500000000000e+01 9.80732266519777e-01
1.95000000000000e+01 9.79646935980787e-01
1.95500000000000e+01 9.78444604146818e-01
1.96000000000000e+01 9.77262110763234e-01
1.96500000000000e+01 9.76229207967076e-01
1.97000000000000e+01 9.75456402203442e-01
1.97500000000000e+01 9.75025082089150e-01
1.98000000000000e+01 9.74980822212061e-01
1.98500000000000e+01 9.75330412816875e-01
1.99000000000000e+01 9.76042779970554e-01
1.99500000000000e+01 9.77053569768150e-01
