5.00000000000000e-02 5.26508498489094e-16
1.00000000000000e-01 1.37819708044055e-16
1.50000000000000e-01 2.96082035763304e-17
2.00000000000000e-01 4.92388892892350e-18
2.50000000000000e-01 5.78951244102504e-19
3.00000000000000e-01 4.13509856896149e-20
3.50000000000000e-01 1.34973361909447e-21
4.00000000000000e-01 1.06281652709561e-23
4.50000000000000e-01 2.62920914599032e-27
5.00000000000000e-01 1.19613878548437e-31
5.50000000000000e-01 2.62941337076766e-27
6.00000000000000e-01 1.06281652709561e-23
6.50000000000000e-01 1.34973361909447e-21
7.00000000000000e-01 4.13509861767814e-20
7.50000000000000e-01 5.78951244102504e-19
8.00000000000000e-01 4.92388887123003e-18
8.50000000000000e-01 2.96082035763304e-17
9.00000000000000e-01 1.37819708044055e-16
9.50000000000000e-01 5.26508498974783e-16
1.00000000000000e+00 1.71814514059147e-15
1.05000000000000e+00 4.92831011742721e-15
1.10000000000000e+00 1.26925396280941e-14
1.15000000000000e+00 2.98331773328077e-14
1.20000000000000e+00 6.48293211090442e-14
1.25000000000000e+00 1.31634334086404e-13
1.30000000000000e+00 2.51999625856718e-13
1.35000000000000e+00 4.58465012865430e-13
1.40000000000000e+00 7.98433092770930e-13
1.45000000000000e+00 1.34022278418959e-12
1.50000000000000e+00 2.18273171687939e-12
1.55000000000000e+00 3.47130531771719e-12
1.60000000000000e+00 5.42350176558080e-12
1.65000000000000e+00 8.36944402455685e-12
1.70000000000000e+00 1.28120581719595e-11
1.75000000000000e+00 1.95123576780749e-11
1.80000000000000e+00 2.96037255950301e-11
1.85000000000000e+00 4.47366989979906e-11
1.90000000000000e+00 6.72521850325514e-11
1.95000000000000e+00 1.00376861480099e-10
2.00000000000000e+00 1.48430763759982e-10
2.05000000000000e+00 2.17035267941547e-10
2.10000000000000e+00 3.13311771413480e-10
2.15000000000000e+00 4.46069407098822e-10
2.20000000000000e+00 6.25995883876653e-10
2.25000000000000e+00 8.65889995456683e-10
2.30000000000000e+00 1.18100704923375e-09
2.35000000000000e+00 1.58962705223424e-09
2.40000000000000e+00 2.11399524208038e-09
2.45000000000000e+00 2.78181837831527e-09
2.50000000000000e+00 3.62851906133512e-09
2.55000000000000e+00 4.70044418764881e-09
2.60000000000000e+00 6.05918305593684e-09
2.65000000000000e+00 7.78706892222548e-09
2.70000000000000e+00 9.99381350249777e-09
2.75000000000000e+00 1.28240633268179e-08
2.80000000000000e+00 1.64654861088326e-08
2.85000000000000e+00 2.11568215966375e-08
2.90000000000000e+00 2.71952026334079e-08
2.95000000000000e+00 3.49420146968989e-08
3.00000000000000e+00 4.48266661095448e-08
3.05000000000000e+00 5.73479332199190e-08
3.10000000000000e+00 7.30730595329623e-08
3.15000000000000e+00 9.26355364257673e-08
3.20000000000000e+00 1.16733453505769e-07
3.25000000000000e+00 1.46131413832426e-07
3.30000000000000e+00 1.81670149589262e-07
3.35000000000000e+00 2.24288985205253e-07
3.40000000000000e+00 2.75066973985936e-07
3.45000000000000e+00 3.35288652830721e-07
3.50000000000000e+00 4.06539690597974e-07
3.55000000000000e+00 4.90836058407082e-07
3.60000000000000e+00 5.90787612162280e-07
3.65000000000000e+00 7.09793159644989e-07
3.70000000000000e+00 8.52259363598056e-07
3.75000000000000e+00 1.02383058490066e-06
3.80000000000000e+00 1.23161158919778e-06
3.85000000000000e+00 1.48436072740951e-06
3.90000000000000e+00 1.79262872496497e-06
3.95000000000000e+00 2.16881863801457e-06
4.00000000000000e+00 2.62714689650005e-06
4.05000000000000e+00 3.18349452191926e-06
4.10000000000000e+00 3.85515210394397e-06
4.15000000000000e+00 4.66048193510324e-06
4.20000000000000e+00 5.61854511935002e-06
4.25000000000000e+00 6.74876892364533e-06
4.30000000000000e+00 8.07075764400928e-06
4.35000000000000e+00 9.60437541711545e-06
4.40000000000000e+00 1.13702475698418e-05
4.45000000000000e+00 1.33908336228907e-05
4.50000000000000e+00 1.56922152556511e-05
4.55000000000000e+00 1.83067122160303e-05
4.60000000000000e+00 2.12763853332795e-05
4.65000000000000e+00 2.46574074164039e-05
4.70000000000000e+00 2.85251815288227e-05
4.75000000000000e+00 3.29799668801164e-05
4.80000000000000e+00 3.81526441001652e-05
4.85000000000000e+00 4.42101266023766e-05
4.90000000000000e+00 5.13598193818424e-05
4.95000000000000e+00 5.98524600737030e-05
5.00000000000000e+00 6.99826700935157e-05
5.05000000000000e+00 8.20866165129445e-05
5.10000000000000e+00 9.65363555507808e-05
5.15000000000000e+00 1.13730708194552e-04
5.20000000000000e+00 1.34082911005741e-04
5.25000000000000e+00 1.58005782683366e-04
5.30000000000000e+00 1.85895727663526e-04
5.35000000000000e+00 2.18117524549989e-04
5.40000000000000e+00 2.54992466082383e-04
5.45000000000000e+00 2.96792960243462e-04
5.50000000000000e+00 3.43747088507020e-04
5.55000000000000e+00 3.96056759555812e-04
5.60000000000000e+00 4.53932907416039e-04
5.65000000000000e+00 5.17650583100923e-04
5.70000000000000e+00 5.87625719067567e-04
5.75000000000000e+00 6.64513777156233e-04
5.80000000000000e+00 7.49328436018631e-04
5.85000000000000e+00 8.43575997904599e-04
5.90000000000000e+00 9.49398420915368e-04
5.95000000000000e+00 1.06971499840473e-03
6.00000000000000e+00 1.20834996095132e-03
6.05000000000000e+00 1.37013097160560e-03
6.10000000000000e+00 1.56094196559356e-03
6.15000000000000e+00 1.78771341385701e-03
6.20000000000000e+00 2.05833421877992e-03
6.25000000000000e+00 2.38147238953050e-03
6.30000000000000e+00 2.76629662085744e-03
6.35000000000000e+00 3.22209801792097e-03
6.40000000000000e+00 3.75782041501884e-03
6.45000000000000e+00 4.38151877790231e-03
6.50000000000000e+00 5.09977758946654e-03
6.55000000000000e+00 5.91713419946699e-03
6.60000000000000e+00 6.83556495010391e-03
6.65000000000000e+00 7.85410335358642e-03
6.70000000000000e+00 8.96866842929651e-03
6.75000000000000e+00 1.01721861629647e-02
6.80000000000000e+00 1.14550865977811e-02
6.85000000000000e+00 1.28062520994758e-02
6.90000000000000e+00 1.42144778895275e-02
6.95000000000000e+00 1.56704834174588e-02
7.00000000000000e+00 1.71694824394261e-02
7.05000000000000e+00 1.87142812766239e-02
7.10000000000000e+00 2.03188298089692e-02
7.15000000000000e+00 2.20121001993293e-02
7.20000000000000e+00 2.38421167342922e-02
7.25000000000000e+00 2.58799097520091e-02
7.30000000000000e+00 2.82231211774462e-02
7.35000000000000e+00 3.09989528184484e-02
7.40000000000000e+00 3.43661255175822e-02
7.45000000000000e+00 3.85155115496719e-02
7.50000000000000e+00 4.36691178459507e-02
7.55000000000000e+00 5.00771364158406e-02
7.60000000000000e+00 5.80128422599772e-02
7.65000000000000e+00 6.77652081901459e-02
7.70000000000000e+00 7.96292186572996e-02
7.75000000000000e+00 9.38939974490016e-02
7.80000000000000e+00 1.10829011571643e-01
7.85000000000000e+00 1.30668768597884e-01
7.90000000000000e+00 1.53596578482043e-01
7.95000000000000e+00 1.79728093375825e-01
8.00000000000000e+00 2.09095459678705e-01
8.05000000000000e+00 2.41633004740306e-01
8.10000000000000e+00 2.77165426265152e-01
8.15000000000000e+00 3.15399446947094e-01
8.20000000000000e+00 3.55919833763250e-01
8.25000000000000e+00 3.98190557164416e-01
8.30000000000000e+00 4.41561680080747e-01
8.35000000000000e+00 4.85282324108560e-01
8.40000000000000e+00 5.28519768474044e-01
8.45000000000000e+00 5.70384408478714e-01
8.50000000000000e+00 6.09959949959484e-01
8.55000000000000e+00 6.46337863798663e-01
8.60000000000000e+00 6.78654790860487e-01
8.65000000000000e+00 7.06131295126822e-01
8.70000000000000e+00 7.28110133175612e-01
8.75000000000000e+00 7.44092061648565e-01
8.80000000000000e+00 7.53767157887620e-01
8.85000000000000e+00 7.57039694700580e-01
8.90000000000000e+00 7.54044794537392e-01
8.95000000000000e+00 7.45155390626797e-01
9.00000000000000e+00 7.30978434772798e-01
9.05000000000000e+00 7.12339797867941e-01
9.10000000000000e+00 6.90257886827771e-01
9.15000000000000e+00 6.65906621308143e-01
9.20000000000000e+00 6.40569040977176e-01
9.25000000000000e+00 6.15583411874684e-01
9.30000000000000e+00 5.92284230149418e-01
9.35000000000000e+00 5.71940946338399e-01
9.40000000000000e+00 5.55697520452580e-01
9.45000000000000e+00 5.44516040992728e-01
9.50000000000000e+00 5.39127581776583e-01
9.55000000000000e+00 5.39993221612666e-01
9.60000000000000e+00 5.47277717449456e-01
9.65000000000000e+00 5.60837717729982e-01
9.70000000000000e+00 5.80225657091933e-01
9.75000000000000e+00 6.04709624699196e-01
9.80000000000000e+00 6.33308593533392e-01
9.85000000000000e+00 6.64841490209494e-01
9.90000000000000e+00 6.97987730569970e-01
9.95000000000000e+00 7.31356101131644e-01
1.00000000000000e+01 7.63558281780368e-01
1.00500000000000e+01 7.93282924373851e-01
1.01000000000000e+01 8.19366057355772e-01
1.01500000000000e+01 8.40853696440679e-01
1.02000000000000e+01 8.57052908463074e-01
1.02500000000000e+01 8.67568185499275e-01
1.03000000000000e+01 8.72320808821101e-01
1.03500000000000e+01 8.71549871479883e-01
1.04000000000000e+01 8.65794726049957e-01
1.04500000000000e+01 8.55859762760915e-01
1.05000000000000e+01 8.42763530382469e-01
1.05500000000000e+01 8.27675214977427e-01
1.06000000000000e+01 8.11842321847955e-01
1.06500000000000e+01 7.96514004975811e-01
1.07000000000000e+01 7.82864811104574e-01
1.07500000000000e+01 7.71923624760924e-01
1.08000000000000e+01 7.64512308156502e-01
1.08500000000000e+01 7.61197939145738e-01
1.09000000000000e+01 7.62261694939115e-01
1.09500000000000e+01 7.67686361637133e-01
1.10000000000000e+01 7.77163238118418e-01
1.10500000000000e+01 7.90117927006558e-01
1.11000000000000e+01 8.05753251051895e-01
1.11500000000000e+01 8.23106386206821e-01
1.12000000000000e+01 8.41116343028431e-01
1.12500000000000e+01 8.58697224282171e-01
1.13000000000000e+01 8.74812290506524e-01
1.13500000000000e+01 8.88543807862429e-01
1.14000000000000e+01 8.99153941506281e-01
1.14500000000000e+01 9.06132576314688e-01
1.15000000000000e+01 9.09228854769232e-01
1.15500000000000e+01 9.08464357769946e-01
1.16000000000000e+01 9.04127139617870e-01
1.16500000000000e+01 8.96747173258984e-01
1.17000000000000e+01 8.87055070676400e-01
1.17500000000000e+01 8.75927122174035e-01
1.18000000000000e+01 8.64320661760626e-01
1.18500000000000e+01 8.53204443263039e-01
1.19000000000000e+01 8.43489052694364e-01
1.19500000000000e+01 8.35962360442744e-01
1.20000000000000e+01 8.31234632077619e-01
1.20500000000000e+01 8.29697195714766e-01
1.21000000000000e+01 8.31497558648377e-01
1.21500000000000e+01 8.36532649451171e-01
1.22000000000000e+01 8.44460523214918e-01
1.22500000000000e+01 8.54729505926666e-01
1.23000000000000e+01 8.66622470305808e-01
1.23500000000000e+01 8.79312825606545e-01
1.24000000000000e+01 8.91927951170253e-01
1.24500000000000e+01 9.03615272153644e-01
1.25000000000000e+01 9.13606006115445e-01
1.25500000000000e+01 9.21271814034500e-01
1.26000000000000e+01 9.26170153464757e-01
1.26500000000000e+01 9.28075012108144e-01
1.27000000000000e+01 9.26990830018258e-01
1.27500000000000e+01 9.23148711584192e-01
1.28000000000000e+01 9.16985385321627e-01
1.28500000000000e+01 9.09106686132950e-01
1.29000000000000e+01 9.00238509827162e-01
1.29500000000000e+01 8.91169132844774e-01
1.30000000000000e+01 8.82687428718342e-01
1.30500000000000e+01 8.75521797821905e-01
1.31000000000000e+01 8.70284536938569e-01
1.31500000000000e+01 8.67425917899846e-01
1.32000000000000e+01 8.67201456569135e-01
1.32500000000000e+01 8.69654797251554e-01
1.33000000000000e+01 8.74617396793804e-01
1.33500000000000e+01 8.81724865295878e-01
1.34000000000000e+01 8.90448511378585e-01
1.34500000000000e+01 9.00139452695582e-01
1.35000000000000e+01 9.10081680453097e-01
1.35500000000000e+01 9.19549786491266e-01
1.36000000000000e+01 9.27866726036635e-01
1.36500000000000e+01 9.34457024004719e-01
1.37000000000000e+01 9.38891233507984e-01
1.37500000000000e+01 9.40918188472554e-01
1.38000000000000e+01 9.40482597816149e-01
1.38500000000000e+01 9.37726724537741e-01
1.39000000000000e+01 9.32976182206405e-01
1.39500000000000e+01 9.26711159313197e-01
1.40000000000000e+01 9.19525545545038e-01
1.40500000000000e+01 9.12077389598614e-01
1.41000000000000e+01 9.05034789198905e-01
1.41500000000000e+01 8.99021647441273e-01
1.42000000000000e+01 8.94567700060718e-01
1.42500000000000e+01 8.92066830108905e-01
1.43000000000000e+01 8.91746973485626e-01
1.43500000000000e+01 8.93653941037897e-01
1.44000000000000e+01 8.97650322229421e-01
1.44500000000000e+01 9.03429388148460e-01
1.45000000000000e+01 9.10542681050518e-01
1.45500000000000e+01 9.18438865095103e-01
1.46000000000000e+01 9.26510509594454e-01
1.46500000000000e+01 9.34144855358587e-01
1.47000000000000e+01 9.40774326204247e-01
1.47500000000000e+01 9.45922613138393e-01
1.48000000000000e+01 9.49242570277625e-01
1.48500000000000e+01 9.50542882525143e-01
1.49000000000000e+01 9.49801433018312e-01
1.49500000000000e+01 9.47164430641610e-01
1.50000000000000e+01 9.42931558388256e-01
1.50500000000000e+01 9.37528570755573e-01
1.51000000000000e+01 9.31469804726143e-01
1.51500000000000e+01 9.25313887873330e-01
1.52000000000000e+01 9.19616461249664e-01
1.52500000000000e+01 9.14883940985616e-01
1.53000000000000e+01 9.11532206012231e-01
1.53500000000000e+01 9.09853634298592e-01
1.54000000000000e+01 9.09995158611044e-01
1.54500000000000e+01 9.11949041364214e-01
1.55000000000000e+01 9.15556961349452e-01
1.55500000000000e+01 9.20526858770702e-01
1.56000000000000e+01 9.26460897682843e-01
1.56500000000000e+01 9.32891969544704e-01
1.57000000000000e+01 9.39325457472320e-01
1.57500000000000e+01 9.45282566812211e-01
1.58000000000000e+01 9.50341437359138e-01
1.58500000000000e+01 9.54172491244799e-01
1.59000000000000e+01 9.56565015023592e-01
1.59500000000000e+01 9.57442775182153e-01
1.60000000000000e+01 9.56867451619974e-01
1.60500000000000e+01 9.55029756336004e-01
1.61000000000000e+01 9.52229189344444e-01
1.61500000000000e+01 9.48844375790258e-01
1.62000000000000e+01 9.45296741012756e-01
1.62500000000000e+01 9.42010843715288e-01
1.63000000000000e+01 9.39374953458888e-01
1.63500000000000e+01 9.37705405771600e-01
1.64000000000000e+01 9.37217902770714e-01
1.64500000000000e+01 9.38008283337379e-01
1.65000000000000e+01 9.40044422972941e-01
1.65500000000000e+01 9.43169917098918e-01
1.66000000000000e+01 9.47119142614769e-01
1.66500000000000e+01 9.51542275187612e-01
1.67000000000000e+01 9.56037954176879e-01
1.67500000000000e+01 9.60190611463437e-01
1.68000000000000e+01 9.63609074039757e-01
1.68500000000000e+01 9.65962948215368e-01
1.69000000000000e+01 9.67013503730117e-01
1.69500000000000e+01 9.66636279167016e-01
1.70000000000000e+01 9.64833380043777e-01
1.70500000000000e+01 9.61734370198414e-01
1.71000000000000e+01 9.57585682126773e-01
1.71500000000000e+01 9.52729500996316e-01
1.72000000000000e+01 9.47574018224482e-01
1.72500000000000e+01 9.42557719900323e-01
1.73000000000000e+01 9.38110904599349e-01
1.73500000000000e+01 9.34617867550500e-01
1.74000000000000e+01 9.32383122658876e-01
1.74500000000000e+01 9.31604667142116e-01
1.75000000000000e+01 9.32356659016422e-01
1.75500000000000e+01 9.34583032779519e-01
1.76000000000000e+01 9.38102599504441e-01
1.76500000000000e+01 9.42625152160906e-01
1.77000000000000e+01 9.47777117250633e-01
1.77500000000000e+01 9.53134447404662e-01
1.78000000000000e+01 9.58259811906937e-01
1.78500000000000e+01 9.62740769723158e-01
1.79000000000000e+01 9.66225535108177e-01
1.79500000000000e+01 9.68453174974564e-01
1.80000000000000e+01 9.69275588359190e-01
1.80500000000000e+01 9.68669364648993e-01
1.81000000000000e+01 9.66736530821594e-01
1.81500000000000e+01 9.63694196067660e-01
1.82000000000000e+01 9.59854094684376e-01
1.82500000000000e+01 9.55593925761225e-01
1.83000000000000e+01 9.51323110488192e-01
1.83500000000000e+01 9.47446070591410e-01
1.84000000000000e+01 9.44326332026565e-01
1.84500000000000e+01 9.42254659895880e-01
1.85000000000000e+01 9.41424043976264e-01
1.85500000000000e+01 9.41913715721358e-01
1.86000000000000e+01 9.43683546292444e-01
1.86500000000000e+01 9.46579227489510e-01
1.87000000000000e+01 9.50347660033859e-01
1.87500000000000e+01 9.54661055442613e-01
1.88000000000000e+01 9.59147481865225e-01
1.88500000000000e+01 9.63425020474640e-01
1.89000000000000e+01 9.67136397368953e-01
1.89500000000000e+01 9.69980942283844e-01
1.90000000000000e+01 9.71740999102011e-01
1.90500000000000e+01 9.72300447216802e-01
1.91000000000000e+01 9.71653736569947e-01
1.91500000000000e+01 9.69904722964066e-01
1.92000000000000e+01 9.67255531885801e-01
1.92500000000000e+01 9.63986591534156e-01
1.93000000000000e+01 9.60429775184692e-01
1.93500000000000e+01 9.56937206503400e-01
1.94000000000000e+01 9.53848653642314e-01
1.94500000000000e+01 9.51460536255016e-01
1.95000000000000e+01 9.49999386913627e-01
1.95500000000000e+01 9.49602163878816e-01
1.96000000000000e+01 9.50305149110199e-01
1.96500000000000e+01 9.52042347251186e-01
1.97000000000000e+01 9.54653405622157e-01
1.97500000000000e+01 9.57900186338414e-01
1.98000000000000e+01 9.61490322726624e-01
1.98500000000000e+01 9.65105457502234e-01
1.99000000000000e+01 9.68431448072752e-01
1.99500000000000e+01 9.71187671926728e-01
