5.00000000000000e-02 5.26508497394739e-16
1.00000000000000e-01 1.37819707788014e-16
1.50000000000000e-01 2.96082035788911e-17
2.00000000000000e-01 4.92388892935928e-18
2.50000000000000e-01 5.78951223510192e-19
3.00000000000000e-01 4.13509852266141e-20
3.50000000000000e-01 1.34973402946552e-21
4.00000000000000e-01 1.06280615861219e-23
4.50000000000000e-01 2.62963006470691e-27
5.00000000000000e-01 4.76167982079517e-31
5.50000000000000e-01 2.62776352746074e-27
6.00000000000000e-01 1.06280615861219e-23
6.50000000000000e-01 1.34973402946552e-21
7.00000000000000e-01 4.13509833896373e-20
7.50000000000000e-01 5.78951223510192e-19
8.00000000000000e-01 4.92388883931409e-18
8.50000000000000e-01 2.96082035788911e-17
9.00000000000000e-01 1.37819707788014e-16
9.50000000000000e-01 5.26508499391464e-16
1.00000000000000e+00 1.71814513932540e-15
1.05000000000000e+00 4.92831011578421e-15
1.10000000000000e+00 1.26925396292062e-14
1.15000000000000e+00 2.98331773332184e-14
1.20000000000000e+00 6.48293211259383e-14
1.25000000000000e+00 1.31634334127977e-13
1.30000000000000e+00 2.51999625975681e-13
1.35000000000000e+00 4.58465013198761e-13
1.40000000000000e+00 7.98433093505317e-13
1.45000000000000e+00 1.34022278573245e-12
1.50000000000000e+00 2.18273171981393e-12
1.55000000000000e+00 3.47130532304550e-12
1.60000000000000e+00 5.42350177449310e-12
1.65000000000000e+00 8.36944403817295e-12
1.70000000000000e+00 1.28120581913658e-11
1.75000000000000e+00 1.95123577035111e-11
1.80000000000000e+00 2.96037256251840e-11
1.85000000000000e+00 4.47366990292639e-11
1.90000000000000e+00 6.72521850594775e-11
1.95000000000000e+00 1.00376861496363e-10
2.00000000000000e+00 1.48430763763571e-10
2.05000000000000e+00 2.17035267943108e-10
2.10000000000000e+00 3.13311771450994e-10
2.15000000000000e+00 4.46069407256757e-10
2.20000000000000e+00 6.25995884311676e-10
2.25000000000000e+00 8.65889996433796e-10
2.30000000000000e+00 1.18100705115249e-09
2.35000000000000e+00 1.58962705564831e-09
2.40000000000000e+00 2.11399524770101e-09
2.45000000000000e+00 2.78181838696835e-09
2.50000000000000e+00 3.62851907388954e-09
2.55000000000000e+00 4.70044420488636e-09
2.60000000000000e+00 6.05918307834774e-09
2.65000000000000e+00 7.78706894978867e-09
2.70000000000000e+00 9.99381353444388e-09
2.75000000000000e+00 1.28240633614631e-08
2.80000000000000e+00 1.64654861435400e-08
2.85000000000000e+00 2.11568216280544e-08
2.90000000000000e+00 2.71952026580076e-08
2.95000000000000e+00 3.49420147120535e-08
3.00000000000000e+00 4.48266661150657e-08
3.05000000000000e+00 5.73479332200823e-08
3.10000000000000e+00 7.30730595389740e-08
3.15000000000000e+00 9.26355364582827e-08
3.20000000000000e+00 1.16733453597145e-07
3.25000000000000e+00 1.46131414028117e-07
3.30000000000000e+00 1.81670149947773e-07
3.35000000000000e+00 2.24288985795746e-07
3.40000000000000e+00 2.75066974883424e-07
3.45000000000000e+00 3.35288654107884e-07
3.50000000000000e+00 4.06539692314294e-07
3.55000000000000e+00 4.90836060595647e-07
3.60000000000000e+00 5.90787614815929e-07
3.65000000000000e+00 7.09793162703783e-07
3.70000000000000e+00 8.52259366941150e-07
3.75000000000000e+00 1.02383058834622e-06
3.80000000000000e+00 1.23161159251391e-06
3.85000000000000e+00 1.48436073034000e-06
3.90000000000000e+00 1.79262872727121e-06
3.95000000000000e+00 2.16881863953436e-06
4.00000000000000e+00 2.62714689722026e-06
4.05000000000000e+00 3.18349452205662e-06
4.10000000000000e+00 3.85515210402496e-06
4.15000000000000e+00 4.66048193603084e-06
4.20000000000000e+00 5.61854512244206e-06
4.25000000000000e+00 6.74876893062839e-06
4.30000000000000e+00 8.07075765695412e-06
4.35000000000000e+00 9.60437543830230e-06
4.40000000000000e+00 1.13702476015533e-05
4.45000000000000e+00 1.33908336671349e-05
4.50000000000000e+00 1.56922153138372e-05
4.55000000000000e+00 1.83067122886247e-05
4.60000000000000e+00 2.12763854194905e-05
4.65000000000000e+00 2.46574075139494e-05
4.70000000000000e+00 2.85251816338454e-05
4.75000000000000e+00 3.29799669873055e-05
4.80000000000000e+00 3.81526442031427e-05
4.85000000000000e+00 4.42101266943733e-05
4.90000000000000e+00 5.13598194566724e-05
4.95000000000000e+00 5.98524601269932e-05
5.00000000000000e+00 6.99826701241022e-05
5.05000000000000e+00 8.20866165243032e-05
5.10000000000000e+00 9.65363555523148e-05
5.15000000000000e+00 1.13730708202510e-04
5.20000000000000e+00 1.34082911043551e-04
5.25000000000000e+00 1.58005782781167e-04
5.30000000000000e+00 1.85895727856729e-04
5.35000000000000e+00 2.18117524876780e-04
5.40000000000000e+00 2.54992466580211e-04
5.45000000000000e+00 2.96792960944677e-04
5.50000000000000e+00 3.43747089434003e-04
5.55000000000000e+00 3.96056760716092e-04
5.60000000000000e+00 4.53932908798042e-04
5.65000000000000e+00 5.17650584671075e-04
5.70000000000000e+00 5.87625720769495e-04
5.75000000000000e+00 6.64513778912759e-04
5.80000000000000e+00 7.49328437737067e-04
5.85000000000000e+00 8.43575999485557e-04
5.90000000000000e+00 9.49398422264955e-04
5.95000000000000e+00 1.06971499944949e-03
6.00000000000000e+00 1.20834996165482e-03
6.05000000000000e+00 1.37013097198507e-03
6.10000000000000e+00 1.56094196573458e-03
6.15000000000000e+00 1.78771341392399e-03
6.20000000000000e+00 2.05833421902015e-03
6.25000000000000e+00 2.38147239026961e-03
6.30000000000000e+00 2.76629662248485e-03
6.35000000000000e+00 3.22209802086462e-03
6.40000000000000e+00 3.75782041970968e-03
6.45000000000000e+00 4.38151878473040e-03
6.50000000000000e+00 5.09977759873191e-03
6.55000000000000e+00 5.91713421132996e-03
6.60000000000000e+00 6.83556496454058e-03
6.65000000000000e+00 7.85410337035577e-03
6.70000000000000e+00 8.96866844792582e-03
6.75000000000000e+00 1.01721861827590e-02
6.80000000000000e+00 1.14550866178617e-02
6.85000000000000e+00 1.28062521188492e-02
6.90000000000000e+00 1.42144779071853e-02
6.95000000000000e+00 1.56704834325029e-02
7.00000000000000e+00 1.71694824512114e-02
7.05000000000000e+00 1.87142812849074e-02
7.10000000000000e+00 2.03188298140494e-02
7.15000000000000e+00 2.20121002021586e-02
7.20000000000000e+00 2.38421167365457e-02
7.25000000000000e+00 2.58799097560922e-02
7.30000000000000e+00 2.82231211864280e-02
7.35000000000000e+00 3.09989528359128e-02
7.40000000000000e+00 3.43661255473970e-02
7.45000000000000e+00 3.85155115956820e-02
7.50000000000000e+00 4.36691179116159e-02
7.55000000000000e+00 5.00771365038432e-02
7.60000000000000e+00 5.80128423718344e-02
7.65000000000000e+00 6.77652083258705e-02
7.70000000000000e+00 7.96292188151507e-02
7.75000000000000e+00 9.38939976253693e-02
7.80000000000000e+00 1.10829011761103e-01
7.85000000000000e+00 1.30668768793446e-01
7.90000000000000e+00 1.53596578675605e-01
7.95000000000000e+00 1.79728093558819e-01
8.00000000000000e+00 2.09095459842907e-01
8.05000000000000e+00 2.41633004878755e-01
8.10000000000000e+00 2.77165426373102e-01
8.15000000000000e+00 3.15399447022913e-01
8.20000000000000e+00 3.55919833809170e-01
8.25000000000000e+00 3.98190557187028e-01
8.30000000000000e+00 4.41561680091163e-01
8.35000000000000e+00 4.85282324122168e-01
8.40000000000000e+00 5.28519768509816e-01
8.45000000000000e+00 5.70384408558081e-01
8.50000000000000e+00 6.09959950104809e-01
8.55000000000000e+00 6.46337864031415e-01
8.60000000000000e+00 6.78654791199251e-01
8.65000000000000e+00 7.06131295585310e-01
8.70000000000000e+00 7.28110133760881e-01
8.75000000000000e+00 7.44092062359637e-01
8.80000000000000e+00 7.53767158714697e-01
8.85000000000000e+00 7.57039695625014e-01
8.90000000000000e+00 7.54044795532504e-01
8.95000000000000e+00 7.45155391659586e-01
9.00000000000000e+00 7.30978435806469e-01
9.05000000000000e+00 7.12339798865133e-01
9.10000000000000e+00 6.90257887754225e-01
9.15000000000000e+00 6.65906622136521e-01
9.20000000000000e+00 6.40569041690665e-01
9.25000000000000e+00 6.15583412469997e-01
9.30000000000000e+00 5.92284230638825e-01
9.35000000000000e+00 5.71940946750462e-01
9.40000000000000e+00 5.55697520831366e-01
9.45000000000000e+00 5.44516041395397e-01
9.50000000000000e+00 5.39127582269392e-01
9.55000000000000e+00 5.39993222265617e-01
9.60000000000000e+00 5.47277718329947e-01
9.65000000000000e+00 5.60837718896005e-01
9.70000000000000e+00 5.80225658585429e-01
9.75000000000000e+00 6.04709626540282e-01
9.80000000000000e+00 6.33308595716124e-01
9.85000000000000e+00 6.64841492699785e-01
9.90000000000000e+00 6.97987733306124e-01
9.95000000000000e+00 7.31356104027747e-01
1.00000000000000e+01 7.63558284732526e-01
1.00500000000000e+01 7.93282927268970e-01
1.01000000000000e+01 8.19366060082271e-01
1.01500000000000e+01 8.40853698900281e-01
1.02000000000000e+01 8.57052910582586e-01
1.02500000000000e+01 8.67568187241173e-01
1.03000000000000e+01 8.72320810191691e-01
1.03500000000000e+01 8.71549872533961e-01
1.04000000000000e+01 8.65794726891077e-01
1.04500000000000e+01 8.55859763536772e-01
1.05000000000000e+01 8.42763531275308e-01
1.05500000000000e+01 8.27675216189920e-01
1.06000000000000e+01 8.11842323585467e-01
1.06500000000000e+01 7.96514007426484e-01
1.07000000000000e+01 7.82864814419011e-01
1.07500000000000e+01 7.71923629033496e-01
1.08000000000000e+01 7.64512313410378e-01
1.08500000000000e+01 7.61197945323550e-01
1.09000000000000e+01 7.62261701900847e-01
1.09500000000000e+01 7.67686369166205e-01
1.10000000000000e+01 7.77163245936252e-01
1.10500000000000e+01 7.90117934795054e-01
1.11000000000000e+01 8.05753258482364e-01
1.11500000000000e+01 8.23106392973134e-01
1.12000000000000e+01 8.41116348881448e-01
1.12500000000000e+01 8.58697229062090e-01
1.13000000000000e+01 8.74812294169629e-01
1.13500000000000e+01 8.88543810498925e-01
1.14000000000000e+01 8.99153943346464e-01
1.14500000000000e+01 9.06132577721595e-01
1.15000000000000e+01 9.09228856217101e-01
1.15500000000000e+01 9.08464359809201e-01
1.16000000000000e+01 9.04127142828785e-01
1.16500000000000e+01 8.96747178197566e-01
1.17000000000000e+01 8.87055077817184e-01
1.17500000000000e+01 8.75927131855295e-01
1.18000000000000e+01 8.64320674137811e-01
1.18500000000000e+01 8.53204458276019e-01
1.19000000000000e+01 8.43489070053226e-01
1.19500000000000e+01 8.35962379635478e-01
1.20000000000000e+01 8.31234652401148e-01
1.20500000000000e+01 8.29697216328541e-01
1.21000000000000e+01 8.31497578647402e-01
1.21500000000000e+01 8.36532667953005e-01
1.22000000000000e+01 8.44460539453259e-01
1.22500000000000e+01 8.54729519342706e-01
1.23000000000000e+01 8.66622480627869e-01
1.23500000000000e+01 8.79312832908787e-01
1.24000000000000e+01 8.91927955902434e-01
1.24500000000000e+01 9.03615275136046e-01
1.25000000000000e+01 9.13606008496044e-01
1.25500000000000e+01 9.21271817208998e-01
1.26000000000000e+01 9.26170158963899e-01
1.26500000000000e+01 9.28075021460514e-01
1.27000000000000e+01 9.26990844600011e-01
1.27500000000000e+01 9.23148732469630e-01
1.28000000000000e+01 9.16985413149784e-01
1.28500000000000e+01 9.09106721005208e-01
1.29000000000000e+01 9.00238551249217e-01
1.29500000000000e+01 8.91169179723104e-01
1.30000000000000e+01 8.82687479416755e-01
1.30500000000000e+01 8.75521850278253e-01
1.31000000000000e+01 8.70284588835622e-01
1.31500000000000e+01 8.67425966878292e-01
1.32000000000000e+01 8.67201500465284e-01
1.32500000000000e+01 8.69654834338181e-01
1.33000000000000e+01 8.74617426000218e-01
1.33500000000000e+01 8.81724886383126e-01
1.34000000000000e+01 8.90448525047999e-01
1.34500000000000e+01 9.00139460613504e-01
1.35000000000000e+01 9.10081685181478e-01
1.35500000000000e+01 9.19549791322337e-01
1.36000000000000e+01 9.27866734739332e-01
1.36500000000000e+01 9.34457040500126e-01
1.37000000000000e+01 9.38891261499790e-01
1.37500000000000e+01 9.40918231065429e-01
1.38000000000000e+01 9.40482657159204e-01
1.38500000000000e+01 9.37726801531088e-01
1.39000000000000e+01 9.32976276306021e-01
1.39500000000000e+01 9.26711268462614e-01
1.40000000000000e+01 9.19525666252275e-01
1.40500000000000e+01 9.12077517163871e-01
1.41000000000000e+01 9.05034918083932e-01
1.41500000000000e+01 8.99021771756322e-01
1.42000000000000e+01 8.94567814131025e-01
1.42500000000000e+01 8.92066929071291e-01
1.43000000000000e+01 8.91747053858340e-01
1.43500000000000e+01 8.93654001204427e-01
1.44000000000000e+01 8.97650362780320e-01
1.44500000000000e+01 9.03429412034423e-01
1.45000000000000e+01 9.10542693514681e-01
1.45500000000000e+01 9.18438873371730e-01
1.46000000000000e+01 9.26510522383385e-01
1.46500000000000e+01 9.34144882108014e-01
1.47000000000000e+01 9.40774376256396e-01
1.47500000000000e+01 9.45922694811130e-01
1.48000000000000e+01 9.49242689967810e-01
1.48500000000000e+01 9.50543043924882e-01
1.49000000000000e+01 9.49801636531956e-01
1.49500000000000e+01 9.47164673079001e-01
1.50000000000000e+01 9.42931832988787e-01
1.50500000000000e+01 9.37528867569415e-01
1.51000000000000e+01 9.31470111345744e-01
1.51500000000000e+01 9.25314190472886e-01
1.52000000000000e+01 9.19616745855985e-01
1.52500000000000e+01 9.14884194874241e-01
1.53000000000000e+01 9.11532419101129e-01
1.53500000000000e+01 9.09853800401091e-01
1.54000000000000e+01 9.09995276411806e-01
1.54500000000000e+01 9.11949114997945e-01
1.55000000000000e+01 9.15557000491231e-01
1.55500000000000e+01 9.20526878187502e-01
1.56000000000000e+01 9.26460916244926e-01
1.56500000000000e+01 9.32892008749017e-01
1.57000000000000e+01 9.39325539582714e-01
1.57500000000000e+01 9.45282712768060e-01
1.58000000000000e+01 9.50341664639598e-01
1.58500000000000e+01 9.54172811896035e-01
1.59000000000000e+01 9.56565434057513e-01
1.59500000000000e+01 9.57443289535912e-01
1.60000000000000e+01 9.56868049825845e-01
1.60500000000000e+01 9.55030418993545e-01
1.61000000000000e+01 9.52229890415266e-01
1.61500000000000e+01 9.48845084656234e-01
1.62000000000000e+01 9.45297425158302e-01
1.62500000000000e+01 9.42011471821271e-01
1.63000000000000e+01 9.39375498637666e-01
1.63500000000000e+01 9.37705848636505e-01
1.64000000000000e+01 9.37218234024422e-01
1.64500000000000e+01 9.38008505585092e-01
1.65000000000000e+01 9.40044551518536e-01
1.65500000000000e+01 9.43169979562491e-01
1.66000000000000e+01 9.47119177312752e-01
1.66500000000000e+01 9.51542328333442e-01
1.67000000000000e+01 9.56038076080852e-01
1.67500000000000e+01 9.60190852023139e-01
1.68000000000000e+01 9.63609477905763e-01
1.68500000000000e+01 9.65963550079875e-01
1.69000000000000e+01 9.67014324210336e-01
1.69500000000000e+01 9.66637321734836e-01
1.70000000000000e+01 9.64834629387118e-01
1.70500000000000e+01 9.61735792290392e-01
1.71000000000000e+01 9.57587226133764e-01
1.71500000000000e+01 9.52731102986544e-01
1.72000000000000e+01 9.47575606459568e-01
1.72500000000000e+01 9.42559221320010e-01
1.73000000000000e+01 9.38112251961971e-01
1.73500000000000e+01 9.34619006584806e-01
1.74000000000000e+01 9.32384018530512e-01
1.74500000000000e+01 9.31605309549563e-01
1.75000000000000e+01 9.32357065310594e-01
1.75500000000000e+01 9.34583248645907e-01
1.76000000000000e+01 9.38102696947814e-01
1.76500000000000e+01 9.42625224774829e-01
1.77000000000000e+01 9.47777273017016e-01
1.77500000000000e+01 9.53134799528291e-01
1.78000000000000e+01 9.58260468420768e-01
1.78500000000000e+01 9.62741822777488e-01
1.79000000000000e+01 9.66227050959143e-01
1.79500000000000e+01 9.68455185699034e-01
1.80000000000000e+01 9.69278086235890e-01
1.80500000000000e+01 9.68672299960417e-01
1.81000000000000e+01 9.66739813558427e-01
1.81500000000000e+01 9.63697701676693e-01
1.82000000000000e+01 9.59857673620258e-01
1.82500000000000e+01 9.55597416215432e-01
1.83000000000000e+01 9.51326353312606e-01
1.83500000000000e+01 9.47448925145513e-01
1.84000000000000e+01 9.44328691489627e-01
1.84500000000000e+01 9.42256464524507e-01
1.85000000000000e+01 9.41425290868745e-01
1.85500000000000e+01 9.41914463876440e-01
1.86000000000000e+01 9.43683916110638e-01
1.86500000000000e+01 9.46579394335158e-01
1.87000000000000e+01 9.50347842018955e-01
1.87500000000000e+01 9.54661496162009e-01
1.88000000000000e+01 9.59148429354430e-01
1.88500000000000e+01 9.63426704121905e-01
1.89000000000000e+01 9.67139004842230e-01
1.89500000000000e+01 9.69984598689067e-01
1.90000000000000e+01 9.71745750544001e-01
1.90500000000000e+01 9.72306250677193e-01
1.91000000000000e+01 9.71660457556734e-01
1.91500000000000e+01 9.69912141753522e-01
1.92000000000000e+01 9.67263358417447e-01
1.92500000000000e+01 9.63994488196459e-01
1.93000000000000e+01 9.60437385917335e-01
1.93500000000000e+01 9.56944189919739e-01
1.94000000000000e+01 9.53854717318626e-01
1.94500000000000e+01 9.51465469006781e-01
1.95000000000000e+01 9.50003085831534e-01
1.95500000000000e+01 9.49604653153567e-01
1.96000000000000e+01 9.50306588233455e-01
1.96500000000000e+01 9.52043027009260e-01
1.97000000000000e+01 9.54653731340328e-01
1.97500000000000e+01 9.57900649003647e-01
1.98000000000000e+01 9.61491459813363e-01
1.98500000000000e+01 9.65107806438193e-01
1.99000000000000e+01 9.68435496197714e-01
1.99500000000000e+01 9.71193807416156e-01
