5.00000000000000e-02 1.46869902460781e-15
1.00000000000000e-01 4.02988209384057e-16
1.50000000000000e-01 9.00830014531554e-17
2.00000000000000e-01 1.54850382362826e-17
2.50000000000000e-01 1.87071452007567e-18
3.00000000000000e-01 1.36524744737171e-19
3.50000000000000e-01 4.52996475391064e-21
4.00000000000000e-01 3.60827469445804e-23
4.50000000000000e-01 8.99157760827350e-27
5.00000000000000e-01 1.19466450803306e-30
5.50000000000000e-01 8.99192597306669e-27
6.00000000000000e-01 3.60827469445804e-23
6.50000000000000e-01 4.52996475391064e-21
7.00000000000000e-01 1.36524757250370e-19
7.50000000000000e-01 1.87071452007567e-18
8.00000000000000e-01 1.54850381969431e-17
8.50000000000000e-01 9.00830014531554e-17
9.00000000000000e-01 4.02988209384057e-16
9.50000000000000e-01 1.46869902433852e-15
1.00000000000000e+00 4.53452283317901e-15
1.05000000000000e+00 1.21909009000923e-14
1.10000000000000e+00 2.91151153767097e-14
1.15000000000000e+00 6.26968966675437e-14
1.20000000000000e+00 1.23139086097717e-13
1.25000000000000e+00 2.22649753958424e-13
1.30000000000000e+00 3.73786814393329e-13
1.35000000000000e+00 5.88146222424212e-13
1.40000000000000e+00 8.78572550446939e-13
1.45000000000000e+00 1.27084149749311e-12
1.50000000000000e+00 1.83383624766390e-12
1.55000000000000e+00 2.73962068924171e-12
1.60000000000000e+00 4.36502195424351e-12
1.65000000000000e+00 7.44262406672028e-12
1.70000000000000e+00 1.32598795699486e-11
1.75000000000000e+00 2.38896531856868e-11
1.80000000000000e+00 4.24148434631450e-11
1.85000000000000e+00 7.30870721156362e-11
1.90000000000000e+00 1.21340863602181e-10
1.95000000000000e+00 1.93578973609132e-10
2.00000000000000e+00 2.96661935897792e-10
2.05000000000000e+00 4.37085564397870e-10
2.10000000000000e+00 6.19920992588130e-10
2.15000000000000e+00 8.47723114425870e-10
2.20000000000000e+00 1.11977505073046e-09
2.25000000000000e+00 1.43220553929180e-09
2.30000000000000e+00 1.77965596547027e-09
2.35000000000000e+00 2.15923490256434e-09
2.40000000000000e+00 2.57742443147317e-09
2.45000000000000e+00 3.06034047423745e-09
2.50000000000000e+00 3.66726048421045e-09
2.55000000000000e+00 4.50660812646395e-09
2.60000000000000e+00 5.75266391203545e-09
2.65000000000000e+00 7.66024928568857e-09
2.70000000000000e+00 1.05736699265844e-08
2.75000000000000e+00 1.49255227919652e-08
2.80000000000000e+00 2.12208345504676e-08
2.85000000000000e+00 3.00026812823220e-08
2.90000000000000e+00 4.17971798566374e-08
2.95000000000000e+00 5.70386860353570e-08
3.00000000000000e+00 7.59801727158153e-08
3.05000000000000e+00 9.85988686207308e-08
3.10000000000000e+00 1.24512830295358e-07
3.15000000000000e+00 1.52929443470831e-07
3.20000000000000e+00 1.82650902529435e-07
3.25000000000000e+00 2.12163327291461e-07
3.30000000000000e+00 2.39834131900740e-07
3.35000000000000e+00 2.64235487265159e-07
3.40000000000000e+00 2.84599499457127e-07
3.45000000000000e+00 3.01392936437636e-07
3.50000000000000e+00 3.16976660883699e-07
3.55000000000000e+00 3.36289033389849e-07
3.60000000000000e+00 3.67466156329370e-07
3.65000000000000e+00 4.22288646469760e-07
3.70000000000000e+00 5.16329136848378e-07
3.75000000000000e+00 6.68671766260841e-07
3.80000000000000e+00 9.01089159701183e-07
3.85000000000000e+00 1.23659754846630e-06
3.90000000000000e+00 1.69736870783309e-06
3.95000000000000e+00 2.30205776177780e-06
4.00000000000000e+00 3.06270487424011e-06
4.05000000000000e+00 3.98147903274938e-06
4.10000000000000e+00 5.04764244269287e-06
4.15000000000000e+00 6.23521009536534e-06
4.20000000000000e+00 7.50184410294300e-06
4.25000000000000e+00 8.78953882348550e-06
4.30000000000000e+00 1.00276042366887e-05
4.35000000000000e+00 1.11383286936216e-05
4.40000000000000e+00 1.20454914722598e-05
4.45000000000000e+00 1.26856026361635e-05
4.50000000000000e+00 1.30213853588284e-05
4.55000000000000e+00 1.30566089471595e-05
4.60000000000000e+00 1.28509661180641e-05
4.65000000000000e+00 1.25333131605148e-05
4.70000000000000e+00 1.23113116240699e-05
4.75000000000000e+00 1.24753833004923e-05
4.80000000000000e+00 1.33949715765808e-05
4.85000000000000e+00 1.55054364550780e-05
4.90000000000000e+00 1.92845243114456e-05
4.95000000000000e+00 2.52182479082911e-05
5.00000000000000e+00 3.37571567246104e-05
5.05000000000000e+00 4.52653059308539e-05
5.10000000000000e+00 5.99656414150132e-05
5.15000000000000e+00 7.78868716999591e-05
5.20000000000000e+00 9.88180329891129e-05
5.25000000000000e+00 1.22277694689058e-04
5.30000000000000e+00 1.47504925781817e-04
5.35000000000000e+00 1.73478595565918e-04
5.40000000000000e+00 1.98970207139262e-04
5.45000000000000e+00 2.22633214725179e-04
5.50000000000000e+00 2.43128696003017e-04
5.55000000000000e+00 2.59283474432204e-04
5.60000000000000e+00 2.70272553752958e-04
5.65000000000000e+00 2.75813376689778e-04
5.70000000000000e+00 2.76355376656035e-04
5.75000000000000e+00 2.73245037683440e-04
5.80000000000000e+00 2.68844717100880e-04
5.85000000000000e+00 2.66583293789692e-04
5.90000000000000e+00 2.70918677018344e-04
5.95000000000000e+00 2.87196604120831e-04
6.00000000000000e+00 3.21397035886896e-04
6.05000000000000e+00 3.79768657576111e-04
6.10000000000000e+00 4.68363077944894e-04
6.15000000000000e+00 5.92492583467691e-04
6.20000000000000e+00 7.56147790363306e-04
6.25000000000000e+00 9.61423074814866e-04
6.30000000000000e+00 1.20800694986793e-03
6.35000000000000e+00 1.49280026168400e-03
6.40000000000000e+00 1.80972595467512e-03
6.45000000000000e+00 2.14978918805222e-03
6.50000000000000e+00 2.50143512440611e-03
6.55000000000000e+00 2.85123359630595e-03
6.60000000000000e+00 3.18489552827747e-03
6.65000000000000e+00 3.48859654888258e-03
6.70000000000000e+00 3.75055044582858e-03
6.75000000000000e+00 3.96274139880929e-03
6.80000000000000e+00 4.12269218745152e-03
6.85000000000000e+00 4.23511906770285e-03
6.90000000000000e+00 4.31330608683241e-03
6.95000000000000e+00 4.38002542005381e-03
7.00000000000000e+00 4.46783850665409e-03
7.05000000000000e+00 4.61863715607804e-03
7.10000000000000e+00 4.88232507223478e-03
7.15000000000000e+00 5.31459772315714e-03
7.20000000000000e+00 5.97384994714219e-03
7.25000000000000e+00 6.91732233859975e-03
7.30000000000000e+00 8.19668400039793e-03
7.35000000000000e+00 9.85333411262778e-03
7.40000000000000e+00 1.19137804711924e-02
7.45000000000000e+00 1.43855118067783e-02
7.50000000000000e+00 1.72538146184158e-02
7.55000000000000e+00 2.04799876349577e-02
7.60000000000000e+00 2.40013726154683e-02
7.65000000000000e+00 2.77335460154657e-02
7.70000000000000e+00 3.15749018832273e-02
7.75000000000000e+00 3.54137052254233e-02
7.80000000000000e+00 3.91375134233215e-02
7.85000000000000e+00 4.26446608763622e-02
7.90000000000000e+00 4.58572917062132e-02
7.95000000000000e+00 4.87352222734610e-02
8.00000000000000e+00 5.12897361393625e-02
8.05000000000000e+00 5.35962760115122e-02
8.10000000000000e+00 5.58049162789532e-02
8.15000000000000e+00 5.81474897939155e-02
8.20000000000000e+00 6.09403137509761e-02
8.25000000000000e+00 6.45816171132528e-02
8.30000000000000e+00 6.95430154270260e-02
8.35000000000000e+00 7.63547009313653e-02
8.40000000000000e+00 8.55844027861100e-02
8.45000000000000e+00 9.78106037895993e-02
8.50000000000000e+00 1.13590950348060e-01
8.55000000000000e+00 1.33427231678422e-01
8.60000000000000e+00 1.57728699843599e-01
8.65000000000000e+00 1.86775821552942e-01
8.70000000000000e+00 2.20686765182926e-01
8.75000000000000e+00 2.59389006278862e-01
8.80000000000000e+00 3.02598362957482e-01
8.85000000000000e+00 3.49807539232649e-01
8.90000000000000e+00 4.00285859993570e-01
8.95000000000000e+00 4.53091338308942e-01
9.00000000000000e+00 5.07095547633318e-01
9.05000000000000e+00 5.61021012934418e-01
9.10000000000000e+00 6.13490029584041e-01
9.15000000000000e+00 6.63083017751783e-01
9.20000000000000e+00 7.08403777445085e-01
9.25000000000000e+00 7.48148379809159e-01
9.30000000000000e+00 7.81173964618375e-01
9.35000000000000e+00 8.06563455157038e-01
9.40000000000000e+00 8.23682181700025e-01
9.45000000000000e+00 8.32222641014847e-01
9.50000000000000e+00 8.32234112622960e-01
9.55000000000000e+00 8.24134586203137e-01
9.60000000000000e+00 8.08703394114130e-01
9.65000000000000e+00 7.87054037940605e-01
9.70000000000000e+00 7.60587884000049e-01
9.75000000000000e+00 7.30930605826996e-01
9.80000000000000e+00 6.99854392575302e-01
9.85000000000000e+00 6.69189942043985e-01
9.90000000000000e+00 6.40733042426678e-01
9.95000000000000e+00 6.16151055961897e-01
1.00000000000000e+01 5.96894804662627e-01
1.00500000000000e+01 5.84121197648296e-01
1.01000000000000e+01 5.78631428596669e-01
1.01500000000000e+01 5.80828731844780e-01
1.02000000000000e+01 5.90698561599906e-01
1.02500000000000e+01 6.07812716758029e-01
1.03000000000000e+01 6.31357457540496e-01
1.03500000000000e+01 6.60184145199342e-01
1.04000000000000e+01 6.92879483747875e-01
1.04500000000000e+01 7.27851153041406e-01
1.05000000000000e+01 7.63423587036780e-01
1.05500000000000e+01 7.97937945852406e-01
1.06000000000000e+01 8.29850010275640e-01
1.06500000000000e+01 8.57819821830977e-01
1.07000000000000e+01 8.80787401141223e-01
1.07500000000000e+01 8.98029773543459e-01
1.08000000000000e+01 9.09195757347100e-01
1.08500000000000e+01 9.14316445920167e-01
1.09000000000000e+01 9.13790940080599e-01
1.09500000000000e+01 9.08348549994090e-01
1.10000000000000e+01 8.98990269636428e-01
1.10500000000000e+01 8.86913719732563e-01
1.11000000000000e+01 8.73426857237902e-01
1.11500000000000e+01 8.59856481109946e-01
1.12000000000000e+01 8.47457871627055e-01
1.12500000000000e+01 8.37331760496978e-01
1.13000000000000e+01 8.30354250545346e-01
1.13500000000000e+01 8.27124328072573e-01
1.14000000000000e+01 8.27932308559965e-01
1.14500000000000e+01 8.32751022188165e-01
1.15000000000000e+01 8.41249891949472e-01
1.15500000000000e+01 8.52830405485788e-01
1.16000000000000e+01 8.66679953731402e-01
1.16500000000000e+01 8.81839717453253e-01
1.17000000000000e+01 8.97281321682998e-01
1.17500000000000e+01 9.11986417740875e-01
1.18000000000000e+01 9.25023232671608e-01
1.18500000000000e+01 9.35614452657598e-01
1.19000000000000e+01 9.43191552619401e-01
1.19500000000000e+01 9.47431789189032e-01
1.20000000000000e+01 9.48275451706554e-01
1.20500000000000e+01 9.45922508440648e-01
1.21000000000000e+01 9.40809373237213e-01
1.21500000000000e+01 9.33568028706713e-01
1.22000000000000e+01 9.24971059959806e-01
1.22500000000000e+01 9.15867177566486e-01
1.23000000000000e+01 9.07112463123262e-01
1.23500000000000e+01 8.99502808307542e-01
1.24000000000000e+01 8.93712824409778e-01
1.24500000000000e+01 8.90245893978633e-01
1.25000000000000e+01 8.89399071672446e-01
1.25500000000000e+01 8.91245298022234e-01
1.26000000000000e+01 8.95633969437039e-01
1.26500000000000e+01 9.02209425546258e-01
1.27000000000000e+01 9.10445489964709e-01
1.27500000000000e+01 9.19692946244504e-01
1.28000000000000e+01 9.29235845865557e-01
1.28500000000000e+01 9.38351905715252e-01
1.29000000000000e+01 9.46372006081401e-01
1.29500000000000e+01 9.52733961895644e-01
1.30000000000000e+01 9.57026291669758e-01
1.30500000000000e+01 9.59018600522253e-01
1.31000000000000e+01 9.58676348854275e-01
1.31500000000000e+01 9.56159098775593e-01
1.32000000000000e+01 9.51802705883889e-01
1.32500000000000e+01 9.46087240638145e-01
1.33000000000000e+01 9.39593573522534e-01
1.33500000000000e+01 9.32952448527560e-01
1.34000000000000e+01 9.26790429687155e-01
1.34500000000000e+01 9.21677293128271e-01
1.35000000000000e+01 9.18079241343422e-01
1.35500000000000e+01 9.16321758272548e-01
1.36000000000000e+01 9.16565054385860e-01
1.36500000000000e+01 9.18793946890211e-01
1.37000000000000e+01 9.22822776883124e-01
1.37500000000000e+01 9.28314688869294e-01
1.38000000000000e+01 9.34813396308739e-01
1.38500000000000e+01 9.41784530123991e-01
1.39000000000000e+01 9.48662899864454e-01
1.39500000000000e+01 9.54901551190400e-01
1.40000000000000e+01 9.60018412339762e-01
1.40500000000000e+01 9.63636589670737e-01
1.41000000000000e+01 9.65514971169744e-01
1.41500000000000e+01 9.65566672043330e-01
1.42000000000000e+01 9.63863930307143e-01
1.42500000000000e+01 9.60629238697205e-01
1.43000000000000e+01 9.56213680401671e-01
1.43500000000000e+01 9.51064519058316e-01
1.44000000000000e+01 9.45684986699679e-01
1.44500000000000e+01 9.40589842616262e-01
1.45000000000000e+01 9.36260590655060e-01
1.45500000000000e+01 9.33104219057237e-01
1.46000000000000e+01 9.31418971641912e-01
1.46500000000000e+01 9.31370006518762e-01
1.47000000000000e+01 9.32976908330096e-01
1.47500000000000e+01 9.36113971854569e-01
1.48000000000000e+01 9.40523060949431e-01
1.48500000000000e+01 9.45837764185924e-01
1.49000000000000e+01 9.51616610250729e-01
1.49500000000000e+01 9.57382353520319e-01
1.50000000000000e+01 9.62663855690494e-01
1.50500000000000e+01 9.67036911517517e-01
1.51000000000000e+01 9.70160507104869e-01
1.51500000000000e+01 9.71805441504872e-01
1.52000000000000e+01 9.71872944427306e-01
1.52500000000000e+01 9.70401820241573e-01
1.53000000000000e+01 9.67563660722294e-01
1.53500000000000e+01 9.63646706643238e-01
1.54000000000000e+01 9.59029910836113e-01
1.54500000000000e+01 9.54149579029500e-01
1.55000000000000e+01 9.49461570096678e-01
1.55500000000000e+01 9.45402374706941e-01
1.56000000000000e+01 9.42352435329510e-01
1.56500000000000e+01 9.40604821638308e-01
1.57000000000000e+01 9.40341859796238e-01
1.57500000000000e+01 9.41621581034002e-01
1.58000000000000e+01 9.44374971908288e-01
1.58500000000000e+01 9.48414055310457e-01
1.59000000000000e+01 9.53449892346262e-01
1.59500000000000e+01 9.59118752692222e-01
1.60000000000000e+01 9.65014027241837e-01
1.60500000000000e+01 9.70721008038048e-01
1.61000000000000e+01 9.75851472125130e-01
1.61500000000000e+01 9.80075089914990e-01
1.62000000000000e+01 9.83145022522058e-01
1.62500000000000e+01 9.84915641031154e-01
1.63000000000000e+01 9.85351039252483e-01
1.63500000000000e+01 9.84523851458697e-01
1.64000000000000e+01 9.82604751363025e-01
1.64500000000000e+01 9.79843820820165e-01
1.65000000000000e+01 9.76545665144515e-01
1.65500000000000e+01 9.73040657653593e-01
1.66000000000000e+01 9.69654977621452e-01
1.66500000000000e+01 9.66682142710936e-01
1.67000000000000e+01 9.64358530961543e-01
1.67500000000000e+01 9.62844962182956e-01
1.68000000000000e+01 9.62215807099009e-01
1.68500000000000e+01 9.62456372854632e-01
1.69000000000000e+01 9.63468543168563e-01
1.69500000000000e+01 9.65083901395414e-01
1.70000000000000e+01 9.67082902743152e-01
1.70500000000000e+01 9.69218146252530e-01
1.71000000000000e+01 9.71239471793589e-01
1.71500000000000e+01 9.72918497967334e-01
1.72000000000000e+01 9.74070328876248e-01
1.72500000000000e+01 9.74570476326539e-01
1.73000000000000e+01 9.74365535578940e-01
1.73500000000000e+01 9.73476768465782e-01
1.74000000000000e+01 9.71996428245045e-01
1.74500000000000e+01 9.70077341825256e-01
1.75000000000000e+01 9.67916883971043e-01
1.75500000000000e+01 9.65736978724155e-01
1.76000000000000e+01 9.63762101472322e-01
1.76500000000000e+01 9.62197402642737e-01
1.77000000000000e+01 9.61209020848108e-01
1.77500000000000e+01 9.60908408229181e-01
1.78000000000000e+01 9.61342080135875e-01
1.78500000000000e+01 9.62487666487837e-01
1.79000000000000e+01 9.64256535277102e-01
1.79500000000000e+01 9.66502637614729e-01
1.80000000000000e+01 9.69036646657911e-01
1.80500000000000e+01 9.71643982724054e-01
1.81000000000000e+01 9.74104976950635e-01
1.81500000000000e+01 9.76215255206955e-01
1.82000000000000e+01 9.77804435498287e-01
1.82500000000000e+01 9.78751421475905e-01
1.83000000000000e+01 9.78994920996719e-01
1.83500000000000e+01 9.78538286791365e-01
1.84000000000000e+01 9.77448320279888e-01
1.84500000000000e+01 9.75848247240454e-01
1.85000000000000e+01 9.73905611950486e-01
1.85500000000000e+01 9.71816294912530e-01
1.86000000000000e+01 9.69786197039446e-01
1.86500000000000e+01 9.68012320974525e-01
1.87000000000000e+01 9.66665003429597e-01
1.87500000000000e+01 9.65872912102442e-01
1.88000000000000e+01 9.65712133244686e-01
1.88500000000000e+01 9.66200271115995e-01
1.89000000000000e+01 9.67295998593800e-01
1.89500000000000e+01 9.68903985723385e-01
1.90000000000000e+01 9.70884638481922e-01
1.90500000000000e+01 9.73067649252877e-01
1.91000000000000e+01 9.75268032236797e-01
1.91500000000000e+01 9.77303119536247e-01
1.92000000000000e+01 9.79008942286087e-01
1.92500000000000e+01 9.80254517198252e-01
1.93000000000000e+01 9.80952789606358e-01
1.93500000000000e+01 9.81067324516872e-01
1.94000000000000e+01 9.80614252590165e-01
1.94500000000000e+01 9.79659427511047e-01
1.95000000000000e+01 9.78311191863582e-01
1.95500000000000e+01 9.76709539417965e-01
1.96000000000000e+01 9.75012767557616e-01
1.96500000000000e+01 9.73382908371631e-01
1.97000000000000e+01 9.71971295957187e-01
1.97500000000000e+01 9.70905568347258e-01
1.98000000000000e+01 9.70279225075723e-01
1.98500000000000e+01 9.70144586513805e-01
1.99000000000000e+01 9.70509658138448e-01
1.99500000000000e+01 9.71339026673769e-01
