w_real w_imag 
-1.61850065914024e+02 0.00000000000000e+00 
-1.40267374724916e+02 6.17229070912374e+01 
-1.40267374724916e+02 -6.17229070912374e+01 
-9.44650054604037e+01 9.26723778330936e+01 
-9.44650054604037e+01 -9.26723778330936e+01 
-5.38675614751404e+01 9.45966498795832e+01 
-5.38675614751404e+01 -9.45966498795832e+01 
-2.82492701405110e+01 8.46710699338286e+01 
-2.82492701405110e+01 -8.46710699338286e+01 
-1.40186644692290e+01 7.35175425273980e+01 
-1.40186644692290e+01 -7.35175425273980e+01 
-6.41797208410815e+00 6.41815702889064e+01 
-6.41797208410815e+00 -6.41815702889064e+01 
-2.54508028610494e+00 5.66095283229086e+01 
-2.54508028610494e+00 -5.66095283229086e+01 
-7.75270179006743e-01 5.00571996161769e+01 
-7.75270179006743e-01 -5.00571996161769e+01 
-1.44542661543301e-01 4.38700580139251e+01 
-1.44542661543301e-01 -4.38700580139251e+01 
-1.06071976319908e-02 3.76762789449650e+01 
-1.06071976319908e-02 -3.76762789449650e+01 
-1.43659072744384e-05 3.14146202031249e+01 
-1.43659072744384e-05 -3.14146202031249e+01 
-9.40322635103463e-05 2.51328089063974e+01 
-9.40322635103463e-05 -2.51328089063974e+01 
-1.43119521593960e-05 1.88495584028076e+01 
-1.43119521593960e-05 -1.88495584028076e+01 
1.16552895437366e-14 0.00000000000000e+00 
-8.96091534308141e-11 6.28318530704743e+00 
-8.96091534308141e-11 -6.28318530704743e+00 
-2.43945567302006e-07 1.25663705140024e+01 
-2.43945567302006e-07 -1.25663705140024e+01 
