w_real w_imag 
-8.48749663772262e+01 0.00000000000000e+00 
-7.86063209331862e+01 2.68269582729259e+01 
-7.86063209331862e+01 -2.68269582729259e+01 
-6.29469038765238e+01 4.65102404267314e+01 
-6.29469038765238e+01 -4.65102404267314e+01 
-4.43722064560218e+01 5.67218120100829e+01 
-4.43722064560218e+01 -5.67218120100829e+01 
-2.78353970755163e+01 5.96095868198317e+01 
-2.78353970755163e+01 -5.96095868198317e+01 
-1.52377274190642e+01 5.86375456655427e+01 
-1.52377274190642e+01 -5.86375456655427e+01 
-6.98089121423448e+00 5.62326717958126e+01 
-6.98089121423448e+00 -5.62326717958126e+01 
-2.45239775525086e+00 5.28607078656393e+01 
-2.45239775525086e+00 -5.28607078656393e+01 
-4.20694264528327e-01 4.86801303033827e+01 
-4.20694264528327e-01 -4.86801303033827e+01 
-1.86688196500562e-03 4.36289723009520e+01 
-1.86688196500562e-03 -4.36289723009520e+01 
-6.91536605685243e-02 3.76285729187372e+01 
-6.91536605685243e-02 -3.76285729187372e+01 
-1.96106985248181e-02 3.13809786178264e+01 
-1.96106985248181e-02 -3.13809786178264e+01 
-1.04882708648724e-04 2.51279293299590e+01 
-1.04882708648724e-04 -2.51279293299590e+01 
-6.26323701588216e-04 1.88498076503576e+01 
-6.26323701588216e-04 -1.88498076503576e+01 
-2.53022063381370e-15 0.00000000000000e+00 
-1.05657577820217e-06 6.28318409778684e+00 
-1.05657577820217e-06 -6.28318409778684e+00 
-1.29361596724387e-04 1.25663502952033e+01 
-1.29361596724387e-04 -1.25663502952033e+01 
