w_real w_imag 
-1.23423816712022e+02 0.00000000000000e+00 
-1.10492833496357e+02 4.32425817384310e+01 
-1.10492833496357e+02 -4.32425817384310e+01 
-8.09599174370339e+01 6.93934486492822e+01 
-8.09599174370339e+01 -6.93934486492822e+01 
-5.10689830063232e+01 7.67444513375766e+01 
-5.10689830063232e+01 -7.67444513375766e+01 
-2.90298388767641e+01 7.35991561810477e+01 
-2.90298388767641e+01 -7.35991561810477e+01 
-1.49817670517793e+01 6.72536936774308e+01 
-1.49817670517793e+01 -6.72536936774308e+01 
-6.78394775300798e+00 6.09208339287222e+01 
-6.78394775300798e+00 -6.09208339287222e+01 
-2.48521652502298e+00 5.51186223751378e+01 
-2.48521652502298e+00 -5.51186223751378e+01 
-5.83574696931516e-01 4.95413433035653e+01 
-5.83574696931516e-01 -4.95413433035653e+01 
-3.84908052647042e-02 4.37958220937389e+01 
-3.84908052647042e-02 -4.37958220937389e+01 
-3.63016045288056e-03 3.76886616162698e+01 
-3.63016045288056e-03 -3.76886616162698e+01 
-6.79467160998248e-03 3.14161685033271e+01 
-6.79467160998248e-03 -3.14161685033271e+01 
-1.31082586948375e-03 2.51320237432450e+01 
-1.31082586948375e-03 -2.51320237432450e+01 
-4.26102390385097e-05 1.88494673557522e+01 
-4.26102390385097e-05 -1.88494673557522e+01 
1.60002872665203e-15 0.00000000000000e+00 
-1.05136708228315e-08 6.28318531526932e+00 
-1.05136708228315e-08 -6.28318531526932e+00 
-7.10392666081194e-08 1.25663705476856e+01 
-7.10392666081194e-08 -1.25663705476856e+01 
